2340.425	2339.394	2334.236	2336.299	2325.984	2405.408	2413.660	2414.692	2341.457	2329.079	2364.149	2334.236	2350.740
2348.677	2344.551	2335.268	2342.488	2355.897	2405.408	2415.723	2415.723	2340.425	2355.897	2334.236	2348.677	2340.425
2358.992	2354.866	2350.740	2352.803	2344.551	2417.786	2430.164	2421.912	2366.212	2342.488	2367.244	2358.992	2353.834
2349.119	2346.025	2345.730	2347.056	2344.698	2411.745	2421.175	2420.586	2352.508	2343.520	2351.182	2348.677	2346.909
2347.498	2346.172	2346.467	2346.909	2346.909	2412.334	2420.144	2423.533	2350.593	2344.698	2348.088	2352.214	2345.583
2347.793	2345.877	2349.709	2347.056	2346.614	2416.902	2422.649	2425.743	2354.276	2343.520	2351.919	2351.771	2346.614
2345.288	2346.467	2350.151	2345.877	2347.646	2414.250	2420.438	2426.922	2352.656	2344.256	2349.266	2352.066	2346.172
2344.109	2343.962	2348.677	2343.520	2346.319	2416.165	2422.501	2427.659	2353.540	2345.141	2350.151	2348.972	2346.909
2345.730	2348.677	2351.624	2344.109	2349.119	2417.933	2424.859	2433.553	2354.424	2348.530	2351.182	2352.214	2350.740
2344.993	2347.498	2351.182	2342.636	2349.414	2419.849	2431.048	2436.795	2355.897	2347.793	2353.098	2350.887	2351.477
2346.025	2347.203	2350.445	2343.814	2349.856	2421.617	2432.816	2442.100	2353.245	2347.203	2353.540	2351.477	2351.919
2349.414	2348.972	2351.771	2347.498	2351.035	2425.154	2438.563	2446.373	2358.402	2352.214	2355.455	2351.035	2352.950
2350.445	2351.329	2350.740	2349.414	2350.887	2426.185	2442.100	2451.383	2358.255	2351.624	2355.161	2353.687	2356.487
2351.329	2348.824	2347.498	2348.677	2351.477	2431.195	2446.668	2454.772	2358.402	2352.950	2354.866	2351.919	2354.571
2353.982	2352.656	2348.530	2351.771	2351.771	2433.995	2448.878	2459.929	2360.318	2352.950	2356.339	2355.013	2356.929
2355.455	2351.329	2347.351	2354.129	2351.771	2437.826	2453.298	2463.319	2360.613	2353.392	2355.013	2354.276	2355.750
2357.813	2354.129	2350.151	2356.192	2352.066	2440.921	2453.446	2466.413	2362.528	2354.129	2355.897	2357.224	2356.487
2357.371	2355.161	2350.887	2355.750	2350.003	2444.310	2456.540	2466.413	2361.055	2354.866	2354.719	2358.255	2354.424
2355.897	2355.455	2351.329	2355.013	2350.887	2447.110	2458.456	2470.244	2360.613	2352.508	2356.487	2358.550	2354.719
2356.782	2354.276	2351.329	2353.392	2350.593	2447.552	2459.340	2468.771	2358.108	2353.245	2354.866	2357.960	2351.624
2355.897	2356.045	2354.424	2354.866	2350.593	2448.730	2461.256	2471.570	2358.402	2352.214	2355.455	2360.318	2354.276
2354.424	2353.687	2353.687	2350.740	2350.445	2449.762	2461.698	2468.771	2356.192	2350.887	2353.982	2356.782	2351.624
2349.709	2352.508	2352.361	2348.972	2348.824	2448.141	2462.582	2468.476	2355.013	2348.235	2353.098	2354.424	2349.414
2349.856	2350.445	2351.919	2347.056	2348.972	2449.615	2466.266	2470.686	2355.013	2348.677	2351.771	2352.066	2349.414
2349.561	2351.477	2354.866	2348.824	2351.771	2450.204	2467.297	2474.517	2357.224	2349.709	2353.540	2349.709	2350.887
2351.771	2351.771	2353.392	2348.382	2352.066	2449.615	2471.865	2474.812	2356.929	2347.940	2352.361	2351.477	2352.950
2351.771	2351.035	2356.782	2349.119	2353.392	2453.151	2474.517	2482.032	2359.434	2350.740	2354.719	2350.151	2353.982
2353.540	2352.361	2353.982	2348.972	2352.656	2453.446	2474.812	2482.769	2359.876	2348.088	2355.161	2348.824	2352.950
2349.709	2350.593	2351.919	2351.771	2352.361	2452.414	2473.486	2484.095	2359.434	2349.561	2354.866	2350.445	2354.571
2351.624	2349.856	2349.856	2350.593	2353.245	2453.888	2470.834	2483.801	2359.729	2347.940	2354.571	2350.593	2352.950
2350.298	2349.856	2347.056	2350.445	2350.887	2453.004	2467.444	2482.475	2358.844	2347.646	2354.276	2350.593	2354.129
2350.151	2347.056	2343.078	2348.088	2348.530	2453.004	2467.297	2481.443	2355.308	2343.814	2350.740	2351.182	2351.035
2348.382	2346.172	2344.404	2347.498	2346.319	2454.772	2464.645	2479.085	2356.192	2342.341	2349.709	2348.235	2348.530
2346.025	2346.467	2340.130	2347.793	2344.404	2453.888	2464.055	2476.433	2352.656	2339.541	2345.730	2348.235	2345.730
2346.761	2345.730	2343.078	2349.119	2343.520	2457.866	2466.560	2477.759	2353.982	2343.078	2348.677	2349.266	2345.730
2348.382	2345.877	2342.930	2347.351	2342.341	2459.929	2468.329	2481.148	2352.214	2340.867	2346.319	2349.709	2343.814
2346.909	2345.288	2344.698	2345.435	2341.015	2461.108	2470.097	2480.117	2350.740	2342.341	2345.730	2349.561	2346.909
2345.583	2346.172	2346.909	2345.288	2342.488	2461.403	2470.244	2481.148	2349.561	2340.867	2344.993	2350.151	2344.551
2346.319	2348.235	2348.677	2344.846	2343.520	2461.992	2472.749	2481.001	2352.803	2345.141	2348.235	2350.593	2347.646
2343.078	2345.141	2345.877	2342.046	2341.309	2456.982	2470.392	2480.412	2348.972	2345.435	2344.993	2346.467	2346.172
2343.667	2344.698	2348.088	2342.193	2342.046	2455.951	2472.160	2478.643	2350.887	2345.288	2346.909	2344.993	2347.793
2340.720	2344.993	2343.814	2338.804	2341.751	2451.678	2468.918	2475.991	2348.972	2343.814	2343.078	2341.899	2347.351
2340.425	2343.667	2345.141	2341.309	2343.078	2448.583	2469.802	2472.749	2350.298	2344.993	2345.288	2341.015	2347.498
2343.225	2347.203	2343.372	2343.667	2344.404	2449.025	2468.181	2474.517	2351.919	2346.614	2346.909	2344.256	2349.119
2344.109	2345.583	2343.078	2344.698	2346.467	2447.699	2469.802	2473.633	2351.919	2346.467	2347.203	2342.783	2348.235
2341.015	2343.078	2338.068	2344.404	2343.520	2448.436	2465.971	2473.928	2348.530	2341.309	2345.141	2339.983	2346.319
2344.404	2344.256	2338.952	2346.614	2347.793	2453.298	2470.392	2476.580	2352.214	2341.015	2347.056	2343.520	2346.319
2342.930	2342.193	2335.710	2343.962	2344.256	2452.709	2465.971	2477.022	2348.972	2338.657	2343.962	2343.372	2345.730
2343.962	2341.162	2339.394	2346.172	2346.909	2456.835	2468.918	2480.264	2350.003	2337.331	2345.877	2343.814	2344.551
2347.351	2345.288	2340.130	2346.909	2347.056	2462.140	2470.834	2484.095	2350.445	2340.425	2345.141	2346.319	2346.761
2344.256	2341.162	2340.425	2345.877	2345.288	2462.434	2475.107	2485.716	2350.593	2336.889	2342.930	2342.488	2343.962
2341.751	2339.983	2337.478	2343.520	2339.246	2462.287	2472.454	2484.685	2346.025	2334.973	2339.688	2341.015	2341.309
2341.899	2341.899	2341.604	2345.583	2340.867	2462.876	2476.433	2485.569	2347.498	2338.510	2339.394	2344.256	2342.930
2341.457	2341.309	2342.341	2344.404	2338.362	2463.466	2474.812	2486.748	2344.404	2339.394	2338.068	2343.372	2343.225
2340.720	2342.930	2342.193	2344.993	2340.573	2465.529	2478.349	2486.306	2347.203	2339.836	2340.867	2344.256	2342.930
2339.983	2339.246	2337.183	2340.867	2334.973	2463.171	2477.170	2486.895	2342.636	2337.183	2336.299	2341.751	2342.046
2333.942	2337.331	2336.005	2337.625	2332.910	2460.077	2475.991	2484.095	2342.046	2333.057	2336.152	2340.573	2339.541
2332.763	2336.299	2334.384	2334.973	2332.321	2459.782	2470.981	2482.917	2340.278	2333.352	2336.005	2336.889	2338.804
2333.942	2338.804	2337.331	2336.741	2337.625	2461.403	2475.991	2483.948	2345.288	2335.563	2339.688	2341.604	2341.751
2333.794	2336.299	2333.942	2333.057	2338.215	2460.519	2472.160	2480.117	2344.698	2333.794	2339.688	2337.478	2338.804
2334.089	2338.657	2336.005	2334.089	2339.836	2457.424	2474.223	2477.907	2346.467	2334.973	2341.899	2340.720	2342.930
2335.268	2337.920	2335.857	2336.447	2341.751	2457.277	2472.160	2480.117	2346.761	2336.005	2342.193	2339.394	2341.162
2334.973	2340.867	2338.215	2339.099	2345.583	2454.625	2472.602	2476.728	2347.351	2340.573	2343.225	2341.751	2343.078
2337.920	2339.099	2336.594	2339.394	2344.404	2450.499	2469.065	2475.549	2348.677	2338.804	2342.636	2340.278	2340.278
2338.215	2341.457	2337.920	2341.457	2346.319	2447.846	2468.623	2473.191	2345.141	2340.573	2342.930	2342.488	2340.720
2337.625	2338.362	2334.973	2340.720	2342.193	2445.783	2464.203	2472.012	2344.698	2337.183	2338.952	2338.510	2337.773
2337.625	2338.362	2336.152	2342.193	2343.814	2443.868	2464.939	2473.633	2343.372	2339.983	2339.983	2341.015	2337.920
2335.268	2334.236	2332.763	2340.573	2338.657	2442.836	2459.340	2468.771	2340.720	2335.415	2335.415	2336.005	2332.910
2332.468	2334.531	2334.089	2338.657	2335.268	2440.184	2457.719	2465.971	2337.331	2334.089	2333.205	2336.152	2334.826
2331.437	2333.057	2335.268	2338.657	2332.763	2440.037	2454.183	2464.939	2336.594	2330.258	2333.057	2335.710	2333.647
2331.879	2336.005	2338.362	2339.246	2336.152	2444.752	2458.014	2465.381	2336.741	2331.731	2334.236	2337.773	2337.183
2331.142	2332.321	2336.741	2336.889	2333.352	2444.162	2458.014	2465.381	2338.657	2328.932	2332.910	2337.036	2336.005
2329.079	2333.352	2335.857	2335.710	2334.384	2446.962	2459.193	2464.645	2337.183	2331.584	2335.710	2336.005	2338.068
2330.552	2333.794	2338.510	2334.826	2331.731	2446.520	2459.487	2466.118	2337.773	2328.047	2334.384	2337.773	2339.688
2329.521	2336.299	2336.152	2334.236	2335.415	2445.783	2457.719	2464.939	2337.773	2328.784	2336.594	2336.741	2340.278
2331.879	2335.710	2335.710	2332.173	2335.710	2445.636	2455.067	2463.466	2339.983	2329.079	2336.594	2338.068	2340.278
2332.763	2336.447	2333.942	2333.057	2337.478	2445.783	2455.951	2464.055	2342.783	2331.584	2338.215	2336.889	2339.394
2329.816	2332.763	2332.173	2332.910	2335.120	2447.404	2454.477	2464.645	2340.278	2331.731	2337.625	2334.089	2336.594
2331.731	2333.647	2332.173	2335.268	2334.678	2447.404	2454.477	2466.118	2342.046	2333.205	2337.773	2334.384	2335.857
2333.647	2334.089	2333.057	2335.120	2336.005	2445.489	2453.593	2467.886	2341.751	2333.205	2336.594	2335.120	2333.205
2332.910	2334.678	2331.731	2337.331	2334.973	2445.489	2453.741	2467.592	2341.015	2337.036	2337.625	2334.089	2334.089
2334.531	2332.468	2334.531	2339.836	2336.152	2445.636	2455.214	2469.655	2340.573	2337.478	2336.741	2337.478	2333.352
2335.120	2335.415	2334.678	2342.783	2336.889	2443.868	2457.719	2470.244	2339.394	2339.983	2337.920	2337.920	2332.910
2336.152	2333.352	2337.183	2342.636	2337.773	2445.341	2458.161	2470.686	2338.952	2338.657	2336.447	2339.246	2334.236
2338.952	2337.625	2337.478	2344.993	2336.594	2442.542	2456.393	2470.834	2337.920	2337.331	2335.415	2340.130	2334.973
2338.510	2336.741	2339.099	2342.341	2336.741	2442.984	2457.719	2469.065	2335.710	2336.447	2334.531	2341.015	2336.152
2341.309	2337.773	2341.162	2345.435	2336.741	2443.720	2457.572	2467.886	2338.362	2336.005	2335.563	2344.109	2339.099
2339.394	2338.215	2341.457	2341.899	2338.952	2443.720	2457.130	2466.708	2340.278	2334.531	2335.120	2343.814	2338.362
2339.983	2341.015	2341.899	2339.541	2337.625	2446.520	2457.719	2465.529	2341.604	2337.036	2338.362	2342.930	2339.541
2337.625	2337.773	2340.425	2338.215	2337.331	2446.815	2455.214	2463.761	2341.604	2334.384	2337.625	2343.225	2339.246
2336.889	2340.278	2339.688	2337.478	2337.036	2444.899	2452.120	2459.045	2343.225	2336.299	2339.246	2342.636	2341.015
2334.678	2337.183	2338.068	2336.005	2339.246	2441.510	2449.467	2454.477	2344.109	2337.478	2339.688	2342.930	2341.015
2334.089	2338.657	2336.152	2337.625	2340.130	2437.089	2443.720	2449.909	2345.877	2338.068	2342.193	2340.573	2341.604
2331.584	2337.625	2336.152	2335.268	2339.246	2432.964	2440.626	2446.225	2343.372	2338.068	2341.751	2337.478	2341.899
2334.089	2336.741	2334.236	2337.036	2339.394	2428.248	2435.027	2442.836	2344.256	2337.183	2342.930	2336.005	2341.309
2332.763	2333.500	2332.468	2338.068	2338.215	2423.975	2431.932	2440.184	2340.720	2335.710	2339.394	2334.089	2338.657
2333.352	2335.710	2332.468	2338.362	2337.625	2420.438	2429.574	2438.268	2341.604	2336.005	2339.246	2332.468	2337.478
2333.205	2331.289	2331.731	2337.625	2334.089	2421.323	2428.690	2438.121	2336.152	2334.236	2336.594	2332.910	2334.531
2337.183	2335.710	2333.205	2337.625	2337.036	2420.144	2429.427	2439.005	2338.510	2334.384	2338.510	2334.531	2334.826
2338.068	2333.794	2335.710	2338.952	2336.741	2421.175	2431.932	2440.773	2335.710	2335.710	2336.152	2336.594	2335.563
2339.836	2334.973	2335.710	2339.983	2339.541	2419.407	2429.280	2440.037	2335.268	2334.236	2338.804	2338.215	2334.089
2340.130	2333.500	2336.005	2339.836	2337.478	2421.028	2430.753	2438.416	2334.089	2335.563	2335.563	2339.099	2334.236
2343.078	2334.973	2338.657	2339.246	2338.362	2422.354	2431.932	2439.595	2337.920	2335.857	2336.741	2341.899	2336.447
2339.688	2332.026	2338.657	2339.099	2338.068	2421.323	2430.606	2438.710	2334.826	2335.710	2334.384	2340.720	2336.447
2342.636	2336.741	2339.983	2338.362	2342.046	2419.996	2430.753	2436.353	2338.215	2336.594	2337.773	2343.372	2338.510
2336.889	2331.142	2336.299	2336.889	2337.036	2419.849	2428.396	2435.911	2334.384	2334.678	2334.826	2338.657	2337.625
2337.920	2334.531	2336.152	2335.710	2338.068	2420.733	2427.069	2434.142	2336.447	2333.647	2336.447	2339.836	2337.183
2333.500	2332.910	2333.794	2335.415	2335.857	2422.649	2430.459	2434.290	2337.036	2335.120	2332.910	2336.741	2337.036
2331.584	2335.268	2332.468	2333.794	2337.920	2422.796	2427.659	2433.553	2336.741	2332.763	2334.384	2336.741	2336.152
2328.490	2336.299	2333.352	2333.647	2337.478	2421.912	2427.511	2432.227	2336.005	2332.910	2334.826	2334.236	2336.152
2332.173	2337.331	2332.468	2333.057	2337.478	2424.270	2427.364	2431.785	2337.036	2333.057	2337.036	2337.331	2337.331
2328.195	2335.857	2330.995	2334.236	2335.120	2422.059	2427.954	2434.437	2335.120	2333.205	2335.415	2332.321	2336.889
2331.289	2338.657	2334.531	2335.563	2336.741	2424.712	2427.511	2433.700	2336.889	2336.005	2338.804	2334.384	2337.920
2329.668	2338.510	2333.647	2334.678	2335.857	2422.501	2427.511	2434.437	2334.678	2336.299	2338.362	2332.321	2337.331
2332.321	2338.952	2333.794	2334.531	2334.973	2421.323	2424.417	2435.027	2336.299	2336.594	2337.773	2334.384	2336.741
2332.763	2336.447	2335.120	2336.152	2332.321	2421.175	2427.659	2437.826	2333.500	2339.246	2337.183	2333.057	2337.036
2334.236	2334.973	2333.500	2336.594	2333.794	2419.996	2426.775	2440.331	2332.910	2337.183	2336.447	2333.647	2335.563
2334.384	2334.531	2335.563	2337.331	2333.057	2421.470	2430.016	2441.805	2333.352	2337.036	2334.236	2331.142	2337.036
2334.089	2330.995	2335.268	2336.299	2333.352	2421.765	2429.132	2439.742	2332.321	2333.057	2333.352	2332.615	2334.236
2333.352	2328.342	2335.268	2336.889	2333.500	2418.965	2430.311	2439.742	2332.026	2330.995	2329.816	2334.089	2333.205
2331.731	2325.542	2335.710	2337.331	2333.352	2419.996	2428.396	2436.353	2333.057	2328.047	2329.079	2335.268	2331.731
2329.816	2324.364	2335.857	2333.794	2333.057	2417.639	2425.596	2431.490	2329.963	2325.984	2329.816	2334.089	2332.173
2331.142	2327.753	2339.099	2334.236	2336.152	2416.607	2423.386	2429.280	2334.089	2324.658	2331.731	2337.773	2333.057
2328.490	2327.900	2335.710	2331.731	2333.205	2413.808	2422.354	2422.649	2333.647	2326.427	2331.289	2338.804	2333.205
2330.700	2327.900	2336.889	2329.226	2334.678	2411.303	2417.049	2421.323	2334.089	2325.690	2332.910	2339.688	2330.995
2329.668	2331.437	2334.973	2331.879	2333.942	2410.418	2415.870	2418.965	2335.415	2328.637	2333.500	2338.068	2332.468
2329.668	2333.205	2335.563	2329.374	2334.384	2410.124	2413.513	2416.755	2335.120	2329.374	2335.415	2337.625	2333.057
2329.816	2334.384	2333.500	2329.521	2335.563	2410.566	2415.576	2418.081	2334.826	2330.995	2336.299	2335.563	2334.089
2331.879	2336.005	2332.763	2331.437	2336.594	2412.039	2416.165	2420.291	2337.920	2332.321	2336.741	2335.415	2334.531
2332.321	2333.647	2331.584	2331.731	2337.036	2414.986	2419.112	2422.649	2335.710	2333.647	2337.478	2335.415	2334.973
2335.563	2337.625	2334.826	2335.120	2337.331	2417.786	2419.849	2428.101	2338.215	2334.236	2337.183	2335.415	2336.299
2333.057	2335.710	2333.205	2336.594	2336.741	2420.438	2425.596	2430.753	2336.889	2336.005	2337.183	2335.120	2337.625
2335.857	2337.183	2337.773	2335.268	2337.036	2422.943	2429.869	2437.826	2336.889	2338.215	2337.331	2337.920	2336.889
2336.005	2334.678	2336.299	2334.236	2334.826	2425.006	2434.584	2441.657	2335.563	2336.299	2335.120	2336.889	2338.068
2339.836	2336.889	2339.541	2335.857	2336.447	2428.985	2439.742	2448.583	2336.594	2340.425	2335.710	2340.573	2338.068
2339.836	2336.005	2341.604	2337.331	2335.415	2431.490	2443.278	2452.267	2335.857	2339.099	2335.563	2342.193	2339.246
2339.541	2337.036	2341.015	2338.952	2335.415	2434.732	2446.225	2456.246	2337.036	2337.773	2335.268	2341.604	2337.920
2336.889	2333.794	2340.278	2337.920	2336.299	2437.089	2448.878	2459.487	2335.415	2334.973	2336.741	2341.015	2336.741
2338.804	2336.299	2340.130	2338.657	2335.710	2435.911	2448.436	2456.982	2336.889	2332.173	2336.741	2340.720	2336.447
2334.973	2332.910	2337.920	2338.215	2334.973	2433.995	2444.605	2451.972	2337.036	2329.226	2335.415	2338.657	2336.594
2335.415	2333.794	2339.688	2337.478	2335.857	2432.964	2440.921	2448.288	2337.773	2329.963	2336.299	2338.510	2335.268
2330.700	2330.995	2336.005	2335.710	2332.763	2428.543	2433.700	2440.331	2337.183	2325.395	2334.973	2336.889	2335.268
2329.521	2332.173	2338.215	2334.236	2333.942	2427.364	2430.753	2439.595	2336.447	2328.490	2336.005	2339.099	2335.710
2327.605	2330.552	2334.826	2330.552	2330.995	2421.470	2425.449	2431.048	2335.268	2326.869	2334.236	2334.826	2334.973
2327.016	2329.374	2335.268	2328.932	2330.847	2416.902	2419.112	2425.449	2334.384	2328.490	2332.468	2337.773	2336.005
2325.542	2329.963	2333.500	2325.984	2331.142	2412.776	2414.692	2422.059	2334.236	2329.374	2334.089	2334.973	2333.057
2328.637	2329.079	2333.942	2326.132	2331.584	2410.566	2413.513	2419.996	2334.089	2331.289	2333.500	2338.510	2337.331
2327.016	2330.847	2330.847	2328.637	2330.552	2410.124	2412.187	2417.933	2331.731	2332.173	2335.710	2337.773	2335.563
2330.552	2329.963	2333.942	2330.110	2334.384	2407.029	2412.187	2418.670	2332.026	2334.531	2336.152	2338.068	2338.952
2328.195	2325.542	2328.784	2328.195	2328.784	2403.051	2407.619	2411.008	2329.079	2330.995	2333.794	2332.615	2333.647
2329.521	2326.574	2332.468	2330.995	2332.910	2399.809	2405.703	2411.745	2328.490	2333.942	2333.942	2335.268	2336.152
2330.258	2325.100	2331.142	2332.615	2330.700	2395.683	2403.345	2408.208	2330.405	2331.289	2334.089	2332.173	2333.942
2329.668	2324.953	2333.352	2334.973	2331.879	2395.241	2402.019	2407.619	2329.226	2331.731	2333.500	2335.710	2334.826
2329.374	2327.163	2333.352	2334.384	2331.584	2395.094	2399.956	2407.471	2330.110	2329.963	2335.268	2333.500	2332.173
2331.584	2327.163	2335.563	2334.089	2333.205	2391.262	2397.157	2407.766	2333.352	2330.258	2333.205	2334.973	2335.415
2331.142	2328.932	2336.005	2334.384	2330.552	2391.704	2393.767	2403.787	2334.089	2327.311	2333.942	2335.563	2332.026
2334.678	2331.731	2338.362	2336.594	2335.120	2391.410	2393.620	2406.587	2335.563	2328.047	2335.415	2337.920	2334.531
2329.816	2330.405	2334.236	2332.910	2329.963	2391.262	2391.999	2402.167	2334.826	2324.806	2333.942	2336.299	2331.584
2332.173	2333.647	2334.826	2331.879	2332.615	2395.536	2392.294	2405.261	2332.468	2327.900	2335.857	2336.889	2333.647
2330.700	2332.615	2332.468	2331.584	2332.321	2395.978	2394.504	2404.672	2334.089	2327.163	2336.005	2334.531	2334.678
2329.963	2332.910	2332.173	2330.405	2333.205	2397.009	2393.767	2407.766	2333.352	2327.311	2337.625	2332.615	2334.678
2327.016	2331.289	2329.816	2330.552	2332.026	2394.799	2395.241	2404.819	2331.731	2327.458	2335.415	2332.763	2333.057
2325.100	2332.763	2331.437	2329.668	2333.794	2398.630	2397.157	2406.292	2331.437	2329.374	2338.362	2330.405	2334.531
2324.953	2332.026	2328.784	2329.668	2331.289	2396.125	2398.777	2404.230	2329.374	2329.079	2334.826	2329.374	2335.857
2329.226	2333.205	2331.731	2332.026	2334.826	2399.514	2400.546	2408.355	2329.816	2331.289	2337.183	2331.584	2335.415
2327.163	2330.700	2332.026	2332.763	2332.026	2397.599	2401.577	2407.177	2329.668	2329.079	2334.089	2329.668	2337.183
2328.784	2331.437	2334.384	2332.026	2333.942	2400.251	2400.546	2409.534	2328.047	2330.995	2332.615	2331.731	2335.857
2328.490	2328.195	2331.879	2331.879	2330.258	2399.072	2401.282	2406.882	2325.395	2327.605	2327.458	2330.405	2334.826
2330.258	2332.173	2333.942	2332.321	2332.173	2405.556	2405.850	2412.776	2327.016	2329.079	2330.552	2330.847	2334.531
2329.816	2327.753	2329.963	2330.700	2326.869	2403.640	2407.324	2415.428	2324.069	2324.511	2326.721	2331.289	2330.552
2330.847	2330.258	2333.500	2332.173	2329.374	2407.619	2410.713	2418.376	2327.016	2328.342	2330.995	2333.500	2331.289
2328.932	2327.605	2331.584	2329.521	2326.132	2403.051	2408.503	2415.428	2326.279	2324.216	2328.195	2330.700	2330.258
2330.258	2329.226	2331.437	2331.879	2329.668	2405.703	2410.713	2416.313	2326.721	2325.984	2331.437	2332.468	2329.079
2327.900	2326.574	2329.079	2328.195	2324.658	2402.756	2407.324	2412.923	2325.984	2322.448	2330.552	2330.552	2329.226
2327.753	2330.258	2332.910	2332.468	2328.342	2404.377	2408.650	2415.870	2328.784	2326.721	2334.973	2334.384	2329.521
2327.311	2327.458	2329.963	2330.552	2326.427	2400.840	2403.493	2411.450	2327.163	2324.658	2333.942	2333.057	2328.932
2326.279	2328.784	2330.258	2332.173	2328.195	2401.282	2400.988	2412.776	2329.226	2327.900	2334.531	2332.763	2330.258
2324.658	2326.427	2326.132	2328.342	2327.605	2399.219	2400.398	2409.534	2327.900	2324.069	2331.879	2333.352	2329.079
2324.953	2328.932	2325.395	2329.226	2328.637	2403.198	2400.104	2411.745	2329.374	2327.016	2333.647	2332.321	2330.847
2323.185	2328.490	2323.185	2326.427	2326.574	2398.188	2397.893	2406.587	2327.605	2326.574	2330.110	2332.173	2328.784
2324.806	2330.700	2324.511	2331.437	2327.900	2399.367	2400.251	2407.766	2327.753	2329.226	2333.205	2331.584	2330.847
2323.332	2328.784	2320.238	2326.721	2327.900	2396.272	2399.367	2403.198	2327.458	2325.542	2328.342	2329.963	2329.226
2324.953	2328.195	2323.922	2328.932	2327.311	2399.219	2401.430	2405.556	2326.721	2325.100	2329.374	2329.079	2329.816
2325.984	2328.932	2324.364	2328.195	2327.605	2395.683	2402.019	2403.051	2327.753	2327.163	2327.605	2328.195	2329.374
2325.837	2328.195	2326.574	2330.995	2326.721	2396.714	2400.546	2403.935	2327.605	2327.311	2328.195	2326.721	2329.079
2325.395	2327.311	2326.279	2331.289	2323.922	2392.589	2400.398	2400.840	2328.195	2326.574	2326.869	2327.753	2326.427
2326.869	2325.984	2328.342	2331.731	2324.511	2395.683	2400.398	2403.787	2328.195	2323.774	2329.226	2326.721	2326.721
2326.721	2326.279	2327.163	2330.847	2324.364	2393.620	2399.956	2403.345	2326.574	2321.417	2327.016	2327.753	2323.185
2330.700	2327.753	2331.584	2334.384	2325.690	2395.094	2399.367	2404.082	2327.458	2324.953	2332.910	2330.552	2325.248
2325.984	2327.016	2327.605	2332.026	2325.395	2387.726	2393.473	2396.862	2326.574	2322.595	2330.995	2329.816	2324.511
2328.342	2328.490	2329.374	2331.584	2325.837	2385.516	2391.704	2392.146	2325.984	2322.301	2332.615	2332.468	2325.984
2326.279	2328.784	2326.132	2329.963	2325.100	2381.979	2386.252	2389.347	2324.806	2322.448	2332.763	2330.700	2325.100
2330.405	2330.700	2330.258	2330.258	2328.047	2382.274	2388.610	2389.347	2325.248	2324.216	2333.794	2331.879	2329.079
2327.458	2331.289	2327.163	2329.816	2327.900	2378.148	2384.484	2386.547	2326.869	2325.837	2334.973	2333.794	2329.668
2327.458	2331.142	2328.047	2327.458	2329.521	2375.348	2385.368	2385.516	2328.784	2326.721	2332.321	2332.026	2331.437
2322.448	2329.374	2323.185	2326.574	2326.427	2370.043	2380.211	2380.358	2325.837	2324.658	2329.521	2329.816	2329.963
2324.216	2329.816	2324.658	2326.869	2328.047	2372.254	2384.189	2386.694	2328.490	2327.900	2328.490	2329.668	2332.763
2321.122	2326.427	2321.269	2324.511	2328.637	2370.338	2380.211	2385.073	2327.016	2324.511	2327.753	2327.900	2329.079
2322.301	2327.311	2324.658	2324.806	2328.195	2373.580	2382.568	2385.810	2327.753	2324.658	2327.016	2327.458	2332.026
2316.996	2325.248	2319.206	2322.301	2325.690	2369.896	2379.327	2383.747	2322.595	2321.122	2323.479	2323.332	2326.279
2319.206	2324.364	2322.301	2321.859	2323.774	2372.106	2383.305	2386.400	2321.711	2321.859	2322.301	2322.301	2328.195
2317.438	2324.069	2321.417	2323.037	2321.417	2373.727	2381.242	2388.315	2320.385	2323.332	2323.774	2321.859	2325.542
2320.680	2323.037	2323.479	2321.859	2320.532	2377.706	2385.810	2393.178	2319.943	2322.301	2322.153	2320.827	2326.132
2321.711	2324.511	2324.364	2322.153	2319.648	2379.032	2385.073	2392.883	2319.501	2323.185	2324.216	2321.564	2323.479
2323.479	2325.984	2326.574	2325.100	2319.648	2385.073	2392.441	2400.398	2319.648	2323.479	2325.395	2323.185	2327.016
2324.364	2324.658	2325.837	2325.837	2321.859	2385.663	2395.683	2403.640	2321.269	2324.806	2325.542	2324.069	2324.216
2327.311	2325.542	2327.753	2329.226	2324.658	2390.526	2398.630	2408.503	2324.216	2327.163	2329.668	2329.226	2329.521
2325.542	2325.690	2324.806	2328.932	2324.953	2390.820	2397.451	2406.587	2322.890	2326.132	2328.047	2328.195	2326.427
2327.900	2325.542	2324.364	2329.374	2327.458	2392.146	2396.862	2406.145	2325.690	2326.132	2331.584	2330.552	2329.521
2326.132	2326.721	2323.037	2330.552	2328.637	2391.999	2398.335	2406.882	2326.132	2327.016	2330.552	2329.374	2328.342
2325.395	2325.542	2321.711	2328.784	2329.374	2392.441	2398.041	2405.114	2325.690	2325.837	2332.615	2331.289	2329.521
2323.185	2325.690	2318.764	2330.258	2327.605	2388.315	2394.357	2401.135	2325.542	2327.016	2329.668	2329.521	2330.110
2324.953	2328.342	2320.827	2329.816	2326.869	2387.136	2390.526	2397.304	2326.132	2326.721	2331.584	2330.700	2331.879
2322.595	2328.195	2322.006	2329.668	2327.016	2383.158	2386.252	2393.473	2327.311	2326.427	2329.521	2327.311	2330.847
2326.869	2330.847	2325.395	2329.963	2328.195	2384.779	2385.810	2394.652	2330.700	2329.668	2331.142	2330.995	2333.057
2323.627	2328.490	2323.627	2326.869	2327.605	2381.242	2385.810	2391.115	2328.342	2326.427	2327.753	2327.311	2329.374
2324.511	2329.816	2324.953	2325.395	2326.279	2382.863	2383.453	2389.936	2328.637	2329.374	2329.668	2329.963	2331.142
2325.248	2328.637	2325.542	2325.837	2326.869	2377.706	2380.948	2388.021	2326.721	2326.132	2325.837	2326.574	2327.605
2327.753	2328.342	2327.900	2323.627	2326.721	2378.295	2382.126	2387.726	2325.690	2327.311	2327.753	2325.395	2326.279
2324.511	2325.248	2326.721	2323.627	2325.395	2375.790	2383.305	2388.757	2323.627	2324.216	2326.721	2324.806	2323.774
2326.574	2327.605	2328.932	2324.216	2325.395	2378.148	2385.810	2390.673	2322.448	2323.332	2328.932	2327.900	2325.100
2324.216	2324.511	2324.953	2324.069	2324.806	2375.053	2383.895	2389.789	2322.743	2321.269	2327.900	2323.922	2324.364
2327.900	2330.110	2330.847	2329.226	2325.837	2378.737	2385.073	2393.473	2323.479	2323.479	2329.816	2328.637	2329.079
2327.016	2327.016	2328.342	2328.342	2325.984	2375.053	2381.537	2389.936	2322.595	2321.564	2330.258	2326.279	2326.427
2327.605	2328.490	2332.026	2330.552	2326.427	2378.148	2383.305	2390.673	2324.658	2325.395	2332.615	2330.552	2331.437
2324.806	2325.395	2327.016	2328.637	2324.511	2375.348	2377.116	2387.873	2323.037	2321.122	2329.226	2328.195	2330.110
2326.869	2329.816	2328.784	2331.731	2329.374	2377.411	2377.706	2389.936	2325.395	2325.248	2329.374	2330.405	2333.794
2324.953	2325.984	2324.069	2328.047	2327.016	2374.317	2372.401	2386.400	2324.806	2324.658	2327.458	2328.195	2330.847
2323.627	2329.079	2327.753	2330.110	2329.374	2374.464	2374.317	2384.042	2324.364	2326.132	2327.753	2329.226	2334.089
2318.911	2320.385	2319.354	2322.006	2322.743	2364.297	2364.739	2374.611	2319.354	2320.680	2323.037	2323.922	2325.395
2317.438	2321.711	2321.122	2322.743	2322.890	2364.297	2364.886	2372.990	2320.090	2319.943	2319.796	2322.595	2328.637
2317.143	2319.501	2316.406	2318.617	2318.617	2358.992	2361.055	2368.275	2317.880	2317.291	2318.764	2320.974	2322.595
2319.206	2322.595	2320.974	2322.595	2319.648	2362.381	2364.002	2369.896	2321.859	2319.648	2320.090	2322.890	2323.922
2316.849	2318.911	2318.617	2317.585	2315.080	2357.518	2360.613	2363.560	2318.911	2315.522	2318.322	2321.417	2319.796
2319.501	2319.354	2322.153	2319.943	2315.670	2360.318	2363.412	2365.917	2319.796	2316.849	2319.501	2321.711	2320.532
2319.943	2317.880	2320.974	2316.406	2312.428	2356.929	2360.613	2365.475	2319.059	2313.312	2318.469	2318.469	2314.638
2323.332	2321.417	2328.342	2323.332	2317.585	2363.265	2369.601	2372.990	2323.037	2320.238	2323.774	2323.774	2322.743
2324.364	2319.501	2327.605	2320.827	2317.291	2361.055	2369.012	2373.580	2323.479	2317.733	2324.658	2325.248	2320.680
2326.869	2322.595	2329.668	2326.132	2323.774	2366.507	2374.022	2379.327	2325.984	2323.479	2327.016	2326.132	2325.837
2326.869	2319.796	2327.458	2322.595	2324.511	2363.412	2371.812	2377.411	2323.627	2321.269	2328.195	2327.163	2324.511
2328.784	2320.532	2327.900	2324.511	2326.721	2365.770	2374.169	2380.358	2325.984	2324.511	2329.521	2326.427	2327.163
2327.163	2319.354	2323.627	2323.185	2327.016	2362.234	2370.927	2376.232	2324.511	2321.417	2327.311	2326.574	2328.047
2328.637	2320.680	2326.279	2326.869	2330.110	2365.770	2374.022	2378.295	2325.837	2323.479	2330.258	2331.142	2331.584
2326.132	2319.796	2321.417	2324.658	2328.195	2365.917	2369.601	2375.938	2325.100	2320.238	2326.721	2328.342	2329.079
2327.311	2323.922	2323.479	2328.784	2332.615	2369.749	2374.022	2377.706	2326.721	2324.658	2329.963	2329.374	2329.374
2322.153	2320.680	2321.711	2326.279	2328.637	2366.949	2367.980	2371.664	2324.806	2318.911	2324.511	2327.900	2325.690
2321.564	2323.479	2324.069	2325.984	2328.342	2369.601	2371.812	2376.969	2326.427	2321.122	2327.311	2327.753	2326.279
2318.322	2321.859	2321.417	2324.511	2327.163	2368.865	2368.865	2375.053	2324.069	2318.469	2323.627	2327.163	2321.859
2318.469	2324.511	2325.395	2324.511	2326.132	2371.370	2372.843	2380.653	2326.132	2321.859	2326.132	2326.132	2320.827
2318.469	2322.301	2323.774	2323.332	2325.984	2369.159	2370.780	2378.443	2324.216	2322.448	2323.037	2325.837	2319.354
2322.153	2323.922	2328.490	2324.806	2326.869	2370.927	2375.938	2382.421	2327.163	2325.542	2323.922	2327.163	2319.796
2321.564	2324.511	2326.869	2322.743	2324.511	2368.422	2373.580	2381.390	2326.132	2323.479	2322.595	2326.427	2319.059
2324.511	2325.837	2331.289	2324.511	2325.984	2371.370	2380.358	2386.842	2328.784	2324.069	2326.427	2329.079	2322.301
2323.627	2325.542	2328.342	2325.100	2324.069	2371.664	2378.000	2383.453	2325.542	2325.248	2323.185	2328.784	2321.711
2327.458	2326.132	2331.584	2327.605	2325.837	2372.696	2381.390	2385.958	2328.784	2325.984	2327.458	2329.668	2325.984
2327.458	2325.837	2328.932	2328.047	2326.427	2371.664	2381.095	2382.863	2326.721	2326.574	2325.984	2330.258	2326.427
2326.279	2325.837	2329.963	2327.753	2324.953	2374.759	2383.011	2385.663	2328.932	2324.658	2327.458	2329.816	2326.279
2323.922	2325.837	2325.542	2326.721	2324.953	2374.022	2381.684	2384.042	2326.427	2321.711	2328.342	2329.374	2327.900
2327.163	2324.216	2329.226	2327.605	2325.690	2374.759	2380.358	2385.810	2327.458	2321.711	2328.490	2329.963	2328.932
2324.069	2323.479	2323.922	2325.690	2324.069	2372.843	2376.674	2383.158	2323.627	2321.564	2326.721	2326.427	2328.490
2328.195	2324.069	2325.984	2328.490	2328.342	2372.843	2378.737	2383.747	2326.132	2321.711	2328.047	2329.521	2331.437
2323.332	2323.185	2323.185	2325.984	2325.690	2371.222	2374.317	2382.421	2322.595	2321.269	2325.542	2326.869	2328.342
2325.837	2324.658	2327.016	2329.226	2330.110	2372.990	2376.380	2383.453	2325.837	2321.417	2327.900	2328.637	2331.879
2323.037	2323.922	2323.774	2326.427	2326.721	2369.159	2370.338	2378.443	2321.711	2320.385	2324.953	2323.627	2326.869
2324.216	2325.690	2329.079	2328.932	2329.816	2370.485	2370.485	2375.201	2324.216	2323.185	2324.953	2326.574	2328.932
2320.532	2324.069	2326.869	2325.542	2325.690	2369.454	2369.159	2374.759	2322.153	2323.332	2322.890	2324.216	2325.542
2323.774	2325.690	2329.521	2328.195	2325.100	2370.191	2368.865	2372.696	2325.100	2324.658	2323.185	2326.869	2324.511
2320.532	2326.574	2329.374	2324.069	2324.069	2366.654	2366.065	2371.664	2325.542	2323.185	2321.122	2323.479	2321.269
2324.364	2326.721	2331.731	2327.311	2324.364	2365.475	2367.538	2369.454	2327.163	2324.953	2324.069	2325.690	2322.006
2321.859	2325.542	2329.374	2323.185	2321.564	2361.349	2363.855	2369.012	2326.279	2323.332	2319.943	2324.511	2317.733
2325.984	2326.279	2331.879	2325.100	2326.869	2365.623	2368.570	2370.485	2329.521	2325.542	2324.953	2328.784	2322.595
2324.953	2322.448	2327.163	2322.448	2324.069	2360.465	2364.739	2367.833	2328.637	2322.448	2323.185	2324.216	2319.354
2327.016	2324.216	2327.016	2327.163	2328.784	2363.707	2367.096	2366.949	2330.258	2322.890	2326.279	2328.047	2323.627
2323.332	2320.238	2325.248	2323.332	2328.784	2358.844	2365.475	2366.949	2326.132	2320.827	2325.690	2325.100	2322.743
2324.953	2319.648	2325.100	2326.132	2330.405	2360.023	2368.128	2367.096	2326.869	2321.269	2329.079	2328.195	2325.248
2322.595	2321.122	2324.953	2323.774	2330.552	2361.644	2369.601	2368.128	2324.806	2319.354	2326.132	2327.605	2325.395
2323.037	2321.417	2324.069	2327.311	2330.995	2365.033	2369.601	2367.980	2322.890	2320.680	2328.784	2329.668	2326.574
2319.206	2320.238	2321.417	2327.016	2328.784	2361.497	2368.128	2368.865	2322.153	2320.385	2326.279	2326.279	2325.984
2322.890	2325.100	2324.364	2328.195	2330.258	2365.181	2369.307	2372.990	2322.595	2323.479	2330.110	2330.995	2327.458
2321.711	2325.395	2324.953	2327.605	2329.079	2362.381	2370.780	2372.401	2322.595	2323.922	2330.110	2327.605	2325.984
2325.984	2329.521	2326.132	2328.195	2330.995	2364.739	2369.159	2374.022	2324.511	2326.279	2331.142	2328.342	2326.427
2322.890	2327.753	2326.132	2327.163	2326.427	2362.381	2365.033	2370.338	2321.564	2325.248	2326.132	2323.627	2323.774
2324.511	2327.900	2325.984	2325.690	2329.816	2363.118	2362.823	2371.370	2323.332	2327.605	2328.047	2322.743	2324.216
2322.301	2325.395	2324.511	2323.332	2325.395	2360.023	2358.992	2368.128	2322.595	2324.658	2323.922	2318.764	2321.122
2325.395	2327.016	2327.163	2323.332	2328.342	2360.171	2358.402	2366.065	2322.153	2324.953	2324.658	2321.711	2323.332
2322.006	2325.100	2326.279	2324.806	2325.100	2357.960	2358.108	2363.118	2321.417	2324.069	2320.974	2318.175	2320.680
2323.185	2322.890	2327.605	2322.890	2325.100	2359.729	2356.487	2363.118	2321.564	2322.743	2323.185	2321.859	2323.774
2320.680	2321.564	2326.721	2322.301	2322.006	2357.371	2357.371	2359.434	2322.153	2320.090	2320.680	2320.974	2321.859
2325.100	2323.185	2330.258	2325.984	2325.837	2361.939	2360.023	2362.086	2326.427	2323.627	2324.658	2325.837	2324.806
2324.806	2323.774	2331.731	2327.605	2322.890	2358.550	2359.876	2358.550	2325.542	2320.680	2322.890	2326.869	2324.658
2327.458	2325.100	2333.647	2328.490	2327.605	2361.055	2364.149	2359.139	2327.900	2325.248	2327.458	2331.142	2328.932
2326.721	2322.301	2331.437	2326.869	2323.185	2358.255	2363.265	2359.876	2327.605	2322.595	2325.248	2328.637	2324.511
2326.132	2322.743	2330.258	2326.279	2326.427	2359.287	2364.739	2362.676	2328.047	2324.511	2327.016	2331.437	2327.016
2323.922	2323.037	2324.953	2325.100	2323.774	2354.129	2361.349	2359.139	2325.690	2324.069	2322.448	2327.016	2322.448
2324.364	2323.627	2325.542	2327.311	2325.984	2357.076	2363.412	2361.939	2326.869	2326.574	2325.395	2330.110	2325.984
2318.764	2321.417	2321.269	2325.248	2323.774	2353.982	2359.581	2360.907	2323.774	2322.595	2323.627	2325.248	2323.922
2321.122	2321.417	2320.238	2325.395	2324.216	2356.192	2362.676	2363.412	2324.364	2324.806	2326.279	2328.490	2324.953
2317.880	2321.122	2320.385	2324.216	2321.564	2353.098	2358.255	2361.644	2320.385	2321.417	2324.216	2324.364	2321.417
2321.122	2326.132	2323.185	2327.163	2325.837	2357.518	2362.086	2364.002	2321.122	2326.869	2327.163	2330.258	2325.837
2320.827	2324.069	2322.153	2325.395	2324.364	2355.750	2357.371	2360.613	2320.238	2323.479	2327.605	2325.690	2322.153
2322.448	2324.658	2325.100	2326.279	2325.542	2358.108	2360.318	2363.265	2322.448	2325.248	2326.869	2328.932	2325.100
2322.301	2325.248	2324.511	2324.658	2324.806	2356.929	2356.634	2364.739	2321.711	2322.890	2326.574	2326.574	2322.743
2327.016	2326.869	2327.163	2324.069	2325.248	2358.108	2360.023	2362.970	2323.479	2326.574	2327.016	2330.847	2326.869
2324.216	2326.279	2325.542	2322.006	2325.248	2355.308	2355.455	2362.970	2322.595	2323.185	2323.332	2325.248	2324.511
2326.721	2325.248	2325.984	2324.511	2326.279	2355.897	2358.402	2362.676	2326.574	2324.953	2325.100	2327.458	2325.984
2322.448	2322.301	2323.479	2322.301	2324.953	2350.298	2352.508	2359.729	2323.479	2318.322	2320.974	2323.037	2322.153
2325.395	2324.364	2326.427	2323.627	2325.690	2353.098	2356.192	2360.318	2324.806	2320.385	2322.595	2327.163	2325.837
2324.511	2323.627	2325.984	2324.069	2324.806	2351.771	2354.571	2359.581	2322.595	2318.027	2323.037	2325.248	2323.922
2324.364	2322.890	2325.395	2325.690	2324.806	2355.897	2358.108	2358.402	2324.806	2319.206	2322.743	2324.806	2324.953
2320.532	2321.711	2323.479	2324.069	2323.627	2352.803	2356.634	2359.434	2320.680	2315.522	2322.448	2323.332	2320.680
2325.100	2321.417	2324.069	2327.900	2324.216	2355.750	2360.171	2358.550	2323.922	2319.206	2326.279	2325.542	2323.627
2321.711	2320.680	2322.153	2324.216	2322.448	2354.424	2359.581	2358.844	2319.648	2316.259	2324.216	2324.806	2322.595
2326.869	2323.627	2323.627	2329.226	2324.511	2360.760	2363.707	2362.676	2325.395	2322.301	2328.932	2325.542	2326.721
2322.301	2320.974	2320.680	2324.658	2322.006	2358.108	2360.907	2362.970	2321.417	2319.501	2324.658	2323.627	2324.511
2324.511	2323.774	2323.185	2327.753	2325.248	2360.465	2362.234	2364.591	2322.595	2322.448	2327.016	2323.774	2325.984
2322.006	2322.006	2322.743	2324.364	2324.216	2356.929	2358.550	2364.297	2318.322	2321.122	2325.542	2323.185	2325.395
2324.658	2326.721	2323.774	2328.637	2327.163	2360.318	2358.550	2365.917	2322.153	2323.922	2327.311	2323.479	2326.721
2318.764	2323.185	2322.153	2322.153	2324.806	2357.666	2354.276	2360.613	2317.585	2319.648	2324.364	2322.006	2323.185
2322.301	2325.690	2324.658	2323.479	2325.984	2359.581	2352.803	2364.297	2321.269	2322.006	2324.216	2322.153	2323.627
2317.143	2320.532	2322.890	2319.059	2325.100	2356.045	2350.740	2358.550	2316.259	2317.143	2320.385	2321.564	2320.827
2321.122	2320.385	2325.984	2324.069	2324.953	2356.634	2352.656	2361.644	2319.796	2321.269	2321.859	2322.301	2321.122
2318.322	2318.027	2324.364	2320.532	2324.806	2355.455	2349.119	2357.076	2318.911	2317.438	2318.617	2322.301	2321.564
2322.595	2319.059	2325.395	2322.743	2324.806	2353.834	2351.477	2356.045	2321.564	2319.943	2322.153	2324.216	2321.711
2320.090	2314.786	2321.122	2317.438	2320.385	2351.035	2350.003	2351.771	2319.501	2315.375	2318.175	2322.153	2318.764
2323.185	2318.469	2322.743	2323.037	2322.301	2351.477	2351.477	2357.224	2321.711	2318.469	2320.532	2324.511	2321.122
2322.890	2317.143	2321.564	2323.922	2320.827	2351.182	2351.624	2354.424	2320.974	2317.291	2320.974	2325.100	2321.859
2325.690	2322.006	2323.037	2326.279	2321.711	2351.035	2352.950	2358.844	2324.216	2321.564	2324.364	2327.900	2323.479
2324.364	2323.479	2322.448	2323.922	2323.037	2351.035	2352.066	2355.013	2322.448	2317.733	2324.364	2323.627	2323.627
2327.311	2324.953	2322.301	2325.690	2322.595	2350.151	2354.571	2358.844	2322.595	2321.122	2327.458	2324.658	2322.743
2322.890	2323.479	2320.680	2322.595	2322.006	2349.561	2351.477	2357.666	2321.269	2318.322	2324.364	2321.711	2322.153
2326.279	2325.984	2326.279	2328.342	2326.721	2351.035	2355.455	2360.465	2322.006	2322.301	2328.342	2322.301	2325.837
2323.479	2325.984	2325.542	2324.806	2325.248	2351.624	2352.361	2359.581	2323.479	2322.153	2326.721	2322.153	2324.806
2322.153	2327.900	2324.953	2325.542	2327.605	2351.182	2354.424	2359.434	2321.859	2322.301	2327.016	2320.385	2324.953
2318.027	2323.627	2322.890	2321.417	2322.301	2350.003	2349.561	2358.697	2317.291	2319.796	2324.069	2316.406	2322.595
2318.027	2325.690	2322.448	2320.827	2323.479	2350.593	2350.445	2358.255	2318.175	2318.911	2324.806	2320.385	2323.479
2315.375	2323.037	2321.564	2318.322	2321.417	2350.740	2350.298	2357.813	2318.027	2317.438	2321.711	2318.617	2320.385
2320.680	2325.100	2324.953	2321.564	2325.542	2354.719	2353.982	2359.729	2319.796	2320.090	2326.869	2321.564	2323.332
2318.322	2322.006	2322.301	2317.733	2322.301	2353.098	2351.771	2358.844	2319.354	2316.259	2322.743	2321.859	2320.238
2322.153	2323.627	2326.721	2322.301	2325.837	2355.750	2357.224	2358.992	2319.943	2319.501	2326.574	2323.774	2322.595
2323.185	2320.680	2325.395	2321.269	2323.037	2356.782	2354.719	2358.844	2321.711	2316.996	2324.658	2325.248	2322.595
2326.427	2323.037	2329.079	2323.774	2327.311	2357.666	2358.844	2359.139	2324.806	2318.617	2327.016	2328.342	2323.922
2325.690	2319.796	2326.132	2324.806	2324.806	2357.076	2358.402	2360.907	2324.511	2319.059	2324.364	2328.195	2324.953
2327.163	2322.595	2329.226	2327.016	2328.342	2357.224	2360.171	2362.086	2326.574	2319.206	2326.132	2331.731	2327.311
2325.100	2321.564	2325.984	2326.574	2322.890	2353.687	2359.876	2363.855	2324.364	2317.733	2322.006	2328.784	2324.658
2328.047	2323.332	2327.311	2327.311	2323.479	2356.339	2362.086	2365.770	2325.248	2321.859	2325.690	2331.879	2327.311
2322.006	2320.532	2320.532	2323.479	2317.733	2351.329	2358.844	2365.917	2319.501	2317.438	2319.943	2325.837	2324.658
2324.953	2323.479	2323.332	2323.479	2320.238	2351.477	2361.792	2367.980	2320.532	2320.090	2322.890	2327.605	2324.364
2321.564	2322.301	2319.648	2321.269	2315.964	2351.624	2360.613	2366.212	2318.027	2317.880	2320.974	2323.332	2322.448
2325.395	2323.922	2321.859	2320.827	2317.585	2351.771	2360.613	2367.096	2317.143	2320.090	2322.890	2323.037	2322.743
2320.680	2320.385	2317.585	2319.059	2313.754	2350.151	2359.876	2362.528	2315.228	2319.796	2321.859	2318.322	2321.711
2321.269	2323.332	2321.417	2318.469	2317.733	2353.098	2359.581	2362.086	2316.259	2322.448	2323.185	2321.269	2324.069
2316.849	2320.974	2320.090	2318.175	2317.585	2350.445	2358.844	2359.581	2316.849	2320.827	2322.595	2319.206	2322.595
2319.501	2323.627	2323.627	2319.206	2319.501	2353.392	2358.402	2358.992	2318.764	2322.595	2325.542	2323.332	2322.301
2313.459	2319.354	2321.564	2318.322	2317.438	2350.887	2357.518	2353.687	2315.670	2319.206	2322.301	2319.943	2323.627
2318.175	2325.395	2325.100	2322.153	2322.448	2354.129	2358.550	2355.750	2320.090	2322.006	2324.069	2325.395	2326.427
2314.786	2323.774	2325.984	2322.006	2321.859	2354.866	2356.339	2353.982	2321.859	2320.532	2325.395	2325.248	2324.806
2320.827	2327.458	2327.163	2323.774	2325.984	2355.603	2356.192	2358.550	2323.185	2320.680	2326.721	2329.963	2326.132
2318.764	2322.595	2325.542	2322.301	2321.564	2354.571	2353.982	2353.982	2320.974	2317.438	2325.690	2327.163	2320.385
2321.711	2325.984	2325.395	2322.743	2325.100	2354.424	2353.982	2356.782	2321.564	2316.849	2324.806	2327.605	2322.301
2322.743	2323.037	2326.132	2323.185	2323.037	2353.245	2354.866	2355.897	2322.743	2315.080	2324.806	2326.279	2321.417
2327.016	2326.869	2326.721	2324.806	2327.900	2353.245	2354.571	2360.907	2325.248	2319.354	2327.016	2326.721	2322.006
2321.564	2320.385	2322.743	2320.974	2321.269	2347.351	2352.066	2356.929	2320.827	2316.259	2323.037	2323.774	2319.648
2323.332	2322.448	2320.827	2322.595	2322.890	2344.993	2354.866	2357.076	2322.890	2316.701	2321.859	2322.595	2320.385
2319.206	2320.827	2320.680	2321.564	2317.585	2343.962	2353.982	2354.129	2319.943	2316.849	2321.859	2322.301	2319.943
2319.796	2325.690	2321.122	2322.743	2320.827	2343.962	2357.518	2358.697	2325.248	2319.943	2321.711	2323.185	2325.100
2319.206	2321.859	2321.859	2321.859	2317.880	2344.256	2356.045	2353.540	2321.122	2320.385	2321.564	2321.269	2323.185
2318.027	2323.037	2321.122	2319.648	2321.417	2345.141	2357.076	2353.687	2323.479	2321.564	2320.827	2320.827	2325.690
2317.143	2319.059	2319.354	2315.228	2315.964	2343.814	2357.518	2350.298	2319.206	2318.322	2319.206	2318.322	2322.153
2320.680	2323.332	2323.332	2318.764	2320.974	2348.530	2359.729	2352.361	2322.890	2322.301	2323.922	2320.974	2325.837
2317.733	2319.206	2323.922	2315.817	2319.648	2348.824	2359.729	2353.834	2318.322	2323.037	2322.890	2321.564	2324.658
2319.501	2322.890	2325.837	2317.733	2322.890	2351.624	2358.697	2354.424	2321.122	2323.627	2323.774	2320.385	2325.690
2319.501	2318.764	2324.658	2317.291	2322.301	2350.445	2355.161	2352.214	2317.291	2320.827	2323.037	2320.385	2322.595
2320.385	2323.037	2326.721	2317.733	2322.006	2350.298	2356.192	2356.487	2321.859	2319.648	2325.542	2321.564	2325.690
2321.417	2322.153	2323.479	2319.648	2320.532	2352.214	2354.866	2357.813	2318.469	2320.827	2324.806	2322.153	2323.332
2323.185	2327.163	2329.374	2324.364	2324.658	2355.161	2357.518	2362.086	2324.953	2324.069	2327.753	2327.753	2329.079
2320.974	2323.479	2323.627	2320.680	2320.238	2353.245	2355.897	2360.465	2321.859	2321.859	2323.037	2324.658	2323.627
2322.890	2326.869	2325.395	2322.890	2319.943	2352.361	2355.013	2360.171	2324.806	2319.943	2325.248	2325.100	2325.100
2322.301	2322.743	2321.859	2320.827	2316.701	2352.214	2355.013	2360.465	2323.774	2318.027	2322.301	2323.922	2322.743
2324.658	2325.690	2322.006	2323.774	2317.585	2352.066	2357.813	2360.907	2326.132	2320.680	2325.542	2327.016	2326.279
2323.185	2323.332	2318.764	2322.448	2315.670	2351.477	2356.045	2359.139	2324.953	2322.301	2322.301	2327.311	2323.479
2324.069	2324.953	2322.153	2323.922	2315.817	2349.856	2357.666	2358.844	2326.279	2321.859	2323.627	2326.574	2326.427
2319.648	2321.564	2316.701	2319.648	2312.575	2347.203	2352.214	2353.687	2320.827	2318.175	2320.680	2324.511	2320.238
2321.564	2324.069	2320.090	2323.774	2316.259	2346.761	2355.161	2357.666	2322.301	2318.617	2325.542	2323.774	2323.185
2320.385	2322.743	2319.059	2321.711	2316.554	2348.824	2356.487	2355.161	2320.680	2320.238	2324.806	2324.216	2322.448
2319.206	2322.595	2321.269	2321.269	2317.733	2348.235	2357.813	2357.076	2318.911	2321.122	2326.427	2323.479	2323.922
2316.849	2319.059	2321.122	2318.027	2316.996	2349.856	2355.750	2354.866	2315.228	2318.175	2322.890	2319.059	2321.859
2316.701	2320.974	2322.890	2317.585	2320.385	2352.361	2358.992	2356.929	2315.080	2317.438	2325.248	2318.175	2322.890
2317.733	2318.911	2322.890	2316.996	2321.564	2351.329	2356.929	2355.161	2315.522	2318.175	2325.100	2318.322	2323.479
2318.911	2322.301	2323.922	2318.911	2322.890	2353.245	2361.349	2357.518	2318.322	2318.175	2326.869	2317.438	2323.479
2317.585	2319.354	2321.859	2316.406	2323.627	2353.392	2357.371	2354.129	2317.291	2319.206	2325.100	2319.059	2323.332
2320.680	2321.417	2322.743	2321.122	2324.511	2352.066	2359.876	2357.371	2319.943	2319.501	2327.163	2320.827	2324.069
2323.185	2321.417	2322.006	2321.417	2327.753	2350.887	2357.371	2355.161	2322.595	2322.448	2328.932	2322.301	2324.069
2324.069	2324.658	2322.448	2323.479	2327.458	2348.677	2357.666	2357.813	2325.690	2322.595	2329.668	2326.427	2324.069
2323.627	2322.301	2322.448	2323.332	2327.605	2345.583	2353.687	2355.455	2324.658	2321.859	2328.047	2326.721	2321.122
2323.185	2324.511	2320.827	2324.069	2325.690	2344.698	2355.603	2358.550	2325.395	2320.238	2326.721	2329.668	2320.827
2323.774	2322.153	2321.417	2324.658	2325.542	2342.930	2352.361	2359.139	2324.364	2322.595	2326.869	2330.258	2323.774
2325.395	2324.658	2323.774	2325.837	2323.332	2344.256	2355.013	2360.907	2326.721	2320.827	2326.279	2331.289	2323.774
2322.595	2322.890	2322.301	2323.037	2322.006	2343.814	2351.182	2358.108	2322.448	2319.648	2322.595	2326.869	2322.153
2324.511	2324.806	2324.511	2322.890	2321.564	2344.698	2354.129	2357.371	2324.953	2318.764	2322.448	2329.374	2323.774
2321.417	2322.890	2323.185	2324.511	2321.564	2344.256	2353.982	2354.424	2320.532	2318.911	2320.974	2324.953	2323.774
2322.743	2324.511	2323.332	2324.364	2321.269	2346.319	2355.308	2353.540	2322.301	2320.680	2322.743	2325.690	2326.574
2319.796	2322.301	2323.479	2324.216	2321.711	2345.583	2352.656	2348.824	2319.501	2320.090	2322.448	2321.859	2324.511
2322.006	2327.311	2326.132	2325.984	2324.364	2350.003	2355.455	2351.919	2322.890	2322.890	2324.806	2323.185	2325.395
2319.354	2322.743	2324.806	2324.658	2324.953	2348.088	2351.919	2347.646	2320.974	2323.922	2324.658	2321.859	2326.721
2321.122	2325.542	2326.721	2324.806	2327.458	2347.498	2352.066	2348.088	2324.806	2324.511	2328.047	2323.922	2327.163
2317.880	2321.711	2325.690	2324.216	2324.069	2346.319	2346.909	2346.614	2320.238	2322.301	2326.279	2320.385	2326.132
2321.711	2320.827	2325.690	2322.890	2324.658	2345.141	2348.235	2348.088	2323.922	2322.153	2328.637	2323.627	2324.806
2319.648	2318.764	2325.837	2324.216	2322.153	2344.993	2343.814	2347.203	2322.743	2321.269	2326.721	2322.153	2323.627
2322.890	2321.269	2326.427	2324.658	2323.332	2346.909	2349.266	2351.477	2325.837	2322.890	2328.784	2325.984	2325.837
2321.417	2317.438	2326.427	2322.006	2319.354	2342.193	2344.109	2347.351	2323.479	2319.501	2327.753	2323.627	2323.922
2327.458	2324.511	2328.784	2325.984	2320.827	2343.962	2351.182	2353.392	2326.869	2321.711	2330.405	2327.900	2327.016
2324.364	2319.501	2324.806	2324.953	2319.796	2342.046	2347.203	2350.298	2322.595	2319.206	2328.047	2326.574	2324.658
2326.279	2323.037	2324.364	2327.016	2320.532	2342.046	2349.561	2352.214	2326.574	2321.122	2328.490	2327.900	2324.658
2324.806	2324.364	2324.069	2325.690	2319.354	2344.404	2348.530	2353.098	2324.953	2321.711	2327.163	2327.016	2326.574
2324.953	2325.248	2323.922	2325.100	2320.680	2343.372	2352.361	2355.013	2327.016	2322.301	2327.753	2330.995	2327.753
2323.479	2323.332	2323.479	2324.216	2319.501	2341.309	2346.467	2350.445	2323.185	2320.974	2326.721	2326.279	2325.690
2324.216	2325.395	2323.627	2326.132	2323.332	2345.583	2350.740	2355.013	2326.427	2323.479	2328.342	2331.142	2328.784
2318.175	2320.385	2319.501	2319.943	2319.354	2342.636	2343.667	2347.056	2320.827	2318.617	2324.364	2323.037	2322.448
2320.827	2325.984	2323.922	2322.301	2320.680	2347.351	2348.972	2353.245	2325.100	2323.922	2326.279	2325.100	2324.806
2314.933	2322.301	2321.859	2317.143	2318.175	2345.435	2346.614	2348.530	2320.385	2319.354	2324.364	2321.269	2322.448
2315.228	2323.332	2324.216	2320.974	2320.090	2346.467	2347.203	2349.119	2322.006	2320.680	2325.542	2320.974	2321.269
2314.933	2319.943	2321.122	2318.764	2318.764	2346.761	2344.404	2346.172	2318.175	2317.733	2324.658	2317.438	2317.880
2315.817	2323.185	2323.627	2320.238	2319.943	2348.088	2348.677	2348.972	2321.564	2319.501	2327.458	2320.827	2318.175
2314.049	2318.469	2321.122	2319.501	2316.849	2345.730	2344.404	2344.109	2319.059	2316.406	2324.511	2316.701	2313.901
2315.080	2320.238	2324.069	2322.006	2320.532	2344.551	2346.614	2347.940	2320.974	2317.733	2325.100	2319.943	2315.964
2314.786	2315.375	2323.627	2320.974	2315.964	2344.551	2342.488	2344.109	2319.059	2313.901	2322.301	2319.059	2315.080
2322.006	2318.027	2324.953	2326.279	2322.890	2346.025	2346.761	2350.151	2322.595	2318.617	2325.100	2323.774	2316.996
2323.479	2317.585	2325.100	2324.658	2321.269	2345.288	2344.256	2349.266	2323.332	2318.764	2323.922	2324.511	2319.206
2326.427	2320.827	2326.869	2328.637	2323.627	2344.698	2347.056	2353.540	2325.542	2322.890	2324.953	2325.542	2322.595
2323.922	2317.143	2322.743	2325.690	2322.448	2343.225	2343.225	2352.508	2322.890	2320.385	2320.680	2324.069	2321.859
2323.332	2319.648	2323.774	2326.427	2322.301	2343.667	2346.761	2352.950	2320.974	2322.006	2321.269	2325.542	2323.922
2324.511	2316.554	2320.385	2324.806	2319.354	2344.109	2344.109	2352.656	2320.532	2320.974	2321.269	2324.511	2322.006
2322.448	2318.764	2320.238	2325.984	2323.037	2342.488	2346.319	2351.035	2320.680	2323.037	2322.153	2324.806	2323.774
2322.301	2318.911	2321.859	2325.837	2318.911	2342.193	2345.730	2351.182	2320.827	2322.595	2322.006	2323.185	2324.069
2320.090	2319.059	2321.269	2323.479	2319.354	2342.341	2348.088	2349.709	2320.090	2322.595	2323.185	2322.448	2323.185
2318.175	2318.027	2320.238	2320.680	2317.585	2342.488	2346.761	2345.435	2318.027	2319.059	2322.153	2320.532	2320.827
2319.796	2320.680	2323.185	2321.122	2320.090	2344.993	2348.530	2346.614	2320.680	2322.743	2325.690	2320.827	2322.153
2318.911	2318.617	2320.974	2317.291	2318.911	2343.520	2345.435	2343.372	2320.385	2318.027	2323.922	2320.974	2320.385
2319.354	2323.774	2324.511	2321.859	2320.974	2346.319	2346.761	2343.814	2321.711	2322.301	2325.542	2322.301	2320.974
2320.974	2320.827	2322.743	2319.059	2318.911	2346.172	2345.583	2345.435	2321.564	2319.206	2324.953	2321.269	2320.385
2319.501	2324.364	2322.743	2319.501	2320.680	2347.940	2344.551	2344.551	2322.301	2322.448	2324.806	2322.743	2320.532
2317.880	2320.385	2319.059	2316.996	2320.532	2344.404	2342.341	2341.899	2319.943	2317.291	2322.595	2320.827	2319.059
2318.911	2322.301	2319.354	2317.880	2319.943	2343.372	2341.457	2344.109	2322.301	2318.617	2322.890	2321.711	2319.943
2317.880	2318.469	2319.943	2316.701	2318.764	2341.457	2339.394	2343.520	2318.469	2314.933	2322.743	2321.564	2318.322
2321.564	2320.238	2320.090	2321.122	2319.796	2341.899	2341.899	2347.646	2323.479	2321.122	2324.069	2320.974	2321.564
2319.648	2317.438	2321.122	2317.733	2319.943	2342.046	2342.193	2346.761	2319.206	2317.733	2322.743	2320.385	2323.037
2320.974	2322.448	2322.448	2320.680	2322.153	2343.962	2346.909	2350.003	2324.216	2322.006	2325.690	2324.511	2326.574
2321.859	2319.501	2320.974	2319.354	2322.743	2343.520	2348.235	2351.035	2321.122	2319.501	2325.984	2323.627	2325.690
2324.511	2325.100	2325.100	2325.248	2323.774	2347.351	2349.856	2353.687	2324.658	2325.690	2329.079	2328.490	2328.932
2323.774	2322.448	2323.185	2323.774	2323.332	2346.909	2349.709	2353.982	2320.974	2325.100	2327.753	2327.311	2327.605
2322.890	2325.100	2321.564	2325.542	2323.185	2348.088	2351.329	2352.950	2322.595	2326.574	2326.574	2327.311	2329.816
2322.153	2323.922	2322.301	2322.743	2323.332	2346.909	2349.561	2350.887	2317.880	2321.859	2326.279	2324.216	2327.311
2323.922	2325.100	2322.595	2323.922	2323.774	2347.498	2351.624	2352.508	2323.627	2326.574	2328.490	2326.721	2327.753
2321.859	2325.690	2320.680	2320.827	2322.006	2344.846	2346.467	2348.088	2318.911	2322.448	2325.542	2322.890	2321.711
2321.122	2324.216	2321.417	2319.501	2320.827	2344.698	2345.583	2345.877	2319.501	2324.216	2324.364	2321.711	2321.711
2320.090	2323.037	2319.943	2316.554	2319.648	2342.193	2342.488	2344.993	2316.849	2319.501	2319.943	2318.617	2318.617
2320.532	2324.953	2323.185	2318.027	2322.448	2346.909	2345.583	2345.583	2320.974	2323.332	2324.364	2320.238	2319.648
2321.711	2324.216	2321.859	2319.059	2321.564	2344.698	2343.078	2347.056	2321.417	2320.974	2321.564	2321.417	2321.122
2320.680	2323.627	2321.564	2319.354	2320.827	2347.498	2347.940	2348.824	2322.890	2323.332	2321.859	2323.922	2320.827
2320.385	2321.269	2321.269	2318.617	2320.385	2343.667	2345.141	2347.940	2320.680	2319.648	2319.059	2322.301	2318.911
2323.479	2320.532	2322.448	2320.974	2320.680	2345.141	2346.909	2350.445	2322.301	2323.332	2319.796	2324.216	2321.859
2323.037	2320.974	2323.627	2322.006	2320.827	2342.636	2346.467	2350.740	2322.890	2319.648	2320.827	2325.984	2322.006
2325.984	2321.122	2323.185	2323.185	2320.827	2342.636	2349.561	2352.950	2323.774	2322.890	2322.448	2326.721	2323.922
2322.595	2319.206	2323.037	2322.153	2320.090	2336.594	2345.583	2350.003	2320.090	2318.617	2318.322	2324.658	2323.185
2324.658	2319.501	2322.595	2320.385	2319.059	2338.215	2347.793	2348.382	2318.322	2319.943	2320.385	2324.953	2320.827
2321.269	2318.617	2321.417	2319.501	2318.322	2334.236	2342.636	2347.646	2315.964	2319.059	2318.617	2323.774	2319.943
2324.658	2321.859	2320.385	2320.827	2317.880	2337.331	2345.435	2347.203	2316.259	2320.385	2321.269	2325.100	2323.037
2318.322	2319.206	2317.880	2318.764	2316.849	2334.089	2342.783	2345.288	2315.522	2317.733	2319.943	2321.122	2321.269
2318.175	2320.090	2317.585	2319.796	2315.964	2334.826	2342.636	2342.783	2313.607	2315.964	2320.090	2321.417	2321.564
2315.228	2320.090	2319.796	2319.648	2317.291	2335.415	2342.783	2342.193	2313.754	2316.112	2322.153	2321.122	2322.301
2317.438	2320.974	2320.238	2321.564	2318.175	2337.920	2345.877	2342.636	2315.670	2317.438	2323.922	2323.627	2323.922
2316.554	2323.185	2322.595	2324.216	2319.648	2337.183	2343.078	2341.899	2317.438	2316.406	2323.332	2320.827	2325.837
2321.859	2324.953	2324.364	2325.395	2323.037	2339.541	2341.899	2341.162	2319.796	2316.112	2325.837	2324.364	2326.574
2317.143	2324.364	2323.479	2324.069	2322.301	2337.036	2337.183	2339.394	2318.617	2311.986	2322.006	2321.269	2325.984
2320.532	2323.479	2327.163	2323.332	2324.511	2336.299	2337.331	2337.920	2318.322	2313.165	2322.743	2325.690	2325.984
2317.880	2322.448	2324.806	2319.943	2323.185	2336.447	2332.615	2336.889	2317.880	2313.312	2319.501	2323.037	2322.890
2319.648	2320.827	2326.721	2319.943	2323.774	2333.942	2331.879	2335.857	2317.438	2312.575	2318.175	2323.185	2322.006
2319.059	2318.911	2322.153	2315.670	2323.185	2332.173	2327.458	2333.942	2315.670	2311.102	2314.786	2321.122	2319.354
2320.238	2317.585	2324.953	2315.228	2322.153	2331.437	2328.932	2335.710	2317.880	2314.049	2317.733	2325.395	2320.090
2317.585	2317.438	2323.185	2315.817	2322.595	2330.405	2330.110	2334.678	2317.585	2315.817	2315.228	2322.595	2321.269
2320.827	2317.143	2323.479	2317.585	2321.711	2330.700	2332.468	2336.299	2318.027	2318.469	2320.385	2325.248	2321.122
2317.143	2316.849	2320.385	2317.143	2318.469	2329.963	2330.405	2333.942	2318.617	2316.406	2318.911	2322.301	2320.532
2320.680	2318.027	2320.090	2319.648	2319.354	2329.668	2333.352	2334.531	2319.206	2317.585	2320.680	2324.069	2323.627
2316.701	2317.291	2316.112	2318.322	2315.522	2329.226	2331.437	2331.584	2320.532	2318.617	2319.796	2323.037	2321.711
2318.911	2320.974	2320.238	2322.890	2316.554	2329.963	2334.236	2332.468	2321.417	2318.764	2323.774	2324.658	2324.658
2314.049	2318.322	2314.049	2318.911	2315.670	2328.047	2331.437	2329.963	2316.849	2316.849	2318.911	2320.090	2319.648
2314.786	2319.648	2316.406	2320.974	2314.933	2328.637	2332.910	2329.374	2316.701	2315.964	2320.532	2320.827	2321.122
2311.986	2318.175	2316.406	2319.354	2315.375	2326.869	2330.847	2326.574	2314.933	2314.786	2316.996	2318.027	2319.354
2316.554	2320.827	2319.059	2322.890	2318.027	2328.490	2332.026	2328.637	2314.196	2315.817	2319.648	2319.943	2322.153
2312.870	2319.059	2319.059	2322.301	2316.701	2326.279	2329.963	2327.016	2313.459	2314.049	2319.206	2316.554	2322.301
2316.849	2320.090	2320.385	2321.417	2319.648	2329.521	2329.374	2328.784	2312.870	2313.754	2322.301	2319.943	2322.595
2314.196	2315.522	2318.322	2320.238	2315.670	2324.658	2325.248	2327.016	2311.544	2313.165	2318.469	2316.112	2320.827
2319.354	2318.322	2323.185	2322.006	2318.322	2327.753	2327.458	2329.374	2315.964	2314.344	2322.448	2319.648	2323.185
2316.701	2314.049	2320.827	2319.059	2315.964	2322.448	2322.153	2327.458	2314.049	2313.607	2318.322	2316.406	2318.175
2316.701	2316.701	2319.943	2316.849	2315.228	2322.595	2322.448	2328.047	2315.670	2314.786	2319.354	2318.469	2320.090
2312.723	2313.312	2316.259	2311.691	2311.986	2318.911	2320.974	2326.279	2313.312	2313.312	2315.080	2315.670	2316.259
2317.438	2314.491	2316.112	2310.512	2313.459	2319.943	2322.890	2327.605	2315.670	2315.964	2315.522	2319.059	2316.112
2314.786	2314.638	2315.964	2312.133	2312.575	2317.438	2322.743	2326.132	2315.817	2314.638	2312.575	2316.554	2316.701
2320.680	2319.648	2318.027	2314.638	2315.080	2323.479	2327.605	2330.847	2321.711	2321.711	2317.143	2322.595	2319.648
2315.228	2316.849	2316.554	2314.196	2313.607	2319.354	2326.132	2325.395	2318.175	2317.291	2314.344	2319.943	2318.027
2320.827	2321.417	2318.027	2317.143	2315.375	2323.479	2331.142	2327.311	2319.943	2322.006	2319.354	2324.364	2322.743
2318.911	2318.617	2318.175	2318.175	2318.027	2323.479	2330.847	2327.311	2319.648	2319.648	2317.585	2323.774	2320.532
2321.564	2319.943	2319.501	2322.006	2319.501	2326.869	2332.321	2326.132	2319.796	2319.943	2319.943	2324.658	2322.448
2317.291	2317.291	2319.796	2321.417	2316.554	2324.953	2329.816	2326.427	2316.259	2316.849	2319.206	2320.532	2320.090
2318.617	2318.027	2319.648	2321.564	2316.996	2325.837	2329.374	2326.427	2318.027	2315.964	2319.796	2321.564	2321.417
2311.102	2314.196	2315.964	2316.849	2314.786	2320.090	2323.627	2320.238	2310.807	2308.744	2314.638	2314.491	2316.406
2316.554	2316.996	2317.585	2319.796	2315.817	2321.859	2323.774	2324.216	2313.754	2313.312	2315.522	2319.501	2318.617
2313.017	2316.406	2317.438	2314.196	2313.459	2320.827	2319.354	2322.006	2313.312	2308.302	2315.817	2314.933	2318.027
2319.059	2317.291	2320.827	2319.648	2315.080	2321.859	2320.827	2325.100	2315.964	2313.165	2318.764	2319.059	2319.059
2333.205	2327.016	2335.268	2336.299	2321.859	2321.859	2323.922	2334.236	2328.047	2323.922	2317.733	2347.646	2324.953
2315.670	2324.953	2319.796	2296.072	2306.386	2323.922	2314.638	2317.733	2315.670	2307.418	2332.173	2302.260	2329.079
2345.583	2322.890	2339.394	2350.740	2339.394	2331.142	2335.268	2349.709	2332.173	2340.425	2331.142	2348.677	2322.890
