2339.394	2341.457	2347.646	2336.299	2336.299	2386.842	2408.503	2400.251	2350.740	2342.488	2340.425	2327.016	2334.236
2349.709	2344.551	2365.181	2361.055	2346.614	2401.282	2413.660	2416.755	2352.803	2347.646	2346.614	2337.331	2337.331
2355.897	2356.929	2340.425	2350.740	2362.086	2412.629	2436.353	2432.227	2347.646	2358.992	2358.992	2349.709	2349.709
2348.677	2349.414	2351.035	2348.824	2349.856	2408.061	2421.323	2421.175	2351.624	2347.498	2351.035	2342.783	2346.025
2346.909	2347.351	2348.824	2349.266	2350.887	2411.008	2421.028	2424.270	2352.656	2346.467	2351.182	2344.256	2347.056
2348.677	2350.151	2346.909	2348.972	2352.214	2414.250	2424.712	2427.364	2352.803	2346.025	2353.687	2346.025	2350.298
2345.877	2347.203	2347.793	2348.972	2350.740	2415.134	2423.238	2428.248	2352.214	2342.193	2354.424	2345.288	2350.003
2345.288	2348.088	2345.583	2348.530	2348.824	2416.607	2426.185	2431.195	2349.856	2340.720	2352.361	2345.141	2349.266
2344.404	2348.382	2349.856	2350.298	2352.066	2419.702	2428.985	2434.732	2354.276	2343.814	2357.518	2346.319	2350.740
2346.761	2349.561	2348.677	2349.856	2351.477	2422.354	2434.290	2440.037	2353.687	2341.457	2356.045	2348.235	2348.088
2344.551	2349.119	2350.593	2350.887	2350.887	2425.891	2436.795	2441.215	2355.308	2344.109	2356.782	2346.761	2348.824
2348.235	2353.687	2354.424	2352.214	2351.329	2431.343	2444.162	2447.699	2355.750	2347.056	2357.960	2349.856	2349.266
2348.088	2353.687	2355.750	2351.919	2351.477	2434.584	2447.552	2449.467	2358.255	2348.382	2356.782	2350.003	2347.940
2349.414	2355.455	2357.224	2350.298	2349.119	2434.732	2450.793	2453.446	2359.876	2350.298	2353.540	2350.151	2347.498
2352.656	2356.192	2359.287	2352.214	2352.508	2438.416	2454.477	2455.067	2361.644	2352.066	2356.192	2349.856	2347.203
2355.013	2358.844	2358.697	2351.477	2352.950	2441.363	2457.130	2458.751	2360.760	2354.129	2354.276	2350.298	2347.646
2356.487	2359.581	2360.760	2353.540	2354.129	2442.689	2459.782	2459.929	2361.939	2355.750	2357.813	2349.414	2351.919
2357.960	2358.844	2357.371	2351.919	2354.276	2445.047	2459.929	2463.171	2360.171	2353.245	2355.308	2351.624	2351.624
2356.192	2357.960	2356.929	2353.245	2355.013	2444.752	2460.224	2461.403	2359.876	2355.750	2355.897	2349.266	2352.803
2356.339	2356.782	2354.571	2351.624	2353.687	2445.341	2458.014	2462.287	2356.192	2352.656	2355.308	2348.382	2353.098
2355.750	2356.045	2355.750	2353.540	2356.782	2449.467	2460.961	2462.287	2358.844	2354.424	2358.108	2349.119	2354.719
2355.013	2355.603	2352.066	2351.919	2353.982	2450.646	2459.045	2463.908	2355.308	2350.445	2357.224	2349.119	2355.013
2350.151	2351.329	2349.856	2351.477	2352.508	2451.235	2461.403	2466.118	2353.392	2348.382	2354.424	2347.498	2352.950
2348.088	2350.151	2348.972	2350.003	2352.214	2453.888	2461.845	2468.476	2352.508	2346.319	2352.803	2346.909	2352.656
2346.467	2350.593	2352.066	2351.035	2352.950	2454.183	2463.171	2471.865	2355.013	2347.940	2355.750	2347.203	2353.834
2349.561	2350.151	2352.361	2351.035	2354.719	2457.866	2466.118	2475.107	2355.750	2345.877	2353.834	2349.561	2355.603
2349.266	2351.919	2354.276	2352.066	2353.834	2461.550	2472.749	2482.769	2359.434	2349.414	2356.634	2350.003	2355.750
2349.856	2352.508	2352.214	2350.593	2353.245	2461.992	2472.749	2481.885	2356.929	2347.351	2353.540	2348.382	2353.540
2348.677	2349.414	2352.066	2349.119	2350.298	2459.487	2473.633	2478.938	2357.960	2348.235	2352.214	2347.056	2352.066
2350.298	2352.214	2352.508	2350.445	2349.266	2460.813	2471.128	2475.549	2358.697	2347.940	2351.329	2344.404	2351.477
2350.151	2352.066	2350.887	2347.646	2346.467	2458.603	2471.128	2472.454	2359.287	2348.972	2350.151	2344.846	2348.382
2348.677	2350.445	2347.498	2347.498	2344.256	2458.751	2471.423	2471.128	2357.371	2348.235	2346.614	2342.488	2345.288
2345.288	2350.445	2347.498	2343.962	2341.899	2456.246	2470.097	2471.423	2356.634	2346.467	2348.677	2340.278	2343.078
2345.435	2348.677	2344.846	2342.193	2344.109	2456.982	2467.739	2466.855	2355.750	2345.141	2345.730	2341.457	2342.783
2343.667	2350.445	2347.203	2343.667	2344.256	2457.866	2469.802	2469.802	2357.076	2345.288	2347.940	2343.814	2346.319
2344.109	2351.771	2345.141	2342.930	2346.467	2460.371	2470.097	2472.012	2354.424	2348.382	2348.824	2343.372	2347.056
2341.604	2349.561	2345.583	2341.899	2346.172	2458.014	2472.012	2473.633	2353.392	2345.435	2350.298	2345.730	2347.793
2341.604	2350.887	2345.141	2343.372	2348.530	2459.487	2470.834	2474.959	2351.182	2346.614	2351.035	2345.288	2349.414
2341.457	2350.887	2348.235	2343.667	2350.445	2459.487	2475.107	2477.170	2351.771	2346.319	2352.508	2347.646	2352.214
2339.246	2350.151	2344.698	2343.372	2348.824	2458.898	2472.160	2475.402	2351.329	2345.141	2350.298	2345.435	2350.003
2336.741	2347.793	2346.761	2344.993	2347.498	2456.246	2473.339	2476.728	2349.266	2344.698	2351.624	2342.783	2348.972
2338.510	2346.467	2342.783	2343.667	2346.909	2454.772	2469.360	2473.633	2347.203	2343.225	2348.972	2339.836	2343.372
2337.625	2345.288	2345.288	2346.172	2344.404	2455.509	2470.539	2478.054	2349.561	2341.162	2348.530	2340.720	2345.583
2341.457	2346.761	2346.025	2345.877	2346.319	2456.835	2469.213	2478.201	2350.740	2344.551	2346.909	2341.015	2344.551
2341.604	2345.288	2346.909	2347.203	2343.372	2458.456	2471.570	2482.475	2351.624	2341.751	2347.940	2337.773	2343.962
2340.867	2345.288	2345.141	2345.141	2342.193	2457.277	2466.708	2479.085	2350.445	2341.604	2344.109	2336.299	2339.099
2343.667	2345.730	2344.551	2346.761	2342.193	2458.898	2469.507	2482.622	2348.824	2343.225	2345.877	2336.152	2338.657
2342.783	2345.877	2343.814	2346.172	2340.720	2458.161	2466.855	2479.675	2348.677	2342.488	2341.899	2336.889	2337.920
2343.078	2346.025	2342.783	2345.141	2341.015	2460.961	2471.865	2483.359	2349.266	2344.993	2343.520	2337.331	2340.720
2342.488	2349.414	2346.172	2344.993	2346.319	2463.319	2475.696	2483.801	2351.919	2346.761	2345.435	2338.215	2340.425
2341.309	2348.530	2342.046	2342.193	2343.078	2465.087	2478.496	2488.074	2351.329	2347.056	2346.467	2337.773	2341.015
2336.005	2345.730	2339.983	2338.068	2342.636	2462.729	2477.465	2484.685	2348.530	2342.783	2342.488	2337.331	2338.804
2337.478	2346.172	2339.983	2337.625	2343.225	2466.560	2482.475	2489.990	2349.856	2344.551	2345.288	2337.920	2341.162
2335.120	2344.993	2341.015	2334.826	2345.141	2469.065	2483.359	2489.990	2348.088	2341.457	2344.404	2338.068	2342.488
2334.236	2346.614	2340.130	2332.910	2347.351	2472.749	2487.337	2495.589	2349.709	2341.162	2345.730	2337.773	2343.078
2330.258	2341.604	2339.983	2331.289	2344.846	2472.897	2483.359	2496.031	2344.551	2337.036	2343.078	2336.299	2340.573
2330.552	2339.688	2334.678	2330.258	2341.162	2472.749	2481.738	2495.294	2343.962	2333.352	2341.457	2334.384	2338.657
2328.784	2336.152	2336.152	2330.995	2343.962	2470.244	2477.170	2491.611	2341.309	2330.995	2339.836	2332.615	2338.068
2333.500	2337.773	2338.068	2333.352	2344.993	2474.223	2478.054	2492.937	2345.141	2337.478	2341.015	2334.089	2341.457
2332.468	2336.299	2337.331	2333.057	2345.435	2469.949	2472.749	2488.811	2343.225	2335.710	2338.362	2332.763	2338.362
2336.152	2336.447	2339.246	2336.889	2344.404	2469.949	2473.044	2489.548	2346.025	2338.510	2338.804	2334.384	2339.246
2338.952	2336.152	2339.099	2339.099	2345.583	2467.444	2471.718	2485.422	2345.877	2339.983	2338.657	2335.415	2338.657
2342.488	2339.688	2342.930	2341.604	2345.435	2464.203	2473.486	2486.895	2348.824	2343.078	2339.688	2334.973	2338.215
2343.962	2339.246	2341.604	2339.394	2345.141	2460.371	2471.128	2482.180	2346.467	2344.109	2338.362	2334.384	2338.362
2343.372	2341.162	2343.372	2341.751	2342.341	2458.898	2471.865	2481.738	2347.793	2344.551	2338.215	2334.531	2336.299
2341.751	2340.720	2339.983	2339.246	2343.225	2454.919	2471.423	2477.907	2345.288	2342.783	2338.804	2334.531	2334.384
2341.162	2342.636	2340.720	2341.604	2341.751	2453.741	2472.012	2475.696	2345.877	2342.488	2340.278	2334.531	2337.478
2337.773	2341.309	2337.036	2336.889	2339.688	2448.141	2469.065	2469.213	2343.667	2342.341	2337.183	2332.910	2334.531
2334.531	2340.130	2336.594	2337.183	2337.183	2446.373	2465.529	2467.444	2342.341	2339.099	2337.036	2330.258	2334.384
2335.120	2339.394	2334.236	2335.268	2339.541	2446.225	2460.961	2460.813	2340.720	2339.836	2338.215	2331.731	2336.447
2333.057	2341.751	2337.920	2338.510	2342.636	2448.436	2463.908	2464.497	2342.783	2339.541	2340.573	2334.089	2337.183
2333.057	2338.362	2334.678	2335.120	2342.930	2446.815	2460.666	2461.845	2341.309	2336.005	2339.688	2332.910	2337.773
2333.794	2338.510	2336.889	2337.331	2342.193	2447.552	2459.929	2463.761	2339.541	2335.563	2337.331	2332.026	2337.625
2334.236	2334.826	2336.447	2335.268	2341.899	2447.257	2457.719	2463.761	2340.720	2332.910	2339.246	2329.816	2337.478
2334.678	2335.120	2337.773	2338.510	2344.551	2447.552	2454.477	2465.529	2339.688	2330.552	2338.510	2331.142	2339.099
2335.857	2332.763	2337.773	2336.299	2341.751	2445.341	2454.919	2465.824	2338.510	2332.468	2340.130	2329.079	2337.920
2334.826	2331.584	2337.773	2338.362	2341.457	2445.783	2457.130	2469.507	2340.867	2331.731	2338.510	2330.700	2336.741
2334.826	2327.605	2338.804	2336.152	2336.741	2447.552	2455.509	2468.181	2337.920	2331.142	2336.299	2326.869	2333.205
2335.120	2332.173	2337.920	2337.478	2337.183	2446.962	2457.130	2472.454	2339.394	2333.500	2335.857	2329.079	2333.205
2335.857	2331.731	2338.215	2339.099	2335.563	2447.404	2456.393	2470.097	2340.720	2333.794	2336.005	2327.605	2331.584
2336.447	2334.236	2336.741	2338.657	2336.005	2448.141	2459.045	2474.665	2339.983	2337.183	2334.531	2328.047	2330.700
2336.152	2334.384	2335.268	2339.836	2335.268	2447.699	2461.256	2473.339	2341.457	2338.215	2337.183	2328.195	2329.521
2337.331	2338.362	2336.594	2339.394	2339.246	2447.699	2460.224	2473.486	2342.193	2339.688	2337.036	2332.321	2331.437
2337.331	2340.867	2335.415	2338.362	2338.952	2447.552	2461.108	2471.423	2343.078	2340.278	2339.394	2330.847	2334.236
2336.889	2341.899	2333.352	2339.099	2341.162	2444.605	2459.193	2469.949	2343.814	2339.541	2340.130	2332.910	2335.415
2334.973	2340.867	2334.973	2337.478	2340.720	2447.257	2460.077	2466.855	2342.488	2341.015	2341.899	2331.584	2335.268
2336.152	2340.278	2335.857	2337.036	2344.551	2446.962	2461.108	2470.244	2346.467	2340.573	2344.698	2335.563	2338.362
2335.415	2339.099	2337.920	2339.099	2344.698	2446.373	2459.487	2464.939	2344.256	2341.162	2343.225	2338.068	2340.130
2337.920	2342.193	2341.015	2338.068	2344.846	2447.552	2458.898	2465.381	2346.319	2339.836	2346.172	2337.773	2341.015
2336.447	2337.625	2338.804	2337.920	2344.551	2447.404	2454.625	2461.698	2343.078	2340.425	2343.372	2336.594	2339.836
2337.478	2338.362	2341.162	2339.983	2344.551	2446.225	2452.562	2459.929	2345.288	2339.983	2345.730	2338.362	2339.836
2338.804	2335.857	2340.425	2340.425	2345.877	2443.131	2447.699	2456.540	2343.372	2340.573	2342.930	2337.478	2340.130
2341.162	2333.942	2341.457	2341.751	2344.404	2438.121	2442.394	2452.709	2344.551	2339.836	2343.667	2336.299	2338.510
2338.510	2333.647	2339.394	2340.425	2345.288	2435.911	2435.911	2447.699	2339.836	2340.720	2341.015	2335.857	2336.299
2338.215	2334.678	2338.804	2339.983	2343.667	2430.459	2430.901	2443.573	2340.867	2339.099	2340.573	2333.057	2334.678
2336.447	2332.321	2336.152	2338.952	2343.814	2429.574	2428.248	2440.773	2338.657	2339.099	2336.299	2331.437	2333.352
2336.889	2334.826	2338.657	2338.215	2340.867	2426.922	2429.574	2439.889	2340.720	2337.331	2338.068	2330.847	2332.321
2334.826	2333.205	2334.236	2337.920	2338.952	2425.006	2426.333	2435.616	2335.710	2336.447	2333.942	2326.574	2329.079
2336.005	2337.478	2337.036	2336.299	2339.246	2425.743	2429.869	2436.795	2338.657	2338.804	2337.036	2330.995	2330.700
2335.563	2339.836	2334.973	2337.920	2340.720	2426.333	2431.195	2436.058	2338.804	2337.625	2336.447	2331.584	2333.647
2335.710	2342.341	2335.120	2336.152	2337.920	2423.680	2432.669	2434.290	2340.425	2336.741	2339.688	2330.847	2334.236
2334.973	2342.636	2334.089	2335.710	2338.510	2426.185	2433.995	2435.027	2340.425	2337.625	2341.457	2332.321	2333.942
2334.236	2343.667	2334.531	2336.889	2337.920	2425.449	2436.795	2435.763	2342.341	2338.068	2343.667	2333.942	2335.857
2331.289	2340.720	2332.026	2337.036	2338.804	2423.975	2434.732	2433.700	2339.983	2337.625	2342.046	2332.026	2336.299
2331.142	2341.015	2336.152	2337.036	2341.162	2425.743	2436.058	2436.500	2343.078	2337.478	2343.520	2335.857	2338.657
2326.869	2336.005	2332.615	2336.889	2337.920	2424.270	2432.669	2433.553	2338.657	2335.120	2341.899	2331.437	2336.447
2326.869	2335.268	2333.942	2335.268	2337.183	2426.922	2433.406	2435.469	2339.541	2335.857	2341.162	2332.910	2336.594
2326.279	2331.584	2333.352	2335.857	2334.826	2428.248	2432.079	2437.237	2336.299	2335.710	2340.130	2331.142	2336.152
2327.163	2333.794	2333.794	2335.563	2336.889	2428.101	2432.079	2437.679	2336.299	2335.120	2338.510	2331.584	2333.794
2327.753	2331.584	2334.826	2334.973	2334.678	2425.596	2428.396	2436.205	2333.794	2335.415	2339.246	2331.142	2333.205
2329.816	2334.089	2335.563	2335.415	2333.942	2429.869	2427.511	2437.532	2335.563	2334.089	2338.952	2333.352	2331.437
2330.700	2333.057	2334.236	2331.731	2331.437	2426.922	2428.543	2436.500	2334.236	2333.794	2336.152	2332.910	2329.668
2334.236	2337.331	2335.857	2335.710	2332.615	2430.164	2429.280	2439.447	2338.068	2335.857	2337.183	2332.763	2329.668
2334.531	2336.889	2336.299	2333.794	2332.763	2426.627	2429.280	2438.268	2336.005	2336.447	2336.889	2334.678	2328.637
2335.415	2338.804	2335.268	2335.563	2333.647	2427.659	2430.016	2438.858	2338.657	2337.331	2336.299	2334.531	2328.637
2334.236	2334.826	2335.120	2333.647	2331.437	2427.806	2430.753	2439.300	2338.068	2337.773	2337.773	2335.710	2331.142
2335.268	2334.973	2333.647	2335.415	2334.089	2430.164	2432.816	2443.278	2338.804	2336.152	2336.005	2333.500	2330.258
2333.500	2334.089	2334.089	2333.500	2334.678	2428.543	2435.321	2443.131	2338.657	2338.952	2336.741	2332.910	2331.584
2330.552	2333.647	2331.584	2332.321	2333.500	2429.280	2432.816	2441.363	2335.563	2336.152	2336.594	2329.079	2331.879
2330.110	2331.731	2332.763	2328.932	2334.384	2425.743	2431.932	2437.089	2336.152	2334.384	2336.447	2328.784	2332.910
2328.195	2331.731	2331.142	2330.700	2334.678	2426.333	2430.311	2435.174	2335.268	2332.173	2337.036	2326.574	2332.615
2328.195	2329.963	2331.142	2329.374	2334.973	2422.354	2428.396	2430.016	2333.205	2328.490	2335.268	2327.016	2332.173
2329.963	2332.321	2332.321	2332.321	2336.447	2422.501	2427.806	2429.869	2333.205	2328.637	2336.594	2326.721	2332.026
2328.195	2330.995	2332.615	2329.668	2334.531	2419.849	2425.891	2423.091	2333.794	2328.932	2334.089	2328.195	2334.384
2330.258	2330.552	2332.173	2332.321	2335.857	2418.818	2421.175	2421.912	2332.763	2326.574	2337.036	2328.047	2333.057
2332.615	2331.731	2334.089	2335.120	2334.826	2418.376	2419.996	2420.881	2334.826	2328.932	2336.447	2329.374	2334.384
2330.995	2331.289	2332.173	2336.152	2334.678	2414.839	2418.376	2421.912	2333.057	2329.374	2337.773	2330.995	2332.026
2332.321	2332.910	2333.352	2337.183	2332.910	2416.755	2418.670	2422.059	2334.531	2329.668	2334.678	2329.668	2332.468
2331.731	2333.352	2335.268	2338.510	2333.647	2416.755	2419.260	2425.449	2335.857	2332.763	2336.447	2330.995	2332.173
2333.352	2333.205	2336.594	2337.625	2331.879	2420.586	2423.238	2427.217	2338.068	2334.826	2335.120	2331.584	2333.794
2334.384	2335.415	2338.657	2339.394	2333.205	2421.323	2424.122	2430.459	2337.625	2337.625	2336.447	2332.615	2332.615
2334.089	2337.036	2337.920	2338.215	2332.615	2422.207	2428.248	2433.700	2339.541	2337.773	2333.352	2331.142	2335.120
2336.005	2336.299	2340.720	2339.246	2337.625	2423.386	2432.964	2438.858	2340.867	2339.394	2337.036	2333.942	2334.089
2334.089	2336.594	2338.068	2337.183	2335.415	2428.543	2437.826	2441.510	2341.162	2340.573	2334.236	2330.995	2335.268
2338.068	2337.773	2342.488	2339.688	2338.804	2431.343	2441.657	2446.668	2342.341	2340.573	2338.510	2334.531	2337.183
2336.889	2340.130	2341.751	2337.920	2339.099	2434.142	2444.752	2446.668	2344.993	2340.867	2338.657	2332.615	2338.068
2337.183	2340.278	2342.488	2337.183	2341.604	2435.469	2446.078	2450.793	2342.488	2336.594	2339.541	2333.500	2338.215
2334.531	2338.952	2340.130	2334.678	2340.720	2439.005	2449.025	2453.151	2343.225	2334.826	2339.099	2330.552	2336.741
2333.205	2336.152	2339.688	2335.120	2339.836	2440.037	2450.351	2451.825	2341.457	2333.647	2339.541	2330.995	2336.594
2328.784	2337.773	2336.447	2333.352	2335.415	2438.563	2446.520	2448.436	2341.751	2332.468	2337.625	2327.311	2334.973
2330.700	2335.710	2338.215	2333.794	2339.099	2436.058	2444.162	2445.489	2339.836	2332.321	2338.068	2329.816	2333.647
2326.574	2335.268	2333.057	2330.110	2334.678	2429.427	2437.384	2439.742	2338.068	2332.026	2336.447	2326.574	2328.932
2328.932	2332.910	2334.678	2332.026	2336.594	2428.396	2434.290	2437.974	2334.826	2330.995	2337.478	2328.342	2330.110
2325.542	2331.731	2331.437	2331.584	2333.205	2420.586	2425.596	2429.574	2335.120	2331.584	2333.500	2325.248	2325.984
2327.016	2330.847	2332.026	2332.910	2334.384	2415.281	2419.260	2424.712	2333.500	2331.142	2334.384	2327.458	2327.753
2327.163	2332.321	2332.026	2332.910	2333.057	2408.945	2416.460	2421.617	2333.647	2331.584	2331.731	2328.342	2325.395
2330.258	2331.142	2332.910	2333.942	2335.120	2409.682	2414.102	2420.144	2332.763	2331.437	2332.026	2330.700	2325.395
2331.142	2333.352	2333.352	2336.299	2334.089	2406.882	2411.745	2419.996	2333.352	2330.110	2331.584	2330.700	2327.016
2332.615	2332.321	2336.594	2335.710	2338.362	2409.092	2412.039	2418.081	2335.120	2332.468	2332.173	2333.057	2331.142
2330.847	2331.731	2333.942	2333.352	2332.910	2402.461	2407.324	2413.218	2334.236	2328.784	2329.079	2330.995	2327.605
2331.731	2333.057	2335.710	2334.089	2336.152	2402.756	2407.324	2411.892	2335.563	2329.668	2333.647	2332.026	2330.847
2331.437	2333.794	2334.973	2331.289	2335.120	2400.398	2405.261	2408.061	2334.973	2329.668	2333.205	2331.437	2329.521
2332.173	2334.089	2335.268	2333.352	2337.478	2402.167	2403.345	2406.292	2334.678	2330.258	2335.710	2330.405	2332.468
2330.552	2333.205	2335.415	2332.026	2339.099	2399.219	2402.903	2405.556	2335.120	2332.026	2335.857	2330.405	2333.794
2329.226	2336.299	2334.531	2331.437	2339.836	2399.956	2401.872	2404.230	2335.415	2331.879	2337.625	2329.079	2334.236
2327.753	2334.236	2334.531	2332.615	2338.952	2396.714	2400.398	2404.230	2336.005	2330.995	2338.657	2328.637	2334.236
2327.458	2337.183	2334.678	2333.942	2339.688	2399.662	2403.198	2405.998	2335.415	2334.384	2340.425	2327.900	2338.068
2326.279	2332.026	2331.731	2332.173	2334.826	2397.599	2402.903	2405.556	2333.647	2332.763	2338.068	2325.395	2333.647
2326.869	2334.236	2332.173	2334.236	2333.500	2399.956	2404.819	2409.387	2332.173	2333.205	2339.836	2326.132	2336.005
2327.163	2333.057	2332.468	2332.615	2331.584	2398.483	2404.082	2410.860	2331.584	2332.615	2338.657	2327.163	2332.763
2326.721	2332.763	2331.437	2333.500	2328.195	2400.398	2403.198	2412.039	2329.226	2330.552	2338.952	2325.984	2333.205
2327.605	2329.521	2331.879	2331.731	2324.806	2397.451	2402.756	2411.745	2329.668	2330.258	2336.005	2326.427	2330.552
2328.637	2332.321	2330.258	2331.879	2324.953	2400.398	2403.345	2413.808	2328.195	2330.405	2337.773	2325.395	2328.784
2328.195	2329.079	2330.405	2329.521	2326.427	2397.599	2403.051	2412.776	2328.637	2330.258	2335.563	2326.721	2325.248
2330.110	2333.057	2333.057	2331.289	2329.816	2399.809	2403.787	2414.397	2329.816	2332.321	2337.331	2328.637	2330.847
2329.226	2331.879	2333.500	2332.615	2330.110	2398.630	2404.524	2413.071	2332.468	2330.552	2334.531	2328.637	2328.784
2328.932	2333.942	2334.531	2330.405	2332.468	2400.693	2407.324	2412.776	2334.826	2333.942	2334.826	2329.816	2331.437
2327.458	2333.942	2333.500	2329.521	2333.500	2399.367	2409.240	2411.745	2334.384	2329.963	2333.500	2329.963	2328.784
2328.195	2333.942	2334.089	2328.932	2335.563	2405.408	2411.892	2413.660	2335.857	2330.552	2336.594	2329.963	2331.731
2324.216	2333.057	2332.468	2325.984	2333.647	2403.640	2413.218	2413.071	2333.794	2327.016	2331.289	2329.226	2330.847
2325.837	2334.531	2332.468	2327.605	2334.089	2407.029	2414.397	2416.607	2337.625	2326.574	2333.794	2328.932	2334.089
2323.479	2334.236	2329.816	2325.100	2334.236	2405.850	2412.776	2414.102	2334.236	2323.037	2331.879	2327.311	2332.173
2324.216	2333.205	2329.079	2324.364	2333.205	2407.177	2414.250	2416.313	2333.205	2324.511	2333.794	2325.690	2332.468
2322.743	2332.763	2324.953	2324.953	2332.321	2405.556	2411.155	2415.723	2329.079	2319.354	2333.352	2321.564	2328.784
2324.364	2332.615	2326.132	2326.574	2331.731	2406.587	2410.124	2417.933	2332.910	2324.658	2333.352	2322.743	2329.963
2322.890	2333.647	2323.185	2327.016	2331.731	2402.167	2410.271	2416.018	2330.258	2323.774	2331.142	2322.890	2328.195
2325.542	2330.700	2321.711	2327.753	2330.110	2403.198	2407.471	2416.018	2332.321	2325.690	2334.678	2322.890	2327.311
2324.806	2329.521	2322.301	2328.047	2327.458	2400.251	2407.766	2414.397	2328.195	2325.395	2331.142	2323.185	2324.364
2325.984	2328.784	2323.332	2329.668	2325.100	2401.577	2406.882	2412.776	2330.258	2327.458	2332.763	2323.922	2322.595
2325.690	2328.490	2322.595	2328.784	2326.574	2396.714	2403.051	2411.155	2329.226	2326.427	2329.079	2323.774	2320.974
2326.132	2328.342	2325.395	2330.258	2325.837	2397.304	2402.314	2410.124	2332.910	2329.079	2329.668	2327.458	2324.806
2327.016	2327.753	2324.216	2327.163	2324.806	2393.767	2400.546	2409.534	2328.195	2324.806	2327.753	2324.953	2323.922
2326.427	2328.490	2327.753	2327.458	2324.953	2394.504	2398.483	2407.324	2329.226	2328.342	2327.311	2326.279	2324.658
2327.900	2329.521	2329.668	2326.279	2327.311	2391.115	2399.956	2404.377	2327.163	2326.427	2325.395	2325.100	2326.427
2326.574	2330.995	2329.079	2326.869	2330.110	2394.209	2398.041	2402.461	2329.816	2329.374	2329.079	2324.806	2328.490
2326.279	2331.437	2327.458	2324.511	2330.110	2391.262	2397.009	2402.756	2329.079	2326.279	2326.427	2325.984	2329.521
2325.837	2332.615	2330.847	2325.248	2329.226	2393.915	2397.746	2401.430	2330.258	2328.195	2328.932	2324.364	2330.405
2326.279	2330.110	2328.342	2323.037	2327.605	2392.294	2398.335	2401.725	2327.458	2325.542	2329.521	2324.364	2328.195
2327.753	2332.468	2332.910	2327.900	2333.205	2393.325	2399.956	2398.925	2332.173	2329.816	2334.236	2325.690	2332.763
2326.721	2328.195	2328.342	2325.542	2327.458	2388.757	2394.357	2394.799	2328.637	2325.100	2334.236	2323.479	2329.226
2324.806	2328.195	2330.110	2327.605	2329.226	2387.726	2389.936	2393.767	2331.731	2328.490	2334.531	2323.037	2330.847
2325.542	2328.637	2327.605	2325.837	2326.574	2381.684	2388.757	2391.999	2328.637	2325.100	2332.615	2321.564	2327.311
2327.900	2328.637	2329.521	2329.668	2328.932	2383.011	2389.494	2395.536	2333.352	2329.521	2336.594	2322.006	2330.847
2327.900	2327.900	2325.248	2328.195	2327.016	2379.769	2389.641	2393.915	2330.995	2327.753	2334.089	2324.216	2328.342
2328.195	2329.521	2326.574	2328.784	2326.869	2379.032	2386.252	2391.999	2331.142	2330.110	2333.647	2322.153	2329.668
2324.216	2326.427	2321.711	2324.658	2321.269	2373.875	2382.716	2391.115	2325.837	2326.869	2328.195	2319.648	2324.658
2329.226	2328.342	2326.427	2327.311	2325.984	2378.885	2384.926	2394.504	2329.521	2328.342	2327.753	2320.827	2329.079
2326.427	2328.047	2322.301	2326.869	2322.890	2376.085	2383.158	2395.388	2326.279	2326.869	2325.837	2321.564	2326.427
2327.900	2327.311	2325.100	2327.163	2323.922	2378.000	2382.716	2395.683	2328.195	2326.427	2325.690	2323.185	2328.490
2321.859	2324.364	2322.743	2322.890	2320.385	2374.906	2380.800	2393.031	2322.006	2323.627	2320.974	2318.911	2322.743
2321.859	2324.658	2325.100	2323.332	2324.216	2378.590	2380.358	2395.241	2325.837	2322.890	2324.364	2318.764	2325.248
2319.354	2323.332	2324.364	2322.301	2324.364	2380.063	2383.747	2397.599	2325.984	2321.711	2322.595	2316.701	2323.922
2319.943	2325.690	2324.658	2321.859	2327.163	2384.337	2386.547	2399.367	2328.047	2322.153	2325.248	2319.206	2325.395
2316.554	2326.427	2322.743	2322.153	2326.279	2384.189	2389.494	2401.872	2327.163	2321.417	2325.984	2316.996	2323.922
2321.269	2330.405	2327.605	2322.448	2329.079	2390.526	2396.567	2404.524	2329.226	2322.006	2328.490	2317.291	2326.279
2320.532	2327.753	2325.100	2324.069	2327.311	2393.915	2398.925	2407.619	2330.405	2322.890	2328.784	2316.406	2326.427
2324.806	2332.910	2329.374	2326.279	2331.142	2396.862	2401.725	2408.650	2330.995	2325.248	2330.995	2318.322	2327.458
2324.069	2329.668	2325.690	2324.806	2326.869	2395.094	2399.809	2405.998	2330.405	2325.248	2330.110	2316.554	2325.837
2328.195	2332.321	2326.869	2327.163	2327.458	2395.683	2401.282	2406.882	2330.552	2325.100	2332.468	2320.532	2325.690
2329.079	2329.079	2324.806	2328.047	2324.806	2394.209	2401.135	2404.082	2331.289	2325.395	2332.173	2319.059	2323.774
2330.405	2328.342	2323.922	2326.869	2324.658	2391.852	2397.746	2405.850	2330.405	2327.311	2331.437	2320.532	2324.364
2329.668	2324.216	2321.122	2326.721	2324.069	2386.694	2394.652	2399.956	2328.195	2327.605	2328.932	2320.532	2322.301
2330.995	2327.605	2325.248	2327.311	2329.079	2384.631	2390.378	2400.251	2326.427	2329.963	2329.668	2323.774	2323.185
2332.615	2324.069	2322.301	2328.195	2327.605	2380.653	2390.820	2397.304	2327.458	2327.605	2326.721	2324.511	2324.511
2333.352	2329.374	2326.574	2331.289	2332.615	2384.779	2390.820	2398.041	2327.605	2332.321	2330.110	2328.195	2327.605
2331.584	2325.837	2325.395	2329.374	2331.584	2381.390	2387.579	2393.178	2327.605	2330.258	2327.016	2326.279	2327.163
2330.995	2327.458	2328.932	2329.079	2333.794	2382.863	2384.189	2392.146	2326.574	2332.468	2327.605	2327.753	2329.226
2327.753	2326.574	2329.521	2328.932	2334.384	2381.095	2383.305	2386.547	2326.427	2328.932	2328.195	2329.079	2328.784
2325.100	2328.784	2329.963	2327.753	2333.647	2383.895	2383.600	2390.231	2328.047	2328.195	2329.668	2327.163	2329.521
2322.301	2327.458	2327.900	2326.869	2330.995	2383.158	2384.484	2386.547	2328.195	2324.364	2328.342	2325.542	2328.195
2321.711	2329.374	2330.700	2325.690	2331.437	2385.663	2383.011	2387.284	2329.816	2325.542	2331.142	2324.069	2330.258
2322.890	2325.542	2326.721	2324.806	2329.816	2380.506	2382.274	2385.663	2327.458	2322.153	2327.458	2322.006	2326.132
2324.364	2331.437	2330.110	2326.132	2333.794	2383.600	2383.747	2389.641	2328.047	2325.837	2331.437	2322.153	2329.963
2324.216	2328.784	2327.311	2326.427	2330.700	2380.800	2383.453	2387.873	2328.637	2323.332	2330.405	2320.385	2326.721
2328.047	2332.173	2329.079	2328.490	2332.468	2383.453	2384.631	2388.905	2329.226	2326.574	2332.763	2320.827	2328.637
2327.458	2326.869	2323.774	2327.163	2327.458	2379.032	2379.621	2384.337	2327.900	2324.511	2329.963	2320.090	2323.774
2330.995	2330.258	2325.837	2327.458	2328.784	2380.211	2380.948	2386.842	2328.342	2329.668	2333.352	2322.006	2325.837
2328.047	2326.721	2321.859	2327.163	2327.900	2375.790	2375.495	2381.684	2325.690	2328.342	2328.490	2321.417	2321.859
2327.900	2329.521	2327.458	2328.784	2327.753	2378.295	2377.411	2383.011	2326.279	2330.700	2332.468	2323.185	2325.395
2321.417	2321.417	2319.354	2324.069	2320.974	2366.802	2366.802	2371.664	2321.269	2324.953	2323.627	2318.322	2318.027
2319.796	2323.922	2319.648	2322.595	2323.037	2367.833	2365.623	2373.875	2319.796	2325.100	2324.069	2319.648	2319.206
2317.438	2319.796	2317.291	2319.501	2319.648	2362.086	2360.613	2368.717	2319.206	2323.037	2319.059	2317.733	2315.817
2318.469	2323.332	2322.743	2322.890	2324.658	2363.265	2361.644	2369.749	2320.827	2324.953	2320.532	2320.827	2320.974
2317.438	2319.943	2320.827	2319.354	2323.479	2358.550	2356.929	2364.886	2320.090	2320.532	2316.112	2316.406	2319.206
2317.143	2323.332	2323.037	2321.859	2325.100	2360.318	2360.318	2369.454	2322.153	2322.006	2320.680	2318.911	2321.711
2316.996	2320.385	2319.796	2317.143	2324.364	2356.339	2356.487	2365.328	2321.122	2318.764	2315.375	2315.964	2318.322
2322.006	2325.837	2327.163	2321.417	2329.374	2365.623	2365.033	2374.759	2327.753	2323.774	2324.216	2321.417	2326.427
2322.153	2325.395	2325.837	2321.269	2328.342	2363.265	2365.033	2373.138	2326.869	2325.837	2323.627	2321.269	2324.953
2324.364	2330.110	2327.900	2322.890	2332.615	2368.422	2371.517	2379.769	2332.026	2326.869	2328.047	2322.448	2330.995
2323.479	2326.869	2325.100	2322.595	2332.026	2367.686	2372.696	2379.179	2327.605	2326.279	2328.342	2321.269	2327.900
2322.301	2326.574	2325.248	2324.216	2329.963	2371.664	2374.464	2381.390	2328.784	2326.427	2331.731	2323.185	2327.311
2323.479	2323.627	2322.006	2320.827	2329.226	2369.454	2371.959	2379.327	2325.395	2324.658	2330.110	2321.859	2323.627
2324.216	2324.658	2323.037	2325.395	2328.342	2371.959	2375.938	2382.568	2328.047	2325.690	2333.205	2323.774	2325.395
2321.859	2323.332	2319.501	2324.658	2328.784	2370.780	2372.106	2377.706	2323.922	2323.922	2328.637	2321.859	2321.711
2325.984	2325.542	2324.364	2327.163	2329.816	2372.548	2376.822	2378.885	2326.132	2323.774	2333.352	2323.479	2326.721
2323.479	2320.385	2322.301	2325.837	2326.427	2370.927	2370.927	2372.254	2320.238	2322.153	2328.490	2321.564	2320.238
2325.395	2324.658	2323.922	2326.279	2326.721	2371.370	2374.611	2372.696	2323.922	2322.890	2331.142	2322.153	2323.185
2323.627	2323.479	2322.743	2325.248	2327.016	2370.927	2372.696	2371.517	2320.090	2322.595	2325.690	2321.122	2321.859
2324.069	2325.248	2325.984	2327.016	2326.869	2373.285	2375.495	2372.696	2323.185	2323.922	2328.490	2321.711	2324.511
2324.216	2325.690	2326.132	2325.100	2328.342	2373.727	2371.959	2371.222	2321.417	2324.216	2325.984	2319.354	2324.658
2326.279	2327.900	2328.932	2328.195	2328.047	2375.201	2375.201	2377.116	2325.395	2327.163	2329.374	2322.743	2326.427
2324.069	2326.132	2326.132	2324.511	2328.047	2374.317	2372.401	2377.116	2324.364	2322.743	2325.690	2317.585	2324.364
2324.511	2330.847	2329.374	2328.784	2330.847	2376.232	2379.032	2382.863	2328.490	2326.132	2331.142	2318.911	2327.753
2324.511	2328.784	2327.163	2324.658	2328.490	2376.969	2374.906	2382.716	2328.047	2323.185	2326.574	2316.406	2326.427
2324.806	2332.173	2328.637	2327.311	2331.584	2375.643	2377.264	2384.337	2329.521	2325.690	2330.405	2316.259	2328.047
2325.395	2330.110	2328.342	2324.511	2329.816	2375.790	2377.116	2385.810	2331.437	2323.922	2329.079	2315.964	2327.753
2322.595	2331.142	2326.721	2324.364	2332.026	2375.790	2379.179	2388.021	2330.258	2325.837	2331.142	2317.585	2326.869
2322.153	2327.605	2328.342	2322.595	2328.784	2374.759	2378.885	2387.431	2329.963	2323.185	2329.963	2315.375	2325.837
2322.890	2326.279	2327.753	2326.279	2330.847	2375.938	2378.443	2389.494	2328.932	2324.953	2330.110	2319.206	2325.395
2322.301	2322.890	2323.627	2322.595	2326.574	2373.138	2373.433	2384.042	2325.100	2321.711	2327.900	2318.027	2326.279
2322.743	2324.069	2327.163	2326.427	2330.552	2374.611	2378.443	2389.199	2324.658	2326.279	2333.057	2321.859	2326.721
2321.711	2320.680	2324.658	2323.922	2325.984	2374.317	2374.759	2385.516	2324.364	2322.743	2328.637	2321.711	2324.658
2322.153	2324.658	2325.542	2328.490	2328.342	2375.938	2378.295	2386.842	2323.332	2325.837	2331.289	2324.658	2326.574
2321.564	2321.417	2324.953	2326.721	2324.216	2370.191	2372.401	2379.769	2322.890	2321.417	2325.984	2323.332	2325.690
2323.332	2324.511	2324.216	2327.458	2328.047	2370.927	2372.548	2377.558	2323.185	2324.658	2327.016	2325.690	2326.427
2322.595	2325.395	2324.953	2323.627	2324.364	2367.391	2369.749	2372.548	2322.890	2324.069	2323.332	2323.479	2326.279
2323.037	2326.869	2327.311	2327.163	2327.016	2365.475	2369.307	2375.053	2324.658	2325.690	2322.595	2322.890	2323.479
2321.417	2326.869	2324.511	2323.479	2324.216	2363.560	2363.118	2368.570	2324.216	2323.627	2319.206	2319.206	2323.774
2322.153	2328.932	2326.427	2327.605	2328.637	2362.676	2364.886	2370.338	2326.132	2325.984	2323.922	2320.090	2325.984
2319.943	2326.574	2322.890	2323.479	2326.427	2360.613	2360.023	2366.802	2324.069	2323.774	2321.122	2315.522	2324.069
2321.564	2328.784	2327.311	2327.605	2329.521	2365.181	2364.739	2372.401	2325.100	2326.279	2326.427	2320.827	2326.869
2319.206	2324.658	2322.448	2324.216	2327.016	2362.823	2361.202	2371.075	2324.364	2321.711	2325.248	2315.817	2324.658
2320.090	2328.784	2326.279	2328.932	2332.321	2365.770	2364.886	2374.169	2325.690	2323.479	2330.847	2319.059	2325.837
2318.617	2324.806	2322.301	2324.806	2327.900	2366.065	2364.297	2373.580	2325.248	2322.301	2330.110	2318.322	2327.016
2321.711	2328.490	2327.016	2328.932	2331.289	2368.128	2367.391	2375.938	2325.248	2322.301	2332.321	2321.564	2325.837
2322.006	2324.953	2324.511	2324.216	2328.195	2369.454	2368.422	2376.085	2324.658	2322.890	2330.405	2320.974	2327.016
2323.479	2327.016	2326.721	2328.195	2328.932	2370.043	2368.717	2373.875	2324.806	2322.743	2333.352	2324.658	2326.721
2322.595	2325.100	2323.037	2325.542	2326.132	2366.212	2367.391	2372.990	2324.069	2320.238	2329.374	2319.796	2324.364
2325.984	2328.784	2327.605	2330.110	2326.721	2370.338	2371.517	2373.138	2325.100	2322.595	2332.468	2325.395	2326.279
2325.984	2327.016	2324.069	2328.932	2325.248	2367.538	2368.865	2373.138	2326.279	2322.595	2330.258	2325.248	2324.953
2327.753	2330.405	2327.900	2329.374	2328.932	2369.454	2367.833	2370.780	2326.427	2322.301	2332.026	2327.311	2324.953
2322.743	2324.953	2324.364	2328.490	2324.216	2362.528	2364.002	2365.770	2325.100	2321.564	2329.521	2325.100	2324.364
2326.132	2328.342	2326.869	2329.079	2326.574	2362.970	2362.676	2365.475	2325.984	2320.680	2329.963	2325.690	2323.479
2322.153	2325.100	2324.806	2327.016	2325.100	2357.666	2361.939	2365.181	2324.806	2320.238	2325.984	2320.974	2322.448
2325.984	2327.900	2325.395	2325.837	2326.427	2359.581	2361.055	2363.412	2326.279	2322.301	2329.226	2324.364	2324.658
2321.711	2327.311	2325.984	2325.100	2326.132	2355.013	2357.666	2362.970	2324.216	2322.890	2325.984	2319.943	2323.185
2322.743	2327.900	2324.069	2324.216	2324.216	2358.550	2359.581	2361.644	2325.837	2323.037	2326.279	2318.911	2325.542
2319.943	2325.542	2323.037	2323.185	2323.332	2355.455	2360.171	2362.234	2322.006	2322.890	2325.542	2315.670	2323.479
2324.806	2329.226	2324.511	2324.953	2327.458	2360.318	2361.497	2366.802	2325.837	2325.542	2329.226	2317.291	2327.163
2322.301	2326.574	2324.069	2326.132	2326.869	2358.108	2361.792	2364.886	2322.595	2322.890	2329.668	2316.406	2326.132
2326.279	2328.342	2325.395	2327.458	2328.932	2362.970	2363.412	2368.422	2324.806	2327.753	2330.847	2318.911	2328.637
2320.974	2322.890	2322.301	2326.574	2326.132	2361.939	2362.970	2368.128	2320.827	2323.332	2328.784	2314.786	2324.216
2324.806	2325.395	2322.153	2327.163	2326.427	2364.149	2365.475	2369.454	2322.006	2324.953	2331.437	2318.911	2328.490
2322.006	2321.564	2323.185	2327.311	2323.774	2358.550	2361.055	2365.033	2318.322	2321.122	2327.311	2317.143	2324.216
2325.690	2323.332	2323.774	2328.932	2323.922	2362.970	2364.886	2365.328	2322.890	2323.627	2327.311	2319.796	2327.458
2322.448	2321.711	2322.153	2325.690	2323.774	2359.581	2361.055	2363.412	2320.385	2320.827	2325.690	2318.469	2323.774
2322.153	2325.100	2323.627	2327.016	2323.332	2361.644	2363.118	2362.970	2323.774	2323.627	2324.953	2320.827	2327.605
2320.238	2323.332	2323.185	2322.448	2322.301	2356.929	2357.518	2361.939	2321.859	2320.238	2325.248	2320.827	2325.248
2324.953	2329.668	2329.079	2327.458	2326.427	2359.729	2359.287	2363.412	2327.605	2326.721	2327.458	2324.806	2330.552
2319.943	2325.395	2326.574	2322.595	2325.690	2355.603	2355.013	2360.318	2325.395	2323.037	2323.774	2320.532	2325.837
2320.385	2328.047	2329.226	2322.153	2328.637	2358.844	2355.897	2362.970	2327.458	2326.279	2327.163	2320.827	2329.079
2319.354	2327.900	2327.311	2321.859	2328.637	2355.750	2353.392	2362.970	2324.953	2323.774	2326.869	2322.448	2325.542
2320.090	2329.374	2329.668	2322.301	2327.458	2358.992	2358.402	2365.181	2327.605	2326.279	2326.869	2322.743	2328.342
2319.648	2326.721	2325.542	2319.796	2326.574	2355.455	2354.866	2364.739	2324.069	2324.216	2328.047	2320.827	2324.069
2320.532	2326.132	2329.226	2323.479	2327.753	2358.844	2358.550	2363.560	2326.721	2324.511	2328.490	2319.354	2326.427
2316.554	2324.069	2322.743	2318.764	2325.248	2355.013	2355.161	2360.465	2320.827	2319.206	2325.542	2314.491	2323.774
2321.564	2325.542	2325.837	2322.595	2327.311	2358.550	2358.697	2362.970	2324.364	2323.774	2328.932	2317.438	2326.869
2321.269	2322.595	2321.564	2322.006	2325.837	2358.402	2361.055	2363.855	2321.564	2320.532	2328.932	2317.585	2326.427
2320.532	2320.974	2321.711	2322.153	2325.984	2359.434	2361.202	2365.033	2322.153	2321.417	2329.963	2316.701	2325.542
2319.796	2316.996	2319.354	2322.006	2322.301	2358.844	2359.729	2364.297	2319.501	2317.585	2327.900	2315.964	2323.332
2321.122	2318.469	2323.627	2324.364	2324.806	2359.139	2362.970	2365.033	2322.595	2322.006	2330.258	2317.585	2323.922
2319.943	2318.175	2318.617	2322.743	2320.532	2358.697	2361.055	2365.770	2318.764	2318.764	2326.279	2317.143	2321.564
2323.479	2319.796	2323.774	2326.574	2322.448	2360.907	2366.507	2368.865	2324.216	2324.511	2330.847	2321.859	2322.743
2318.322	2318.911	2319.796	2324.069	2319.354	2358.844	2363.265	2367.833	2321.711	2318.764	2325.248	2319.648	2317.291
2321.564	2321.711	2324.216	2324.364	2320.238	2359.139	2362.528	2366.360	2324.658	2322.743	2325.690	2321.564	2318.469
2318.617	2322.153	2324.806	2321.417	2319.648	2356.339	2360.318	2363.412	2324.069	2321.269	2323.185	2320.680	2319.206
2322.890	2325.690	2326.869	2322.301	2322.448	2356.634	2359.434	2361.644	2325.690	2324.658	2324.953	2323.037	2321.122
2319.354	2323.774	2323.332	2317.585	2318.469	2355.455	2354.719	2359.139	2320.974	2320.090	2320.385	2318.617	2318.175
2321.417	2325.984	2327.311	2317.143	2322.301	2354.424	2355.013	2357.371	2325.100	2323.479	2323.185	2318.911	2319.354
2316.406	2324.216	2323.185	2313.017	2320.385	2351.329	2350.593	2356.339	2320.974	2320.385	2320.385	2315.817	2318.764
2318.764	2326.721	2326.869	2314.933	2322.595	2352.066	2352.803	2356.634	2323.185	2323.627	2324.806	2315.964	2322.595
2315.080	2324.069	2322.448	2315.817	2321.269	2350.887	2351.477	2355.455	2319.501	2322.301	2323.037	2316.849	2321.122
2319.354	2326.721	2326.279	2318.764	2323.037	2352.361	2353.392	2357.960	2322.595	2322.743	2325.690	2316.554	2322.006
2314.049	2321.417	2320.680	2316.259	2320.827	2349.266	2351.477	2356.045	2318.322	2322.301	2323.627	2313.312	2321.564
2316.996	2326.132	2324.069	2320.974	2324.069	2349.856	2354.719	2359.434	2322.153	2322.743	2327.016	2316.406	2324.216
2316.406	2324.511	2320.532	2322.006	2323.332	2350.003	2354.571	2359.139	2320.385	2323.479	2327.311	2317.733	2325.542
2320.532	2324.806	2324.364	2325.690	2324.658	2351.624	2357.224	2361.202	2324.953	2324.216	2328.784	2319.501	2324.953
2320.974	2320.532	2321.122	2324.364	2324.364	2351.182	2357.076	2357.960	2321.711	2323.037	2330.110	2319.943	2323.627
2322.743	2320.680	2325.248	2324.511	2324.658	2350.298	2359.876	2359.876	2325.542	2322.890	2329.963	2318.469	2322.595
2319.943	2316.849	2320.827	2324.511	2323.332	2348.088	2355.897	2356.929	2323.185	2321.269	2329.816	2316.996	2320.680
2322.890	2323.479	2325.690	2325.690	2324.658	2349.266	2357.813	2358.844	2327.163	2321.417	2329.816	2319.943	2320.827
2320.238	2319.354	2323.774	2325.395	2324.953	2349.119	2356.045	2355.897	2326.869	2322.448	2328.637	2319.206	2320.385
2318.175	2321.122	2325.690	2324.364	2323.185	2350.003	2355.603	2356.192	2326.427	2320.385	2327.458	2319.501	2318.322
2316.996	2318.911	2323.332	2322.448	2320.090	2348.382	2354.424	2351.477	2321.269	2317.585	2324.953	2317.143	2316.554
2315.080	2321.269	2325.248	2321.859	2319.501	2347.793	2353.392	2354.866	2324.806	2318.322	2323.332	2317.143	2317.733
2314.933	2322.301	2322.595	2319.059	2319.943	2348.677	2351.035	2354.424	2322.006	2318.175	2323.627	2314.933	2319.206
2316.406	2325.690	2323.332	2320.238	2320.827	2353.245	2354.719	2358.402	2324.658	2322.153	2323.922	2317.143	2322.743
2314.049	2322.153	2319.796	2320.680	2320.385	2352.950	2354.129	2357.518	2321.564	2321.122	2324.658	2315.817	2320.974
2317.438	2326.574	2321.711	2321.859	2321.711	2356.339	2356.634	2361.792	2323.922	2323.922	2326.721	2316.554	2322.890
2318.469	2326.279	2319.943	2322.890	2324.216	2354.719	2358.402	2361.792	2322.448	2323.627	2327.605	2319.206	2325.542
2319.206	2330.552	2320.827	2324.511	2327.900	2359.876	2359.287	2365.623	2326.574	2325.837	2330.847	2319.206	2327.163
2320.974	2328.195	2318.027	2325.100	2327.458	2359.729	2360.907	2365.328	2323.479	2324.511	2328.637	2318.469	2326.721
2320.974	2330.552	2319.648	2328.490	2329.226	2361.349	2363.265	2365.917	2325.395	2324.511	2333.500	2320.090	2325.395
2320.090	2328.490	2320.680	2326.574	2329.816	2357.813	2364.591	2366.654	2322.743	2320.385	2329.963	2319.501	2324.658
2322.595	2328.784	2323.774	2326.427	2331.142	2361.497	2367.980	2367.833	2325.395	2321.711	2333.352	2320.385	2325.395
2320.532	2324.511	2320.238	2323.185	2326.427	2356.782	2365.917	2364.444	2322.301	2315.964	2327.900	2318.617	2321.859
2322.006	2324.216	2321.859	2322.448	2324.806	2359.876	2368.422	2365.181	2325.690	2318.027	2328.932	2316.112	2321.122
2320.385	2320.385	2320.680	2321.859	2321.859	2356.045	2363.560	2361.202	2323.332	2316.112	2324.658	2316.849	2320.238
2322.890	2324.216	2322.301	2321.122	2321.269	2357.666	2366.212	2361.497	2324.216	2317.143	2326.574	2319.059	2320.680
2320.090	2321.417	2320.680	2320.532	2319.354	2355.455	2362.086	2359.434	2324.658	2316.259	2321.564	2317.880	2320.238
2322.743	2323.479	2321.269	2319.648	2318.175	2358.550	2362.676	2358.402	2323.922	2320.090	2325.100	2319.943	2321.859
2319.648	2323.774	2322.890	2320.238	2316.701	2354.424	2357.813	2358.550	2323.774	2318.175	2320.680	2319.206	2322.153
2320.385	2324.511	2322.743	2320.532	2318.617	2357.813	2357.371	2359.434	2323.037	2322.006	2324.806	2322.006	2325.100
2316.849	2323.332	2322.153	2319.354	2318.322	2354.719	2352.214	2357.371	2319.943	2319.648	2322.743	2318.764	2323.774
2319.059	2327.016	2323.479	2320.827	2322.301	2357.518	2357.076	2361.644	2322.153	2324.953	2327.605	2322.153	2326.721
2315.964	2324.953	2321.711	2320.974	2322.890	2355.750	2352.950	2361.055	2320.827	2324.953	2327.753	2319.796	2328.195
2320.385	2328.784	2323.627	2322.301	2325.837	2357.371	2356.634	2364.444	2321.269	2328.784	2331.731	2320.680	2329.816
2317.291	2326.279	2319.206	2322.743	2324.511	2354.424	2352.361	2360.907	2319.943	2326.574	2329.226	2317.733	2327.458
2320.090	2326.427	2318.764	2323.774	2327.016	2356.045	2355.455	2362.970	2319.796	2326.132	2330.700	2317.291	2326.721
2319.501	2325.690	2320.385	2323.774	2327.458	2355.455	2355.308	2361.497	2320.532	2325.248	2327.458	2315.817	2324.216
2323.479	2327.163	2321.859	2327.163	2329.816	2355.013	2358.255	2361.792	2322.301	2325.542	2327.016	2319.354	2324.069
2320.680	2321.859	2319.501	2322.006	2324.364	2350.887	2355.013	2356.339	2320.385	2318.322	2322.006	2314.196	2319.648
2323.037	2323.332	2321.417	2323.774	2326.574	2351.035	2355.455	2355.603	2322.301	2319.354	2320.090	2316.406	2318.764
2322.301	2319.943	2319.943	2321.122	2321.417	2349.414	2352.214	2352.214	2320.680	2314.933	2316.406	2316.554	2318.469
2324.364	2321.269	2324.364	2321.122	2323.332	2351.919	2357.224	2356.782	2324.364	2316.554	2319.796	2318.322	2319.354
2323.185	2321.122	2322.006	2318.617	2319.501	2350.151	2353.392	2352.803	2324.364	2317.438	2319.059	2318.911	2319.501
2323.332	2322.006	2322.890	2317.585	2318.469	2350.003	2356.487	2355.750	2324.216	2317.880	2320.680	2319.206	2321.859
2320.385	2319.354	2320.238	2313.017	2314.049	2350.003	2351.919	2354.424	2322.448	2316.112	2318.617	2316.849	2320.532
2321.564	2323.774	2323.479	2316.112	2319.206	2354.276	2356.045	2360.023	2323.774	2322.890	2322.743	2321.564	2326.574
2318.764	2322.595	2320.974	2314.933	2317.143	2353.540	2353.687	2358.550	2322.743	2320.974	2323.332	2320.090	2324.364
2317.733	2324.069	2322.743	2316.996	2320.385	2355.161	2354.424	2360.613	2322.743	2325.100	2325.248	2324.069	2325.395
2316.112	2323.774	2318.764	2316.701	2319.206	2352.656	2350.445	2357.666	2322.301	2323.332	2323.185	2321.122	2324.511
2317.438	2325.100	2318.911	2318.027	2322.448	2356.045	2354.424	2360.171	2320.974	2324.953	2323.037	2323.774	2325.837
2317.880	2323.185	2317.585	2318.911	2323.332	2353.982	2352.361	2359.287	2320.974	2323.774	2324.953	2322.301	2326.279
2320.974	2330.258	2319.501	2324.364	2328.637	2359.287	2358.697	2365.623	2323.922	2328.784	2328.195	2324.953	2328.047
2320.090	2325.690	2318.322	2322.890	2325.100	2353.540	2355.455	2360.907	2322.595	2324.511	2326.279	2321.269	2324.364
2322.743	2327.900	2320.238	2323.185	2325.542	2352.950	2358.402	2363.118	2322.153	2323.479	2325.395	2321.122	2324.069
2322.006	2324.658	2318.322	2319.648	2326.279	2350.445	2358.550	2360.613	2321.711	2320.238	2323.774	2317.291	2320.680
2324.511	2327.458	2323.037	2322.301	2325.248	2351.919	2360.760	2362.086	2322.595	2322.301	2324.806	2320.385	2322.595
2322.301	2325.542	2323.185	2320.827	2324.953	2349.266	2360.023	2358.992	2323.627	2318.617	2324.806	2316.996	2320.090
2325.984	2327.753	2324.216	2322.743	2324.069	2352.950	2361.202	2361.939	2325.837	2322.153	2323.774	2319.648	2321.711
2321.417	2321.859	2322.153	2317.585	2319.501	2347.940	2356.634	2355.603	2323.774	2316.996	2321.859	2316.996	2320.090
2325.690	2325.395	2323.332	2321.564	2321.122	2351.329	2356.782	2357.666	2324.658	2319.059	2323.185	2318.911	2321.417
2322.448	2323.185	2324.216	2320.827	2320.090	2353.687	2359.139	2357.518	2324.216	2320.385	2325.837	2319.354	2322.890
2323.037	2325.248	2324.806	2322.153	2318.617	2356.929	2358.108	2360.171	2323.185	2321.564	2326.279	2318.911	2325.395
2319.501	2322.595	2322.006	2319.648	2320.090	2356.339	2359.139	2358.108	2320.680	2318.764	2325.690	2317.733	2323.037
2319.943	2323.774	2323.922	2322.301	2319.943	2358.108	2357.813	2360.465	2320.385	2322.301	2327.753	2319.501	2324.953
2316.259	2323.922	2323.332	2321.564	2320.680	2356.045	2357.371	2356.782	2318.322	2319.648	2327.311	2320.532	2322.006
2319.206	2325.837	2325.542	2323.479	2322.890	2356.487	2358.255	2359.876	2317.291	2321.859	2329.226	2319.943	2324.069
2315.964	2323.627	2322.595	2320.680	2322.890	2355.308	2357.960	2359.729	2316.849	2320.532	2325.984	2320.974	2323.922
2318.617	2328.195	2326.574	2323.922	2326.574	2354.424	2356.634	2361.349	2320.238	2322.890	2329.226	2322.153	2326.721
2318.617	2326.721	2325.690	2325.395	2326.574	2352.803	2357.960	2360.023	2321.122	2323.037	2327.605	2324.511	2324.069
2323.037	2328.932	2328.342	2328.637	2329.079	2351.919	2354.866	2363.412	2321.859	2326.132	2329.521	2324.806	2327.753
2323.479	2325.837	2324.806	2325.395	2325.837	2351.919	2354.571	2359.434	2321.269	2324.953	2326.279	2324.511	2324.953
2324.511	2324.069	2325.837	2326.869	2329.668	2351.182	2353.687	2361.939	2323.037	2327.016	2326.427	2322.595	2328.047
2325.248	2322.595	2325.542	2326.869	2327.753	2349.414	2354.866	2358.844	2325.100	2324.806	2325.984	2323.922	2325.542
2324.511	2324.364	2327.605	2328.047	2330.552	2349.709	2356.487	2361.202	2326.132	2326.132	2329.521	2322.890	2326.427
2323.185	2319.354	2322.153	2323.479	2325.984	2348.235	2354.719	2356.929	2321.859	2322.153	2324.806	2322.448	2322.448
2322.743	2323.627	2324.658	2325.984	2328.342	2348.972	2355.308	2358.255	2325.248	2322.301	2328.195	2321.417	2327.163
2320.238	2321.122	2322.595	2322.006	2324.216	2347.940	2353.540	2353.834	2323.185	2320.827	2325.248	2320.238	2323.922
2320.827	2325.395	2325.690	2324.806	2327.016	2345.435	2352.508	2356.929	2325.984	2320.827	2327.753	2319.796	2327.458
2320.532	2325.248	2323.774	2322.006	2322.301	2344.256	2350.887	2352.361	2322.595	2317.143	2328.047	2318.322	2323.774
2321.564	2329.374	2326.132	2325.690	2327.163	2348.824	2350.445	2356.634	2324.364	2322.153	2331.879	2321.711	2328.637
2320.974	2328.784	2322.595	2322.595	2324.364	2347.351	2348.824	2352.508	2322.448	2321.417	2329.816	2319.796	2326.279
2322.006	2330.847	2326.721	2326.132	2327.753	2348.677	2346.909	2354.424	2324.658	2325.837	2333.205	2318.764	2329.079
2322.301	2328.195	2321.269	2322.743	2325.542	2346.614	2343.225	2351.035	2321.269	2325.690	2329.079	2317.880	2326.721
2322.448	2331.142	2324.216	2324.953	2328.195	2347.203	2344.256	2351.919	2323.185	2326.869	2330.995	2317.291	2326.721
2320.680	2326.721	2320.827	2323.922	2327.900	2347.793	2345.435	2351.771	2320.090	2324.953	2327.605	2316.701	2324.806
2321.859	2331.879	2325.542	2325.984	2331.731	2348.677	2347.940	2353.687	2324.658	2329.079	2329.374	2318.027	2327.458
2320.238	2327.311	2320.974	2324.806	2328.784	2346.172	2346.614	2350.740	2322.448	2326.574	2324.658	2317.880	2323.922
2325.100	2332.026	2327.016	2328.195	2332.173	2349.856	2349.856	2353.834	2328.342	2329.079	2328.195	2321.417	2326.721
2323.037	2326.869	2321.859	2325.690	2328.195	2345.583	2348.530	2350.151	2326.721	2325.100	2325.395	2319.206	2324.953
2322.595	2327.605	2326.869	2325.248	2329.226	2347.056	2351.035	2350.298	2327.458	2324.953	2329.521	2319.059	2324.216
2321.711	2324.069	2323.037	2325.395	2326.427	2345.288	2351.919	2348.677	2330.110	2321.417	2328.047	2320.385	2325.395
2324.658	2326.574	2325.542	2323.922	2326.721	2346.025	2350.445	2347.351	2329.226	2323.037	2331.437	2320.827	2325.984
2319.943	2321.564	2322.448	2320.680	2322.006	2345.583	2347.498	2345.730	2328.490	2318.175	2329.374	2319.796	2323.037
2320.974	2325.984	2327.016	2322.301	2324.069	2347.793	2348.824	2347.793	2328.932	2319.206	2334.089	2320.238	2326.132
2315.080	2320.385	2322.890	2319.501	2319.648	2344.256	2344.256	2344.404	2322.890	2313.607	2330.258	2316.112	2322.301
2316.996	2324.953	2326.869	2322.301	2323.627	2350.593	2347.498	2348.824	2324.658	2316.259	2333.647	2320.680	2324.069
2315.964	2322.448	2324.216	2319.943	2319.501	2346.025	2345.288	2346.909	2321.122	2314.049	2329.668	2317.585	2321.711
2316.406	2324.953	2324.216	2319.943	2322.301	2348.972	2344.846	2349.561	2319.354	2316.996	2330.552	2319.059	2321.122
2313.017	2323.774	2322.448	2320.680	2320.680	2345.288	2344.256	2347.940	2318.911	2314.638	2327.753	2316.996	2319.501
2317.733	2326.132	2322.006	2324.806	2323.332	2347.793	2346.467	2350.298	2318.617	2318.322	2328.637	2318.322	2322.153
2317.143	2322.006	2317.438	2323.037	2320.827	2345.435	2345.730	2348.088	2318.322	2317.143	2323.185	2318.175	2319.943
2319.059	2324.216	2319.059	2324.511	2319.796	2345.730	2346.761	2349.856	2320.827	2319.206	2324.216	2317.880	2321.859
2318.764	2322.153	2317.143	2321.122	2321.269	2341.751	2345.730	2347.203	2320.974	2317.585	2320.090	2317.585	2317.880
2321.859	2327.311	2320.385	2325.690	2323.479	2347.646	2350.003	2353.392	2326.869	2320.827	2323.774	2320.385	2322.301
2323.037	2324.658	2322.301	2324.953	2324.658	2345.583	2350.151	2350.151	2327.458	2321.417	2323.774	2318.764	2321.269
2325.837	2328.932	2324.658	2325.100	2325.248	2349.266	2353.687	2353.098	2331.437	2325.248	2327.458	2320.974	2323.332
2323.037	2325.984	2323.922	2323.774	2325.100	2344.993	2350.593	2349.414	2330.258	2324.216	2325.248	2317.880	2322.743
2324.806	2327.458	2326.132	2321.859	2325.690	2344.256	2352.656	2347.351	2331.142	2324.364	2327.458	2316.112	2321.564
2320.974	2325.248	2323.922	2319.354	2325.395	2341.604	2348.824	2344.109	2329.079	2322.006	2325.984	2315.670	2319.354
2323.922	2327.311	2324.511	2321.417	2323.479	2342.783	2350.593	2345.141	2327.753	2322.743	2328.047	2315.522	2320.974
2321.122	2324.216	2322.595	2320.238	2325.100	2340.573	2347.351	2341.899	2326.279	2322.743	2327.605	2315.817	2319.648
2322.743	2325.837	2322.595	2320.532	2322.301	2342.636	2349.266	2344.993	2325.248	2319.796	2328.195	2317.291	2320.385
2318.175	2322.153	2319.943	2320.238	2322.153	2339.099	2346.172	2342.930	2320.090	2316.406	2325.984	2315.228	2318.764
2319.943	2326.132	2322.448	2320.827	2322.743	2342.488	2348.530	2345.877	2322.890	2316.406	2327.605	2319.796	2318.911
2314.344	2324.806	2319.796	2320.532	2321.417	2340.867	2344.846	2346.172	2319.354	2314.196	2325.837	2317.585	2316.554
2318.322	2327.753	2324.216	2323.627	2325.395	2344.993	2348.972	2349.709	2320.827	2317.733	2326.132	2320.974	2318.764
2313.607	2327.605	2320.532	2322.595	2324.069	2343.962	2346.172	2349.414	2320.827	2315.817	2323.332	2319.059	2318.764
2316.701	2328.047	2321.564	2324.953	2326.721	2346.172	2349.266	2351.329	2321.269	2315.964	2322.006	2320.680	2320.532
2311.396	2326.279	2316.259	2323.627	2322.890	2344.846	2345.730	2348.530	2319.501	2315.375	2319.796	2319.354	2317.880
2314.786	2325.248	2316.112	2325.690	2325.100	2345.288	2347.793	2350.593	2323.332	2318.322	2319.206	2318.617	2319.796
2312.575	2323.185	2315.080	2321.269	2321.417	2345.730	2347.498	2346.467	2320.385	2317.143	2317.585	2316.554	2316.701
2316.849	2324.069	2316.406	2324.953	2323.037	2347.203	2351.624	2348.972	2323.774	2320.532	2319.943	2317.438	2319.943
2316.554	2320.532	2312.870	2320.827	2319.648	2345.730	2349.414	2345.730	2322.743	2318.469	2320.974	2317.585	2317.880
2320.090	2321.269	2318.027	2324.216	2321.564	2347.498	2355.603	2347.203	2327.016	2320.974	2324.953	2318.911	2321.122
2317.143	2320.974	2316.554	2319.943	2319.796	2344.404	2352.066	2347.056	2326.869	2321.417	2325.395	2317.291	2318.617
2323.185	2324.216	2322.301	2321.269	2326.132	2346.172	2357.224	2350.003	2330.847	2323.332	2329.079	2318.027	2323.479
2319.648	2323.627	2322.153	2317.438	2323.479	2345.288	2353.982	2347.056	2326.721	2322.153	2329.226	2317.880	2320.238
2322.595	2323.922	2321.417	2320.532	2325.984	2343.814	2355.161	2349.709	2328.342	2322.153	2331.142	2318.175	2322.006
2319.206	2322.743	2320.532	2316.259	2323.922	2343.520	2351.771	2347.498	2324.511	2321.269	2329.374	2317.143	2321.417
2321.564	2326.574	2322.743	2321.417	2327.458	2345.730	2355.161	2352.508	2328.490	2322.595	2330.847	2317.438	2325.100
2317.585	2324.658	2320.680	2318.617	2325.248	2343.814	2349.856	2350.445	2323.627	2319.943	2326.427	2316.112	2320.974
2317.438	2325.984	2321.859	2320.385	2324.511	2345.141	2352.508	2349.119	2324.806	2318.617	2325.542	2316.554	2322.301
2312.133	2324.364	2319.943	2320.090	2321.269	2342.488	2347.351	2346.909	2319.206	2317.585	2321.859	2314.491	2319.059
2316.849	2326.721	2321.859	2324.216	2323.922	2347.056	2351.919	2350.151	2322.890	2319.501	2322.448	2317.880	2322.743
2315.080	2324.364	2318.911	2323.037	2323.479	2345.583	2351.329	2350.445	2320.090	2318.911	2323.037	2316.701	2321.711
2317.438	2324.806	2319.796	2324.511	2326.869	2346.319	2353.687	2352.950	2323.627	2319.501	2322.890	2319.059	2322.448
2314.933	2321.711	2317.880	2320.974	2324.069	2344.993	2352.508	2347.940	2319.648	2320.680	2320.532	2314.786	2321.122
2319.059	2322.301	2317.880	2324.806	2325.837	2344.846	2353.098	2353.098	2322.153	2324.511	2322.595	2316.406	2324.511
2319.796	2320.090	2319.059	2321.711	2323.332	2344.551	2354.129	2350.740	2320.385	2324.364	2323.185	2314.933	2322.301
2322.890	2320.090	2318.911	2323.922	2324.953	2344.256	2353.540	2352.508	2324.069	2328.490	2323.922	2316.112	2322.448
2320.090	2319.059	2316.849	2317.880	2320.385	2341.604	2351.919	2346.909	2322.743	2324.658	2322.448	2315.522	2318.764
2320.385	2319.943	2319.796	2320.238	2319.501	2341.751	2349.709	2346.467	2324.511	2325.542	2321.122	2314.638	2319.059
2316.996	2318.175	2318.911	2317.438	2315.964	2339.836	2348.235	2343.372	2322.006	2321.417	2320.827	2312.133	2315.522
2320.090	2320.827	2320.532	2319.648	2318.322	2340.425	2347.498	2345.877	2323.627	2321.859	2323.185	2316.406	2315.080
2314.196	2319.943	2319.354	2314.786	2315.522	2339.836	2344.698	2338.510	2320.680	2316.996	2321.564	2314.049	2311.839
2316.406	2321.711	2317.585	2318.175	2316.701	2337.773	2341.309	2340.130	2323.627	2319.354	2323.037	2315.964	2314.049
2315.228	2322.153	2319.648	2316.554	2316.996	2339.099	2343.520	2337.920	2321.122	2316.259	2323.185	2316.996	2314.638
2319.943	2322.006	2322.301	2320.974	2321.711	2338.804	2341.899	2340.720	2324.216	2318.027	2325.395	2317.291	2317.585
2318.322	2324.216	2321.711	2319.354	2322.153	2338.804	2341.309	2339.541	2321.122	2317.733	2324.364	2319.354	2318.322
2321.711	2324.806	2323.332	2323.185	2325.100	2340.425	2340.720	2340.573	2322.448	2322.153	2324.069	2321.711	2322.006
2317.733	2324.511	2323.627	2321.417	2324.069	2337.625	2339.099	2338.068	2318.911	2319.501	2321.122	2318.764	2320.827
2322.006	2323.922	2323.185	2322.448	2323.922	2336.594	2340.130	2339.541	2320.090	2322.448	2322.006	2321.859	2322.743
2318.322	2322.006	2322.301	2320.974	2325.248	2336.005	2338.362	2337.625	2314.933	2318.764	2317.880	2318.764	2322.448
2319.206	2321.417	2320.385	2319.943	2323.332	2333.500	2337.478	2335.857	2317.291	2320.532	2319.648	2318.175	2321.122
2314.196	2320.827	2317.438	2321.122	2320.680	2332.615	2333.352	2336.741	2313.017	2319.354	2316.996	2314.491	2320.385
2317.733	2320.974	2318.469	2321.564	2322.153	2332.468	2334.531	2336.741	2316.996	2322.153	2320.238	2314.786	2320.532
2317.880	2322.890	2317.438	2322.006	2319.501	2330.847	2332.026	2337.773	2316.701	2322.448	2321.269	2312.870	2317.880
2320.974	2321.859	2318.027	2322.448	2319.648	2331.142	2332.468	2337.920	2320.090	2323.037	2323.774	2316.406	2319.648
2318.175	2322.301	2318.469	2319.501	2319.354	2330.405	2328.637	2335.415	2318.764	2321.564	2322.448	2312.281	2315.817
2320.090	2323.332	2318.911	2320.090	2319.648	2332.173	2329.374	2334.973	2321.269	2321.711	2325.542	2314.638	2316.406
2317.143	2322.301	2318.322	2318.469	2320.238	2332.026	2327.016	2333.352	2319.648	2317.880	2322.448	2313.607	2316.554
2319.796	2325.100	2321.417	2317.585	2322.743	2330.995	2330.405	2332.763	2322.448	2320.385	2325.100	2316.996	2316.406
2314.344	2319.501	2319.059	2315.375	2318.764	2329.079	2326.721	2330.405	2318.764	2314.933	2320.974	2313.312	2314.049
2317.438	2322.448	2321.711	2315.228	2321.417	2330.700	2328.784	2328.637	2321.711	2315.375	2322.448	2315.080	2316.849
2313.901	2319.648	2319.501	2314.786	2320.974	2329.521	2327.458	2327.605	2317.585	2315.080	2320.827	2312.575	2315.522
2318.322	2322.890	2321.859	2318.322	2324.364	2331.879	2331.731	2329.668	2321.417	2317.291	2323.332	2315.228	2318.911
2315.228	2319.648	2318.027	2317.733	2320.974	2327.753	2330.700	2329.079	2316.996	2316.112	2319.648	2313.607	2316.406
2317.438	2322.006	2319.501	2320.680	2322.448	2331.584	2331.879	2332.468	2318.764	2319.354	2321.859	2315.375	2318.175
2314.933	2318.027	2315.522	2318.911	2318.027	2328.784	2328.637	2329.963	2313.754	2316.554	2318.322	2312.870	2316.112
2320.680	2323.627	2318.617	2323.627	2320.680	2334.236	2334.678	2333.352	2316.406	2321.859	2321.564	2316.701	2319.354
2315.964	2318.469	2313.607	2319.059	2318.764	2329.226	2329.226	2331.289	2311.249	2317.880	2317.143	2312.575	2314.786
2317.438	2320.827	2312.723	2322.301	2316.406	2330.700	2330.995	2329.816	2313.901	2318.175	2318.175	2311.986	2317.438
2313.901	2316.112	2310.660	2318.469	2313.901	2325.690	2325.837	2329.816	2310.218	2315.080	2315.522	2308.744	2313.459
2318.175	2319.943	2314.344	2320.385	2314.049	2326.279	2327.163	2329.374	2312.723	2317.143	2320.827	2308.891	2316.701
2318.469	2319.206	2314.049	2317.880	2311.544	2322.301	2324.806	2328.784	2311.839	2318.027	2319.354	2307.271	2315.080
2321.417	2323.627	2318.764	2320.090	2316.406	2328.490	2328.784	2330.405	2318.469	2320.090	2323.479	2310.660	2320.827
2319.206	2320.974	2315.817	2315.228	2314.638	2322.301	2322.448	2325.542	2315.670	2317.585	2319.648	2308.449	2317.143
2319.943	2324.216	2321.859	2319.648	2316.996	2326.574	2328.342	2327.753	2319.354	2320.090	2325.248	2313.607	2321.269
2321.122	2326.427	2322.006	2315.670	2318.175	2325.100	2326.132	2327.900	2318.617	2317.880	2323.185	2313.165	2317.291
2320.680	2325.837	2322.448	2319.354	2318.469	2328.784	2329.226	2326.574	2320.090	2319.354	2324.806	2315.522	2319.501
2319.354	2325.100	2319.943	2316.554	2317.880	2328.784	2326.279	2326.574	2316.701	2315.375	2320.680	2315.375	2314.933
2318.469	2322.890	2322.448	2318.175	2319.796	2330.847	2329.079	2325.984	2316.112	2313.901	2322.153	2316.849	2316.112
2314.491	2317.733	2315.964	2314.049	2315.522	2325.690	2324.658	2321.417	2310.218	2310.954	2318.175	2312.133	2309.776
2314.344	2318.322	2320.532	2317.291	2318.764	2329.816	2328.784	2325.542	2312.723	2312.575	2321.564	2313.312	2314.049
2313.754	2314.491	2314.344	2315.522	2315.228	2326.869	2327.016	2324.069	2308.891	2310.512	2316.554	2309.186	2313.312
2315.817	2315.522	2318.911	2320.238	2317.291	2328.195	2327.163	2328.637	2310.807	2316.112	2322.301	2313.754	2318.027
2318.764	2318.764	2339.394	2329.079	2329.079	2343.520	2342.488	2336.299	2320.827	2327.016	2330.110	2315.670	2330.110
2309.481	2304.323	2296.072	2316.701	2308.449	2316.701	2331.142	2328.047	2302.260	2309.481	2304.323	2300.198	2317.733
2339.394	2343.520	2346.614	2342.488	2329.079	2337.331	2324.953	2349.709	2328.047	2340.425	2353.834	2339.394	2339.394
