2338.362	2340.425	2346.614	2331.142	2350.740	2346.614	2434.290	2421.912	2342.488	2344.551	2337.331	2331.142	2329.079
2347.646	2340.425	2331.142	2337.331	2337.331	2357.960	2431.195	2426.038	2351.771	2350.740	2360.023	2348.677	2356.929
2351.771	2367.244	2364.149	2339.394	2367.244	2366.212	2443.573	2440.479	2356.929	2353.834	2340.425	2356.929	2341.457
2349.561	2348.382	2347.646	2343.225	2346.761	2356.487	2434.584	2430.753	2357.371	2352.656	2345.583	2347.646	2346.467
2347.351	2348.088	2345.141	2343.814	2344.109	2355.161	2433.995	2429.869	2359.287	2352.950	2345.288	2348.677	2348.382
2349.856	2350.298	2347.056	2345.730	2345.435	2357.224	2435.174	2431.637	2361.644	2351.919	2344.846	2350.445	2347.646
2347.646	2347.498	2344.256	2346.319	2342.046	2354.276	2433.553	2428.985	2363.265	2351.919	2345.877	2349.119	2348.677
2348.677	2347.498	2345.288	2345.435	2344.404	2355.013	2435.911	2427.511	2363.265	2348.972	2343.078	2347.940	2345.730
2349.561	2350.593	2345.141	2347.498	2344.551	2355.897	2439.889	2429.132	2366.212	2351.329	2347.056	2348.235	2350.298
2347.940	2351.477	2344.846	2344.993	2346.172	2355.750	2439.152	2433.700	2364.886	2349.414	2347.498	2346.761	2350.593
2345.730	2349.856	2345.730	2346.761	2348.382	2354.276	2444.752	2435.321	2365.181	2350.003	2349.266	2344.846	2351.329
2349.709	2353.098	2348.824	2349.709	2351.771	2357.666	2449.762	2440.626	2365.475	2350.298	2351.919	2349.561	2354.719
2348.824	2352.508	2350.887	2351.182	2353.834	2358.255	2454.625	2444.605	2366.065	2351.477	2351.477	2348.824	2356.192
2350.740	2353.245	2350.887	2351.329	2354.276	2359.434	2459.487	2449.615	2362.970	2350.593	2351.771	2348.235	2355.161
2351.329	2353.245	2351.477	2351.477	2355.603	2360.907	2464.203	2455.509	2364.591	2354.129	2354.571	2350.887	2357.076
2353.834	2353.834	2351.182	2354.276	2357.666	2363.707	2470.539	2460.371	2363.560	2353.540	2356.339	2353.392	2356.634
2356.487	2352.656	2354.571	2352.508	2357.518	2365.917	2474.370	2463.761	2366.507	2355.161	2356.339	2355.013	2356.045
2355.603	2353.098	2351.329	2350.593	2356.782	2366.802	2475.254	2465.676	2366.065	2353.687	2356.487	2355.750	2357.224
2356.045	2352.950	2351.182	2347.793	2354.129	2368.128	2475.844	2467.150	2367.538	2353.982	2354.719	2352.950	2354.276
2355.161	2353.392	2347.940	2343.962	2351.035	2366.802	2477.022	2466.560	2365.917	2354.571	2355.750	2351.771	2352.214
2355.603	2352.066	2347.351	2343.962	2352.066	2367.244	2478.938	2468.918	2369.749	2355.750	2355.455	2352.803	2352.803
2353.834	2352.214	2346.614	2343.225	2348.382	2367.686	2477.907	2467.297	2368.570	2351.624	2354.424	2351.329	2351.477
2349.266	2350.151	2344.993	2338.804	2344.256	2362.528	2478.201	2466.708	2367.833	2351.624	2350.740	2348.972	2349.709
2349.119	2351.624	2343.078	2340.425	2346.614	2364.002	2478.938	2467.150	2367.096	2349.856	2351.329	2348.972	2352.066
2348.677	2353.098	2346.614	2341.751	2347.056	2364.444	2484.832	2468.918	2367.391	2350.445	2351.182	2348.824	2350.445
2347.646	2352.066	2347.646	2344.551	2348.824	2363.412	2488.663	2472.602	2370.633	2350.740	2353.540	2348.972	2353.540
2348.972	2354.719	2349.709	2347.646	2352.361	2364.149	2493.821	2480.264	2372.106	2349.414	2352.508	2348.972	2356.045
2347.793	2352.950	2350.740	2347.498	2352.361	2363.265	2498.094	2482.769	2372.401	2349.709	2351.919	2348.824	2356.782
2346.909	2353.982	2350.445	2347.646	2353.098	2361.055	2499.862	2483.506	2369.159	2349.119	2349.414	2346.614	2356.339
2348.382	2353.245	2350.887	2347.793	2353.687	2364.002	2497.063	2483.064	2371.075	2347.498	2349.414	2348.382	2357.076
2346.172	2351.771	2350.445	2346.614	2352.950	2361.202	2498.536	2483.653	2368.717	2348.972	2349.119	2346.614	2353.982
2346.172	2348.824	2346.614	2345.435	2348.088	2360.171	2496.326	2484.095	2367.833	2347.646	2347.056	2346.761	2354.571
2346.025	2347.498	2347.351	2341.751	2349.414	2361.055	2496.178	2482.475	2363.707	2346.172	2343.814	2344.551	2350.003
2343.667	2344.993	2346.025	2339.541	2344.993	2359.876	2494.263	2477.170	2363.118	2346.761	2344.846	2344.109	2350.151
2345.730	2349.119	2348.235	2341.457	2346.909	2362.086	2493.526	2473.928	2362.676	2345.730	2344.256	2345.288	2350.151
2345.730	2345.877	2346.319	2339.541	2344.109	2361.202	2492.200	2473.928	2363.855	2348.088	2345.877	2347.351	2350.003
2346.319	2346.172	2347.351	2342.046	2342.488	2362.234	2492.642	2471.570	2360.907	2347.056	2344.109	2344.551	2347.351
2347.498	2346.025	2345.435	2340.867	2340.278	2362.676	2491.021	2471.276	2362.970	2347.056	2342.930	2344.256	2347.940
2348.382	2349.266	2348.824	2341.015	2343.225	2364.002	2490.874	2470.244	2364.886	2347.940	2343.962	2344.551	2346.909
2345.435	2347.793	2344.404	2341.162	2339.394	2359.729	2488.516	2470.392	2363.265	2346.467	2342.488	2343.225	2347.203
2347.793	2346.614	2344.698	2341.899	2342.341	2360.465	2492.789	2472.160	2363.118	2347.793	2340.573	2343.372	2344.846
2343.372	2345.141	2340.573	2338.952	2338.362	2357.813	2492.789	2473.339	2363.265	2345.141	2341.309	2340.867	2344.109
2343.814	2343.962	2342.488	2341.309	2340.867	2360.023	2496.473	2475.696	2362.528	2347.203	2340.573	2339.836	2344.846
2342.930	2346.025	2342.636	2339.688	2343.225	2359.287	2501.336	2481.148	2364.297	2346.909	2342.636	2344.551	2347.646
2341.751	2344.256	2344.404	2341.604	2345.730	2361.644	2506.641	2482.475	2362.528	2347.793	2344.256	2342.930	2347.351
2337.478	2342.636	2341.899	2339.541	2343.962	2357.076	2507.230	2482.327	2358.108	2344.109	2343.372	2342.636	2345.288
2338.804	2342.488	2343.814	2340.278	2346.025	2359.434	2513.272	2485.569	2359.434	2344.404	2346.319	2343.078	2346.614
2334.826	2341.015	2341.162	2338.804	2343.814	2356.782	2511.798	2485.864	2356.782	2340.278	2345.288	2343.225	2345.141
2337.036	2339.541	2343.372	2340.278	2346.761	2358.844	2512.977	2488.811	2355.897	2342.341	2344.551	2342.341	2344.846
2337.625	2343.372	2343.078	2341.604	2346.614	2358.992	2514.156	2491.168	2359.876	2341.015	2345.730	2345.141	2345.730
2336.152	2340.720	2342.488	2338.362	2346.172	2359.287	2514.156	2488.221	2356.782	2341.162	2343.225	2340.573	2343.225
2334.531	2339.394	2338.952	2337.183	2340.720	2355.161	2508.851	2484.390	2355.161	2337.625	2341.015	2341.015	2342.046
2338.510	2339.394	2341.309	2337.478	2343.520	2359.876	2510.177	2483.506	2357.666	2340.278	2340.867	2341.309	2342.193
2338.657	2339.983	2338.657	2336.299	2340.573	2359.876	2506.935	2480.117	2357.076	2341.015	2342.488	2341.751	2342.783
2340.278	2341.162	2339.099	2336.005	2339.394	2360.907	2505.757	2477.022	2358.402	2342.930	2341.751	2342.046	2342.636
2337.331	2339.688	2335.415	2331.289	2333.794	2358.844	2502.220	2472.160	2354.276	2340.278	2339.099	2340.720	2342.193
2334.236	2337.773	2334.384	2329.668	2332.321	2356.487	2501.925	2468.181	2351.182	2337.625	2336.152	2337.920	2339.246
2334.089	2337.478	2331.437	2329.963	2329.226	2355.161	2497.505	2466.413	2352.066	2337.183	2337.183	2337.920	2338.362
2338.804	2338.804	2334.384	2330.405	2333.057	2358.255	2500.894	2470.834	2355.013	2337.183	2338.510	2337.920	2340.720
2334.236	2338.362	2332.321	2330.995	2330.258	2353.687	2497.505	2469.949	2353.982	2338.068	2337.773	2336.005	2341.309
2337.478	2338.952	2334.973	2333.942	2333.205	2354.276	2498.536	2469.507	2352.656	2337.920	2337.331	2336.594	2339.688
2334.826	2339.688	2336.741	2334.826	2334.826	2354.719	2498.389	2470.097	2352.803	2337.920	2340.278	2336.741	2341.162
2336.447	2339.541	2338.952	2337.773	2337.183	2354.571	2502.220	2472.160	2354.424	2338.657	2343.372	2337.920	2341.899
2335.415	2340.278	2339.983	2337.036	2337.183	2352.656	2500.599	2472.454	2352.803	2338.510	2344.404	2339.688	2342.488
2334.678	2337.920	2340.278	2337.478	2335.857	2351.771	2506.199	2475.254	2354.424	2337.331	2344.698	2337.773	2342.783
2330.405	2337.036	2338.657	2337.036	2335.268	2349.709	2508.114	2472.454	2350.593	2337.478	2344.404	2337.773	2342.193
2334.089	2336.889	2337.920	2337.036	2333.205	2353.098	2512.682	2477.170	2350.003	2336.299	2345.435	2338.068	2342.488
2329.374	2334.531	2333.500	2333.647	2331.289	2350.740	2511.356	2472.749	2349.709	2335.563	2341.751	2337.331	2339.099
2330.552	2332.173	2332.468	2330.847	2328.342	2349.414	2510.177	2473.486	2350.151	2334.826	2338.952	2334.973	2340.278
2330.405	2334.678	2331.437	2330.258	2329.079	2350.740	2508.851	2469.655	2350.151	2335.268	2336.889	2334.973	2338.510
2333.942	2334.973	2330.110	2330.110	2329.374	2354.276	2509.293	2472.012	2352.361	2337.773	2337.625	2334.973	2341.899
2333.794	2336.741	2330.847	2328.047	2328.637	2354.276	2506.051	2467.739	2348.677	2338.510	2333.794	2334.678	2339.246
2333.647	2338.068	2330.552	2329.079	2327.311	2353.834	2504.578	2468.476	2351.182	2339.688	2332.468	2335.415	2337.331
2332.026	2338.215	2330.847	2327.900	2329.374	2351.624	2501.778	2464.939	2351.182	2339.246	2331.142	2335.710	2333.942
2335.563	2340.425	2332.321	2328.784	2328.047	2354.571	2501.189	2467.297	2351.329	2338.804	2331.731	2335.563	2336.005
2332.910	2338.804	2331.142	2329.079	2328.784	2352.066	2498.536	2463.319	2348.235	2340.278	2331.879	2333.794	2333.057
2335.710	2337.625	2332.026	2329.374	2328.342	2354.276	2499.568	2467.150	2348.677	2338.804	2333.794	2333.647	2334.826
2332.321	2334.826	2332.468	2328.784	2328.637	2350.151	2502.220	2467.150	2346.467	2338.068	2331.731	2331.437	2330.700
2333.352	2333.057	2331.289	2330.995	2332.468	2352.508	2504.283	2471.865	2347.351	2336.447	2335.710	2330.995	2333.500
2332.026	2333.352	2330.847	2329.226	2332.321	2351.035	2506.935	2474.370	2344.404	2335.120	2336.299	2332.910	2334.089
2332.026	2331.437	2331.437	2331.142	2331.879	2351.624	2509.588	2476.728	2346.025	2334.678	2337.625	2331.731	2336.741
2329.374	2330.995	2333.647	2331.437	2333.647	2350.003	2513.272	2481.001	2345.583	2334.973	2338.510	2332.321	2337.331
2333.942	2333.794	2336.152	2334.678	2333.647	2354.129	2517.840	2482.622	2348.235	2334.973	2339.983	2335.120	2338.362
2332.910	2334.826	2336.889	2334.531	2334.531	2352.214	2519.166	2484.390	2348.824	2337.183	2341.457	2337.036	2336.594
2334.826	2336.741	2336.741	2334.826	2332.763	2353.982	2519.460	2481.738	2350.151	2336.741	2340.278	2337.920	2339.246
2334.384	2338.804	2339.541	2333.352	2330.995	2352.214	2519.608	2480.412	2350.593	2338.215	2340.573	2338.657	2336.594
2338.510	2339.394	2339.983	2336.889	2332.321	2355.897	2516.219	2476.286	2354.276	2340.720	2339.983	2338.362	2340.278
2339.836	2341.015	2340.867	2333.942	2332.763	2357.666	2515.629	2473.633	2352.803	2342.193	2339.836	2340.130	2338.215
2340.573	2342.341	2338.510	2335.563	2332.910	2359.287	2512.682	2470.392	2354.424	2343.962	2338.952	2340.130	2340.425
2338.952	2342.488	2337.036	2332.910	2333.647	2357.960	2507.819	2469.213	2353.687	2342.783	2336.594	2341.162	2337.773
2339.688	2344.109	2336.594	2334.089	2332.910	2357.960	2504.430	2465.676	2354.424	2344.846	2335.415	2341.604	2338.362
2338.215	2344.256	2335.120	2332.615	2334.089	2355.455	2498.241	2461.992	2353.834	2343.814	2336.594	2340.720	2335.563
2339.983	2342.930	2333.794	2332.910	2334.236	2353.982	2494.116	2459.045	2353.245	2343.667	2336.005	2343.814	2338.657
2335.710	2343.225	2333.647	2329.374	2333.500	2350.151	2491.168	2458.161	2349.414	2340.278	2336.447	2339.246	2334.973
2334.826	2340.720	2331.584	2332.173	2333.500	2347.646	2486.895	2455.656	2348.530	2341.604	2336.594	2337.625	2336.299
2332.615	2341.162	2333.205	2329.668	2330.847	2343.814	2482.475	2451.678	2347.056	2338.215	2336.447	2337.036	2334.089
2332.468	2338.068	2333.057	2330.552	2332.321	2342.341	2481.148	2452.120	2344.109	2338.804	2336.741	2333.942	2336.447
2329.226	2334.531	2332.173	2329.374	2329.079	2341.162	2477.465	2448.878	2343.225	2334.089	2335.710	2333.794	2335.268
2331.584	2333.500	2334.531	2332.763	2332.321	2344.993	2477.465	2447.257	2343.520	2335.563	2338.657	2334.678	2337.478
2331.584	2333.942	2333.794	2334.678	2330.552	2344.256	2476.286	2445.783	2343.078	2335.120	2339.246	2332.321	2336.741
2334.236	2333.205	2335.268	2335.563	2330.995	2346.761	2475.696	2441.657	2345.435	2337.920	2339.836	2335.710	2336.005
2333.352	2335.710	2335.857	2336.299	2328.932	2347.351	2471.718	2439.005	2345.730	2336.005	2338.362	2335.857	2338.804
2335.710	2333.942	2335.415	2336.005	2329.668	2349.119	2475.549	2437.826	2345.877	2339.836	2338.068	2336.889	2337.625
2334.384	2334.089	2337.036	2335.120	2326.869	2347.793	2469.949	2432.079	2347.351	2337.331	2337.036	2337.331	2337.773
2337.478	2337.183	2336.299	2334.973	2330.405	2348.382	2471.865	2431.490	2347.203	2340.720	2336.447	2337.331	2338.510
2334.678	2337.036	2337.478	2332.615	2326.132	2343.520	2467.592	2430.016	2346.319	2339.246	2336.152	2335.415	2335.120
2333.500	2337.478	2335.857	2331.584	2328.637	2345.583	2470.686	2431.195	2346.614	2340.720	2334.089	2336.152	2334.678
2334.826	2334.678	2336.299	2329.079	2326.721	2341.899	2470.244	2433.258	2345.877	2338.952	2332.763	2335.120	2333.057
2333.352	2333.352	2334.236	2326.721	2328.490	2340.573	2472.602	2433.848	2347.203	2338.657	2332.910	2334.678	2330.110
2334.236	2333.057	2333.942	2327.458	2329.079	2339.688	2468.034	2433.848	2349.119	2337.036	2334.236	2332.910	2331.437
2333.352	2334.384	2330.847	2327.900	2329.963	2340.130	2472.012	2435.911	2348.677	2340.425	2334.973	2333.352	2330.110
2332.763	2330.110	2330.700	2328.047	2329.079	2339.541	2469.949	2435.911	2346.761	2338.215	2335.710	2331.879	2330.110
2334.236	2330.110	2329.668	2329.079	2330.847	2343.372	2473.339	2439.447	2346.319	2341.457	2334.678	2332.468	2332.173
2333.500	2330.995	2331.289	2329.521	2332.173	2342.783	2470.097	2436.058	2346.761	2338.952	2335.415	2332.468	2333.647
2331.879	2330.847	2330.110	2331.879	2333.057	2344.551	2472.749	2436.795	2345.583	2338.804	2335.710	2331.142	2335.710
2334.531	2332.321	2330.405	2331.584	2331.731	2345.141	2473.781	2435.911	2346.909	2337.183	2335.710	2330.995	2334.826
2332.468	2331.879	2331.289	2331.437	2330.552	2345.583	2479.970	2438.710	2343.814	2336.741	2334.973	2330.847	2334.236
2334.089	2331.731	2333.057	2332.321	2330.995	2347.056	2482.180	2438.268	2344.109	2334.384	2334.973	2330.110	2336.594
2332.026	2332.468	2333.057	2328.932	2327.311	2344.993	2482.622	2437.237	2343.667	2334.089	2332.026	2328.784	2333.057
2332.910	2332.615	2331.879	2327.605	2328.342	2343.814	2481.148	2433.553	2345.288	2331.437	2332.763	2330.700	2333.942
2333.794	2332.173	2330.405	2326.279	2326.132	2342.930	2479.527	2434.584	2343.962	2332.321	2330.110	2329.963	2330.847
2332.763	2333.647	2330.847	2323.332	2324.658	2342.341	2473.339	2431.932	2343.962	2331.731	2328.195	2330.258	2329.521
2332.026	2334.678	2331.437	2324.069	2326.721	2345.435	2472.307	2433.848	2342.930	2334.973	2329.374	2332.615	2330.258
2333.352	2334.973	2332.321	2322.153	2327.753	2342.488	2465.381	2428.985	2343.962	2334.973	2327.605	2332.763	2329.521
2332.026	2335.120	2330.847	2321.564	2327.900	2341.751	2462.876	2428.248	2344.256	2334.826	2330.258	2334.089	2326.869
2332.910	2335.268	2332.468	2324.511	2330.258	2341.162	2459.487	2426.627	2345.288	2335.563	2331.142	2334.531	2330.110
2330.700	2335.120	2331.142	2325.395	2329.226	2339.983	2458.161	2426.922	2344.404	2336.005	2329.374	2334.089	2328.784
2332.615	2334.826	2330.847	2325.837	2329.226	2337.920	2457.572	2425.743	2344.993	2334.384	2332.321	2331.731	2330.700
2332.173	2333.500	2329.963	2328.490	2331.437	2337.183	2461.992	2426.627	2344.551	2336.005	2334.089	2333.794	2331.879
2333.205	2332.321	2333.794	2330.552	2332.468	2336.741	2465.234	2429.574	2347.351	2334.678	2334.826	2332.173	2335.268
2333.647	2333.352	2332.468	2332.910	2333.647	2339.394	2468.918	2431.048	2346.467	2334.384	2338.068	2333.647	2336.299
2335.120	2331.289	2333.942	2333.352	2334.089	2339.246	2472.454	2434.142	2348.677	2335.710	2335.563	2331.879	2337.183
2334.826	2335.120	2334.089	2334.089	2337.331	2341.604	2478.496	2437.237	2347.940	2335.857	2338.804	2333.500	2338.215
2334.236	2334.531	2335.268	2332.615	2334.384	2342.636	2488.369	2441.510	2347.351	2335.120	2337.920	2332.173	2336.594
2334.531	2335.415	2338.657	2333.500	2338.215	2347.351	2493.968	2445.783	2347.351	2338.215	2339.688	2337.036	2336.889
2336.889	2337.773	2339.099	2332.763	2336.594	2349.561	2497.799	2446.815	2348.824	2338.068	2340.425	2336.152	2339.394
2337.920	2338.657	2337.773	2330.258	2336.005	2348.235	2499.715	2447.110	2346.467	2339.246	2339.688	2337.920	2335.415
2336.447	2336.889	2337.920	2329.521	2333.500	2347.056	2503.841	2451.088	2347.203	2339.394	2339.099	2337.036	2336.005
2335.268	2338.952	2338.657	2328.195	2330.552	2350.445	2506.199	2450.646	2345.141	2338.215	2337.773	2339.099	2334.531
2334.678	2335.268	2337.478	2327.163	2327.163	2347.646	2503.988	2448.436	2345.583	2337.773	2335.857	2337.183	2333.794
2334.531	2336.594	2335.415	2327.753	2328.490	2349.414	2497.947	2445.489	2345.583	2337.331	2334.384	2337.478	2334.089
2331.879	2335.120	2332.026	2326.721	2324.953	2345.288	2493.084	2440.773	2344.993	2336.447	2330.110	2333.057	2333.057
2329.668	2334.384	2331.289	2327.163	2327.016	2343.667	2487.632	2438.858	2345.141	2337.478	2330.847	2334.678	2331.437
2329.816	2331.584	2327.753	2327.458	2325.395	2340.130	2480.264	2432.816	2342.783	2334.973	2328.784	2330.847	2331.731
2327.900	2333.205	2329.374	2327.605	2326.427	2338.952	2475.254	2428.690	2342.783	2333.205	2328.784	2332.173	2330.700
2326.279	2331.437	2327.163	2327.605	2328.195	2335.710	2469.802	2423.975	2342.193	2334.384	2329.521	2329.226	2330.700
2326.721	2333.057	2327.311	2329.226	2329.374	2337.773	2469.507	2422.207	2341.899	2333.942	2329.963	2332.173	2331.437
2328.342	2330.552	2328.195	2328.637	2330.110	2335.268	2466.118	2418.523	2341.604	2333.500	2331.584	2330.405	2332.763
2328.932	2331.731	2330.995	2331.437	2332.321	2337.920	2463.613	2416.018	2344.256	2333.500	2334.973	2332.763	2334.678
2327.753	2328.784	2328.342	2327.458	2329.816	2336.741	2461.992	2413.513	2340.425	2328.637	2331.584	2328.784	2330.552
2327.458	2330.258	2331.142	2330.405	2330.110	2340.573	2460.519	2411.892	2342.193	2331.879	2332.910	2332.615	2335.415
2328.637	2329.521	2328.637	2327.900	2330.110	2341.899	2458.308	2408.355	2339.836	2332.468	2331.731	2330.847	2333.057
2331.289	2333.057	2329.816	2329.963	2329.079	2341.899	2455.067	2407.619	2339.836	2331.584	2332.468	2332.468	2336.152
2331.584	2332.026	2330.258	2327.900	2330.405	2342.046	2452.562	2407.029	2338.952	2332.026	2333.352	2330.700	2333.942
2333.205	2335.120	2332.321	2327.163	2329.521	2343.372	2451.678	2407.029	2340.130	2333.205	2334.384	2334.531	2335.415
2333.057	2333.794	2331.584	2324.658	2329.668	2342.488	2452.562	2407.766	2338.215	2333.500	2332.910	2334.384	2334.089
2334.089	2336.152	2334.678	2326.132	2329.226	2344.698	2450.499	2406.735	2341.751	2335.710	2336.299	2336.447	2336.741
2331.584	2334.826	2332.763	2321.564	2327.311	2340.130	2450.057	2405.408	2337.920	2331.731	2332.910	2332.173	2332.321
2329.816	2335.268	2334.531	2324.069	2327.753	2340.720	2448.288	2407.471	2339.394	2332.615	2334.826	2334.531	2335.415
2329.226	2332.910	2332.321	2322.595	2328.932	2338.068	2450.057	2408.650	2339.394	2332.173	2333.352	2333.057	2333.205
2327.900	2331.437	2332.026	2323.922	2327.163	2340.425	2450.351	2408.650	2340.867	2332.173	2333.205	2334.384	2334.531
2323.479	2328.784	2329.226	2325.395	2327.753	2336.741	2450.499	2407.766	2340.278	2330.995	2330.405	2330.110	2332.615
2325.542	2329.226	2327.458	2325.984	2326.279	2338.510	2451.383	2407.324	2341.751	2331.142	2329.963	2330.700	2333.794
2324.953	2326.721	2328.047	2327.311	2327.163	2335.563	2451.383	2409.092	2340.130	2329.963	2327.605	2327.311	2333.647
2327.163	2330.847	2328.932	2329.079	2330.552	2338.215	2455.509	2406.882	2342.046	2334.089	2331.731	2328.490	2336.005
2328.637	2329.374	2327.753	2329.816	2331.879	2337.920	2453.151	2407.029	2340.278	2331.879	2330.258	2325.395	2334.384
2329.226	2330.110	2329.374	2328.342	2333.352	2341.604	2453.593	2403.051	2339.394	2334.384	2332.615	2327.605	2335.415
2328.342	2329.963	2327.163	2328.195	2332.321	2337.625	2450.057	2402.461	2336.299	2331.142	2330.995	2324.658	2333.205
2331.289	2332.173	2328.784	2326.132	2333.647	2341.162	2452.856	2406.440	2335.563	2332.026	2333.942	2327.900	2334.826
2328.195	2330.995	2329.079	2326.279	2330.110	2337.920	2456.098	2408.503	2331.437	2328.932	2333.205	2325.542	2330.258
2329.816	2334.678	2329.226	2325.837	2331.142	2341.604	2459.782	2410.271	2333.205	2330.552	2335.857	2330.405	2332.173
2327.753	2329.963	2328.047	2325.984	2327.753	2341.162	2455.951	2412.776	2332.468	2326.869	2333.205	2329.816	2328.490
2328.637	2331.142	2327.900	2324.953	2326.574	2341.751	2461.108	2412.923	2334.531	2329.079	2333.057	2330.995	2330.405
2326.574	2328.932	2326.574	2323.185	2321.417	2337.331	2460.813	2416.165	2331.879	2323.922	2331.289	2328.932	2328.047
2329.079	2330.995	2329.226	2323.627	2322.743	2338.068	2466.413	2418.818	2334.531	2327.900	2333.205	2330.700	2330.405
2329.374	2329.668	2330.110	2327.605	2322.153	2338.362	2465.676	2416.902	2335.120	2327.900	2330.995	2328.932	2327.900
2327.311	2329.668	2329.226	2326.279	2324.953	2337.625	2463.024	2416.165	2336.594	2330.110	2332.173	2328.342	2331.879
2327.458	2329.668	2327.900	2327.016	2324.069	2337.331	2462.582	2412.334	2334.826	2328.932	2328.342	2326.869	2331.584
2325.248	2329.374	2326.721	2325.542	2325.248	2336.447	2464.792	2414.544	2333.352	2328.637	2327.753	2325.837	2332.173
2323.922	2327.605	2326.427	2324.364	2324.069	2336.447	2461.550	2409.240	2332.910	2327.900	2327.900	2323.627	2330.700
2324.953	2328.490	2328.342	2328.195	2328.932	2338.952	2461.845	2409.976	2334.678	2331.289	2327.753	2324.364	2331.584
2320.532	2328.490	2328.490	2325.100	2327.016	2336.594	2459.340	2405.261	2333.500	2330.552	2324.511	2320.238	2330.405
2321.417	2328.637	2327.605	2322.448	2328.047	2335.710	2464.055	2404.966	2331.584	2330.110	2327.016	2320.680	2331.584
2323.185	2329.963	2326.721	2323.037	2326.279	2338.510	2459.487	2401.725	2333.205	2329.668	2326.721	2322.448	2328.490
2322.301	2328.637	2326.427	2322.006	2327.311	2336.447	2458.014	2401.577	2332.173	2329.521	2329.374	2322.890	2326.721
2324.658	2327.900	2327.458	2319.648	2325.542	2336.594	2454.477	2398.483	2330.995	2330.258	2329.374	2323.627	2326.132
2325.984	2329.226	2327.605	2320.090	2327.311	2335.857	2453.593	2401.577	2330.110	2328.784	2329.079	2325.542	2325.542
2325.690	2330.258	2326.869	2316.701	2324.511	2336.299	2454.035	2399.956	2330.552	2328.342	2329.816	2325.542	2325.690
2330.552	2331.142	2327.753	2322.448	2329.668	2341.162	2453.151	2402.314	2332.468	2328.932	2332.763	2330.552	2328.047
2327.458	2328.490	2324.806	2319.648	2324.658	2338.657	2443.278	2396.862	2330.847	2326.721	2330.110	2328.195	2326.279
2328.490	2328.047	2327.311	2319.943	2324.953	2336.594	2443.131	2397.746	2329.668	2327.605	2330.552	2328.047	2329.963
2327.753	2326.869	2326.427	2320.532	2321.711	2338.952	2437.532	2394.504	2329.521	2327.605	2330.847	2324.658	2329.374
2331.142	2330.110	2328.932	2325.837	2325.395	2339.836	2440.184	2395.388	2332.763	2329.226	2332.468	2326.427	2331.879
2328.047	2329.374	2328.195	2325.395	2323.037	2341.457	2441.657	2393.325	2333.352	2329.963	2333.942	2325.100	2333.205
2330.405	2328.195	2327.311	2327.163	2324.216	2339.836	2439.447	2391.115	2333.500	2329.079	2331.584	2324.216	2334.531
2325.837	2325.395	2323.037	2321.711	2318.322	2336.447	2436.942	2387.579	2330.405	2327.163	2330.258	2318.617	2332.026
2329.963	2326.869	2325.837	2325.690	2322.301	2337.331	2440.479	2390.526	2334.089	2329.226	2330.110	2320.974	2334.236
2326.427	2326.574	2324.511	2323.774	2321.564	2335.710	2440.037	2386.400	2333.647	2327.753	2327.753	2318.911	2330.552
2327.163	2325.690	2323.922	2322.743	2323.627	2333.647	2442.100	2388.463	2332.321	2329.521	2325.984	2322.448	2332.763
2321.417	2323.332	2321.417	2317.438	2318.911	2330.995	2438.268	2384.042	2328.932	2327.458	2323.479	2319.501	2326.869
2323.037	2323.332	2320.238	2320.385	2319.943	2330.110	2436.942	2386.547	2328.195	2327.163	2322.301	2320.090	2327.458
2319.501	2322.301	2321.269	2317.291	2320.532	2329.668	2438.563	2388.905	2325.395	2327.311	2323.627	2319.943	2323.479
2323.185	2323.627	2322.006	2320.385	2319.501	2330.847	2442.247	2392.294	2328.490	2326.132	2323.627	2322.743	2324.511
2319.648	2324.216	2320.974	2318.027	2318.027	2332.615	2443.426	2394.062	2326.132	2325.984	2324.806	2321.711	2322.448
2323.185	2323.332	2322.301	2321.711	2318.617	2336.447	2447.552	2400.251	2327.458	2325.248	2327.900	2323.627	2325.837
2322.743	2324.511	2323.627	2321.564	2316.554	2336.741	2456.393	2403.640	2328.932	2323.332	2328.342	2322.448	2324.216
2326.279	2326.869	2324.953	2324.364	2319.943	2340.720	2458.751	2408.355	2332.173	2324.069	2331.731	2325.248	2329.374
2326.279	2325.395	2324.806	2320.385	2316.996	2338.657	2456.246	2406.587	2331.879	2324.953	2329.668	2324.216	2326.279
2328.932	2327.605	2325.542	2324.216	2316.406	2339.246	2455.214	2406.587	2335.857	2325.248	2329.226	2325.690	2328.784
2326.721	2326.279	2325.984	2321.417	2318.322	2340.720	2454.625	2405.114	2333.205	2325.542	2329.963	2324.216	2327.753
2328.784	2325.248	2328.047	2323.332	2318.911	2338.804	2455.361	2404.377	2334.973	2325.690	2329.079	2326.721	2330.552
2328.047	2327.753	2327.605	2321.269	2318.764	2338.952	2454.035	2404.230	2333.205	2326.574	2329.374	2324.511	2329.226
2328.047	2327.311	2327.311	2323.627	2321.269	2338.068	2447.404	2400.398	2334.678	2329.374	2328.342	2325.837	2331.289
2325.248	2325.100	2327.458	2323.627	2321.122	2338.362	2448.583	2401.577	2333.205	2328.784	2327.900	2323.774	2327.753
2326.721	2327.163	2328.932	2328.342	2325.690	2339.541	2453.298	2402.167	2335.563	2329.668	2329.521	2324.806	2332.763
2322.153	2323.037	2327.163	2325.690	2323.037	2338.362	2451.530	2401.282	2331.879	2329.668	2327.458	2322.595	2328.637
2322.448	2324.364	2327.016	2327.311	2324.364	2336.299	2452.414	2400.546	2334.384	2329.521	2326.427	2323.479	2331.142
2319.206	2323.922	2326.721	2325.984	2322.153	2336.889	2447.699	2396.420	2330.847	2330.552	2326.427	2320.827	2327.311
2318.911	2322.006	2325.100	2326.427	2322.743	2334.826	2447.110	2394.209	2332.321	2329.668	2324.364	2323.037	2328.195
2317.438	2323.185	2323.185	2322.890	2319.648	2334.384	2446.225	2394.946	2329.226	2329.079	2324.511	2320.385	2324.511
2319.943	2325.248	2322.890	2324.216	2321.122	2333.794	2444.899	2392.736	2329.521	2327.900	2325.542	2322.301	2326.869
2317.733	2323.774	2322.301	2319.796	2316.849	2333.205	2440.921	2390.820	2328.047	2326.427	2324.364	2321.859	2323.185
2322.890	2328.784	2324.511	2321.859	2322.890	2337.036	2442.836	2391.704	2330.405	2327.458	2329.226	2325.690	2328.784
2323.037	2327.016	2324.216	2319.354	2319.943	2336.152	2439.152	2389.789	2328.784	2328.784	2327.900	2326.132	2325.984
2325.690	2330.258	2325.100	2320.827	2321.122	2336.447	2436.942	2391.115	2332.321	2327.311	2330.258	2328.637	2328.637
2323.332	2327.753	2323.479	2316.112	2317.585	2332.763	2433.700	2386.989	2328.047	2325.248	2329.668	2326.279	2325.395
2326.132	2331.142	2329.079	2321.269	2322.743	2338.068	2433.995	2388.463	2333.500	2327.016	2330.700	2328.342	2330.110
2325.542	2327.753	2327.458	2318.322	2318.911	2333.057	2429.869	2384.926	2332.321	2327.605	2328.637	2328.490	2328.784
2325.984	2328.784	2329.668	2320.385	2322.595	2333.794	2432.669	2384.189	2333.794	2330.258	2329.226	2329.374	2330.258
2319.354	2322.743	2323.922	2314.933	2313.312	2326.574	2422.501	2376.232	2328.784	2322.743	2322.006	2324.216	2322.301
2316.996	2321.417	2322.595	2316.259	2314.491	2325.248	2418.081	2374.022	2327.900	2322.448	2320.827	2321.711	2322.890
2315.522	2317.438	2317.880	2313.754	2313.459	2322.595	2416.607	2372.843	2325.690	2320.238	2316.406	2318.322	2318.175
2316.406	2318.911	2320.385	2317.585	2317.438	2326.132	2416.460	2371.664	2329.226	2323.037	2317.291	2319.354	2321.859
2313.312	2313.017	2317.291	2313.754	2314.196	2320.680	2412.923	2368.865	2326.574	2318.617	2315.670	2317.291	2316.259
2312.870	2314.638	2317.438	2316.849	2317.438	2325.542	2416.460	2368.865	2328.195	2320.680	2316.554	2317.733	2320.827
2312.723	2313.312	2316.701	2316.259	2314.638	2324.069	2413.513	2368.865	2324.953	2316.701	2315.817	2317.143	2316.406
2318.469	2318.764	2320.974	2322.743	2320.827	2329.226	2420.291	2374.022	2330.110	2323.627	2322.448	2321.122	2322.743
2319.648	2318.911	2322.006	2319.943	2320.974	2330.847	2422.649	2374.759	2330.110	2322.743	2324.364	2322.448	2320.680
2322.301	2323.479	2325.984	2322.743	2323.332	2335.120	2425.449	2378.295	2331.879	2327.163	2329.374	2325.984	2326.574
2322.448	2323.479	2325.837	2320.827	2322.006	2334.384	2424.859	2380.358	2332.026	2326.574	2328.490	2326.279	2323.332
2324.511	2327.163	2325.837	2320.385	2321.564	2335.415	2424.712	2380.063	2330.700	2328.342	2330.258	2328.047	2325.984
2323.037	2326.427	2324.953	2318.027	2319.059	2332.615	2419.554	2378.737	2329.079	2324.806	2326.279	2326.721	2321.417
2325.690	2329.374	2325.542	2317.585	2320.385	2333.205	2419.112	2379.769	2331.879	2328.047	2329.963	2326.869	2326.279
2320.238	2325.690	2324.953	2313.754	2317.143	2334.089	2418.965	2378.590	2330.258	2325.542	2324.806	2326.574	2325.395
2322.301	2330.258	2327.605	2319.206	2319.648	2334.384	2419.702	2380.653	2331.731	2329.226	2327.458	2327.458	2328.490
2316.701	2324.953	2325.837	2316.849	2317.585	2332.468	2416.313	2375.495	2329.374	2325.395	2321.859	2325.248	2325.248
2316.259	2327.311	2326.427	2317.585	2318.175	2331.731	2417.344	2375.201	2328.932	2325.542	2323.627	2324.511	2326.721
2315.670	2321.711	2322.448	2317.585	2317.585	2330.552	2417.933	2375.495	2329.816	2325.984	2319.943	2320.680	2325.100
2315.375	2322.595	2326.427	2319.059	2320.238	2331.879	2423.091	2377.116	2331.879	2326.869	2323.332	2320.827	2328.784
2313.754	2320.238	2323.037	2319.059	2320.532	2332.026	2423.533	2378.737	2331.142	2327.900	2319.943	2319.943	2325.690
2319.206	2323.774	2325.395	2322.890	2324.658	2333.057	2425.891	2379.916	2333.057	2327.900	2324.806	2321.711	2326.869
2317.585	2320.827	2321.711	2319.501	2322.890	2333.352	2423.386	2379.769	2333.647	2325.837	2321.859	2321.269	2322.890
2322.153	2325.837	2324.953	2324.511	2326.427	2334.826	2430.901	2382.863	2336.152	2326.427	2326.279	2323.332	2324.216
2321.859	2322.743	2321.859	2321.564	2324.364	2335.710	2430.459	2382.716	2335.268	2323.627	2323.922	2322.890	2323.774
2322.006	2328.047	2325.395	2324.511	2324.953	2337.478	2435.763	2383.600	2334.678	2323.774	2327.753	2326.721	2324.216
2324.069	2328.637	2322.301	2321.269	2322.743	2337.773	2432.522	2384.337	2336.152	2324.216	2327.605	2327.163	2322.743
2324.511	2329.374	2324.953	2320.974	2322.890	2339.099	2436.205	2383.453	2334.973	2323.185	2328.047	2329.079	2324.953
2324.069	2328.784	2323.037	2318.027	2320.238	2338.068	2435.469	2384.484	2334.678	2324.216	2325.837	2326.132	2324.364
2325.248	2330.405	2323.922	2318.027	2320.090	2338.215	2441.363	2386.105	2333.205	2324.216	2328.342	2327.163	2327.605
2322.006	2326.279	2321.122	2313.754	2317.438	2334.531	2438.416	2385.958	2332.321	2324.806	2324.364	2324.658	2327.163
2325.984	2329.079	2324.806	2318.764	2320.827	2339.246	2442.689	2389.789	2332.910	2329.963	2326.279	2326.574	2329.521
2322.743	2324.216	2323.627	2315.522	2320.827	2334.973	2438.858	2388.757	2332.026	2327.900	2322.595	2325.837	2328.195
2325.690	2326.721	2326.279	2320.090	2322.301	2337.036	2443.868	2390.820	2331.142	2329.521	2322.301	2325.100	2328.342
2323.037	2323.627	2324.069	2318.027	2320.532	2333.057	2438.563	2388.610	2331.142	2327.753	2320.974	2324.216	2326.574
2325.395	2325.395	2323.774	2320.974	2323.774	2331.879	2437.384	2389.052	2332.173	2329.521	2321.711	2323.774	2327.458
2321.564	2320.827	2325.984	2321.269	2322.595	2329.963	2431.637	2383.895	2331.584	2327.016	2318.764	2325.248	2325.542
2322.595	2321.564	2324.511	2322.595	2323.185	2332.321	2427.217	2383.895	2333.500	2326.427	2321.122	2324.216	2324.658
2320.680	2319.648	2324.364	2321.269	2322.595	2327.753	2423.975	2377.116	2331.289	2324.511	2320.090	2323.774	2322.743
2323.922	2323.479	2324.364	2324.364	2323.479	2331.879	2419.260	2376.674	2333.057	2324.069	2322.595	2322.890	2324.069
2319.354	2319.501	2322.743	2323.922	2321.122	2329.079	2416.607	2372.401	2329.521	2325.395	2322.448	2322.153	2323.774
2322.006	2323.185	2324.658	2325.984	2323.332	2332.468	2417.639	2375.201	2332.468	2325.690	2325.100	2323.774	2325.100
2318.469	2321.122	2323.627	2325.100	2319.206	2332.321	2414.102	2369.749	2329.079	2323.479	2324.216	2324.658	2325.395
2324.216	2325.542	2325.100	2325.690	2321.711	2335.857	2413.660	2372.548	2332.910	2327.311	2326.132	2323.774	2327.311
2323.922	2325.395	2324.658	2324.364	2318.322	2333.942	2412.629	2369.896	2328.932	2326.132	2325.100	2322.448	2326.132
2325.984	2326.721	2323.922	2325.100	2319.059	2335.710	2413.955	2374.906	2332.026	2327.458	2325.984	2322.890	2327.163
2325.100	2326.279	2323.479	2325.100	2318.175	2332.763	2415.870	2372.843	2331.289	2328.047	2325.248	2323.332	2326.574
2329.079	2327.163	2324.069	2323.627	2320.827	2333.647	2414.102	2373.727	2334.236	2325.837	2327.458	2325.395	2327.163
2325.690	2325.395	2322.890	2322.006	2318.469	2331.584	2413.218	2369.012	2331.437	2324.658	2323.185	2322.301	2325.395
2330.405	2325.248	2325.542	2323.037	2322.595	2332.615	2417.344	2372.548	2334.826	2326.427	2324.953	2322.006	2326.132
2326.869	2324.216	2323.922	2325.248	2322.153	2329.079	2418.965	2372.254	2331.731	2325.690	2324.364	2324.658	2326.721
2329.816	2324.364	2327.458	2324.953	2325.984	2331.584	2419.849	2371.222	2334.678	2328.195	2323.332	2325.690	2329.079
2325.395	2321.564	2324.511	2322.743	2323.185	2328.342	2413.365	2364.297	2332.026	2325.395	2323.922	2325.248	2326.721
2328.490	2321.711	2326.279	2322.595	2323.332	2330.552	2414.839	2366.212	2332.910	2324.806	2323.627	2324.511	2328.932
2323.774	2320.090	2322.595	2321.417	2322.890	2328.490	2412.039	2361.497	2329.226	2325.248	2321.564	2323.627	2325.837
2327.163	2321.269	2323.185	2324.216	2322.448	2330.700	2410.566	2361.939	2332.173	2325.248	2325.100	2324.806	2327.753
2323.627	2321.417	2320.532	2322.595	2321.564	2329.374	2404.524	2358.697	2329.521	2324.069	2323.922	2324.953	2327.016
2325.984	2322.006	2319.501	2319.059	2319.796	2331.142	2404.377	2356.782	2332.468	2323.185	2324.069	2322.595	2324.364
2322.301	2322.595	2316.701	2318.617	2316.406	2329.226	2401.725	2357.666	2328.637	2319.943	2325.395	2322.448	2323.185
2326.427	2326.869	2322.743	2319.796	2319.796	2333.205	2405.998	2361.939	2333.352	2323.627	2326.132	2325.248	2326.427
2324.364	2327.016	2321.711	2318.617	2318.027	2331.289	2400.840	2358.992	2332.026	2324.216	2327.016	2325.100	2324.364
2328.195	2328.047	2325.542	2319.059	2319.059	2333.647	2405.114	2364.149	2335.120	2324.069	2328.342	2326.427	2328.342
2326.721	2327.458	2323.627	2316.701	2319.501	2330.110	2404.230	2363.118	2330.995	2324.658	2325.690	2324.511	2325.248
2328.784	2326.869	2326.721	2317.733	2319.648	2331.879	2407.913	2365.770	2333.942	2326.574	2327.605	2326.869	2326.132
2325.984	2326.721	2325.690	2317.733	2318.469	2329.963	2404.819	2365.475	2328.342	2325.395	2327.900	2325.690	2325.690
2328.195	2326.279	2327.016	2320.090	2321.711	2329.816	2407.471	2366.065	2332.173	2327.605	2328.637	2328.490	2326.721
2324.069	2324.658	2321.711	2319.206	2319.943	2325.395	2404.230	2364.297	2328.784	2325.100	2328.490	2323.627	2325.100
2324.658	2323.037	2325.395	2319.501	2322.743	2327.753	2405.703	2365.033	2331.142	2326.869	2327.311	2325.248	2326.574
2320.827	2321.564	2320.974	2319.059	2319.943	2324.216	2399.072	2361.497	2329.816	2325.395	2327.163	2322.595	2323.332
2323.774	2323.185	2326.574	2323.922	2323.922	2329.079	2400.546	2362.823	2332.763	2328.195	2328.932	2324.953	2328.637
2319.796	2323.479	2322.301	2322.301	2321.417	2325.542	2396.420	2358.402	2330.258	2326.869	2326.427	2321.859	2325.542
2322.595	2323.479	2324.806	2324.658	2322.890	2327.458	2397.746	2359.434	2332.910	2326.721	2324.953	2321.269	2328.784
2322.595	2323.479	2322.301	2321.122	2323.037	2327.605	2395.683	2356.634	2330.552	2326.279	2323.922	2319.354	2327.458
2325.837	2324.216	2324.511	2326.132	2322.448	2330.700	2397.009	2358.255	2330.405	2326.574	2324.069	2323.037	2329.079
2322.743	2325.100	2319.943	2322.595	2322.448	2327.900	2395.536	2355.603	2328.637	2323.922	2324.216	2320.680	2327.605
2325.690	2327.458	2324.364	2326.132	2322.890	2330.847	2398.630	2359.434	2328.637	2324.216	2324.069	2322.153	2328.195
2322.743	2324.511	2318.764	2319.501	2320.532	2327.163	2392.146	2355.161	2327.163	2319.501	2322.301	2320.238	2325.984
2326.279	2326.427	2321.859	2322.448	2321.859	2331.142	2395.683	2359.729	2329.668	2320.385	2324.953	2322.301	2326.574
2324.069	2327.753	2320.238	2319.943	2322.595	2329.521	2393.767	2358.402	2328.342	2320.974	2325.100	2322.301	2325.100
2324.216	2326.574	2322.153	2321.417	2319.796	2330.995	2397.599	2359.876	2329.668	2321.417	2326.574	2324.069	2325.248
2323.332	2325.100	2320.974	2316.701	2318.175	2327.900	2395.094	2357.960	2329.668	2319.943	2325.395	2321.269	2320.680
2324.216	2325.248	2323.332	2320.532	2319.943	2330.405	2398.483	2362.528	2330.995	2323.185	2327.753	2324.216	2323.185
2322.448	2323.627	2319.796	2316.259	2320.090	2327.311	2395.241	2358.402	2330.405	2322.301	2324.806	2323.479	2321.122
2323.332	2325.984	2324.364	2321.269	2322.006	2329.963	2403.345	2364.591	2332.321	2327.311	2326.574	2324.658	2322.743
2317.585	2322.153	2320.827	2318.322	2319.501	2324.658	2401.577	2361.349	2329.226	2324.069	2323.479	2321.859	2321.711
2319.206	2321.269	2322.006	2321.564	2320.827	2325.395	2405.408	2364.297	2332.321	2325.248	2323.479	2321.122	2323.627
2316.259	2322.448	2319.796	2321.564	2321.417	2322.595	2401.282	2363.560	2331.437	2325.837	2324.364	2316.849	2322.153
2317.143	2322.890	2323.774	2323.627	2324.364	2326.574	2403.345	2366.360	2332.615	2327.163	2323.922	2319.943	2326.721
2316.996	2321.859	2319.943	2322.890	2321.417	2324.069	2399.219	2360.171	2327.163	2324.216	2319.943	2316.259	2324.069
2317.585	2322.890	2322.890	2322.743	2321.564	2325.984	2399.809	2362.676	2328.342	2323.479	2321.417	2316.701	2326.869
2317.291	2322.006	2319.796	2322.153	2319.059	2323.774	2395.388	2356.929	2324.953	2321.417	2320.532	2315.817	2324.511
2321.564	2324.806	2323.774	2320.974	2320.238	2328.490	2394.946	2359.434	2325.395	2322.006	2322.153	2317.880	2326.574
2322.153	2323.037	2322.006	2318.027	2318.027	2327.900	2391.410	2353.392	2324.069	2320.090	2321.859	2318.617	2325.395
2325.542	2326.279	2325.395	2318.322	2318.469	2330.552	2390.526	2355.455	2324.364	2320.385	2321.564	2321.417	2326.869
2323.479	2322.595	2320.238	2313.607	2315.670	2326.869	2387.284	2350.887	2321.417	2319.354	2318.911	2317.733	2323.037
2326.132	2326.721	2325.248	2314.933	2317.291	2331.142	2388.905	2353.687	2326.574	2320.974	2322.301	2320.680	2323.922
2328.490	2324.511	2324.511	2316.259	2316.996	2328.195	2392.146	2352.066	2326.721	2322.448	2322.006	2320.532	2322.890
2328.342	2328.047	2327.163	2316.701	2319.501	2330.700	2392.294	2356.192	2330.552	2324.216	2324.658	2323.627	2322.890
2328.195	2324.658	2324.953	2317.143	2319.501	2327.458	2391.410	2353.245	2331.142	2325.395	2324.216	2322.301	2321.122
2326.574	2325.837	2328.784	2319.206	2320.532	2327.605	2392.294	2357.518	2330.847	2327.753	2326.721	2324.364	2321.711
2322.890	2321.711	2324.658	2318.322	2319.796	2325.395	2392.883	2354.719	2330.405	2325.837	2324.364	2324.069	2321.417
2324.953	2325.690	2329.374	2322.743	2323.479	2327.163	2395.388	2358.108	2332.763	2327.753	2326.427	2327.900	2324.069
2321.564	2322.153	2325.248	2320.090	2321.417	2324.216	2395.388	2358.255	2331.289	2329.816	2324.216	2324.658	2323.627
2320.532	2323.037	2327.016	2320.238	2322.006	2328.490	2393.178	2358.550	2331.879	2327.900	2324.364	2324.216	2324.953
2319.059	2317.585	2321.269	2317.143	2318.617	2324.658	2392.883	2356.634	2328.342	2325.837	2318.764	2319.648	2324.511
2318.617	2320.532	2322.153	2318.027	2320.974	2326.279	2394.946	2359.876	2330.405	2324.511	2321.269	2319.206	2325.542
2318.764	2319.354	2316.996	2315.080	2317.585	2327.163	2395.388	2357.960	2326.427	2321.564	2317.880	2316.554	2323.332
2323.185	2322.448	2320.680	2318.027	2320.090	2330.258	2399.662	2360.023	2328.932	2322.890	2320.532	2317.585	2324.216
2322.006	2320.532	2317.585	2313.901	2316.112	2329.816	2398.483	2357.224	2326.279	2320.238	2319.206	2314.196	2325.395
2326.869	2324.069	2322.006	2318.322	2317.880	2332.468	2402.609	2360.760	2326.869	2319.501	2322.743	2319.943	2325.837
2325.690	2323.332	2319.354	2316.554	2318.911	2332.321	2400.693	2359.434	2326.279	2322.006	2323.185	2319.943	2326.721
2329.521	2328.047	2324.364	2320.680	2320.090	2335.268	2404.082	2362.970	2327.016	2323.774	2328.047	2322.448	2326.427
2328.342	2324.658	2324.511	2318.911	2318.175	2336.152	2402.461	2359.876	2325.248	2324.069	2324.658	2323.627	2325.542
2329.521	2327.900	2326.869	2320.238	2322.595	2335.710	2405.408	2362.381	2329.226	2327.163	2327.163	2325.984	2325.690
2326.574	2325.248	2326.279	2316.996	2321.122	2335.120	2404.082	2361.939	2327.016	2326.869	2324.511	2324.806	2323.922
2325.100	2328.047	2328.047	2320.827	2324.511	2335.563	2407.471	2366.360	2329.521	2330.110	2327.163	2327.753	2323.185
2321.564	2322.006	2323.185	2315.670	2322.006	2333.500	2402.756	2362.381	2327.753	2327.016	2323.922	2323.627	2322.890
2319.943	2324.364	2323.479	2318.322	2321.417	2332.321	2407.471	2365.770	2328.047	2327.311	2324.658	2324.069	2322.743
2315.670	2320.238	2319.501	2314.049	2319.648	2331.437	2405.114	2361.792	2326.721	2327.458	2322.448	2324.216	2321.269
2316.406	2323.627	2319.501	2315.964	2320.385	2330.258	2407.471	2364.886	2327.016	2326.721	2322.890	2323.185	2322.153
2311.839	2318.764	2317.143	2314.933	2316.849	2328.342	2404.966	2362.676	2325.248	2325.395	2319.796	2320.680	2322.301
2314.491	2321.417	2320.827	2318.027	2318.027	2329.374	2406.882	2365.033	2327.605	2325.395	2320.680	2321.269	2326.132
2314.933	2319.354	2317.585	2316.701	2316.112	2328.932	2403.935	2362.234	2323.922	2322.448	2321.417	2319.354	2324.511
2315.080	2323.185	2319.943	2318.322	2318.175	2328.490	2405.850	2360.465	2328.342	2323.774	2320.974	2318.469	2325.837
2315.964	2321.564	2318.911	2318.322	2317.880	2327.753	2401.135	2359.139	2324.069	2320.532	2320.238	2316.112	2323.185
2320.385	2326.279	2323.479	2319.943	2320.238	2330.847	2405.998	2361.202	2329.816	2323.332	2321.417	2318.617	2325.395
2320.090	2323.922	2323.185	2320.974	2320.385	2332.173	2402.756	2360.613	2328.047	2323.479	2320.974	2319.648	2324.806
2325.395	2328.784	2327.458	2321.859	2321.859	2336.447	2404.966	2361.939	2330.405	2325.100	2324.216	2322.006	2326.427
2321.417	2324.364	2322.301	2319.501	2318.322	2331.731	2397.304	2358.697	2326.869	2323.627	2322.743	2320.532	2320.680
2323.774	2327.900	2325.248	2319.501	2319.354	2331.289	2400.398	2360.023	2331.142	2326.869	2321.269	2321.417	2322.448
2323.332	2324.364	2324.364	2319.059	2317.438	2333.205	2398.335	2361.055	2327.458	2326.279	2321.859	2323.037	2320.532
2324.511	2327.458	2326.721	2318.027	2318.322	2333.647	2400.398	2361.939	2332.173	2329.963	2323.037	2326.132	2322.301
2322.448	2320.385	2322.153	2316.259	2317.291	2330.552	2394.357	2359.139	2325.984	2323.627	2321.711	2322.595	2320.974
2321.417	2321.122	2322.890	2316.406	2317.291	2328.784	2396.125	2357.666	2328.047	2326.427	2323.185	2322.448	2321.859
2319.796	2317.733	2320.238	2316.259	2317.143	2327.753	2391.852	2356.782	2327.163	2325.395	2321.859	2320.090	2320.238
2321.711	2321.859	2320.974	2317.585	2321.269	2329.521	2396.272	2358.108	2329.963	2328.490	2324.216	2321.711	2324.953
2318.617	2318.027	2318.617	2317.143	2320.974	2328.637	2393.473	2356.339	2326.721	2324.953	2321.122	2320.090	2323.185
2320.385	2320.385	2319.059	2317.585	2322.890	2326.574	2395.094	2358.697	2330.258	2327.163	2323.774	2319.354	2325.542
2316.259	2315.670	2313.165	2315.522	2318.911	2325.248	2393.031	2356.045	2325.395	2322.743	2319.501	2318.027	2323.332
2320.090	2321.711	2317.585	2318.617	2321.122	2326.721	2397.304	2359.581	2331.289	2327.163	2325.395	2320.238	2325.542
2320.680	2321.417	2315.228	2314.638	2321.269	2326.721	2396.420	2356.634	2328.047	2322.743	2322.006	2319.354	2324.069
2322.006	2323.037	2316.701	2317.585	2321.859	2326.132	2396.567	2355.750	2328.637	2325.690	2324.658	2321.859	2326.132
2321.564	2321.417	2317.438	2313.312	2322.301	2325.690	2392.883	2352.508	2325.690	2320.680	2321.122	2321.417	2322.743
2323.774	2320.827	2318.764	2315.670	2321.269	2328.342	2391.704	2351.919	2326.721	2321.564	2324.658	2322.448	2323.185
2322.006	2323.037	2318.322	2313.901	2321.859	2328.637	2389.494	2352.508	2323.332	2320.680	2321.859	2322.448	2320.680
2327.163	2326.427	2324.511	2319.354	2324.069	2333.942	2396.420	2355.161	2330.110	2326.721	2326.132	2324.511	2322.743
2321.269	2322.006	2321.269	2315.080	2320.974	2330.847	2391.557	2351.182	2324.216	2322.890	2319.796	2322.006	2321.122
2322.153	2321.859	2322.301	2316.849	2319.501	2333.500	2391.410	2352.508	2326.427	2326.132	2322.890	2323.037	2321.122
2319.943	2318.322	2319.648	2313.607	2318.617	2330.258	2392.146	2352.656	2324.658	2322.743	2320.090	2321.122	2318.617
2321.859	2320.974	2320.385	2318.322	2318.617	2333.647	2396.125	2354.719	2328.047	2327.753	2324.216	2324.364	2323.185
2319.943	2320.680	2319.059	2316.259	2318.469	2330.258	2395.683	2354.866	2327.311	2327.753	2322.595	2322.448	2322.890
2323.627	2320.532	2319.206	2318.911	2317.733	2331.879	2397.746	2354.129	2329.079	2328.195	2324.658	2325.100	2324.364
2318.617	2317.733	2318.175	2314.049	2316.406	2325.837	2390.084	2351.035	2322.595	2323.922	2321.711	2320.090	2321.564
2323.037	2320.827	2317.438	2317.143	2318.764	2330.405	2391.410	2353.098	2324.511	2326.279	2323.185	2324.216	2323.627
2321.417	2322.153	2318.469	2317.880	2318.911	2327.311	2391.557	2355.013	2325.248	2324.216	2322.595	2322.153	2325.248
2323.479	2324.364	2318.027	2317.585	2319.501	2328.932	2391.852	2356.339	2323.037	2323.774	2323.185	2322.890	2326.279
2319.796	2321.564	2314.786	2314.491	2317.143	2325.690	2393.473	2355.897	2320.238	2320.680	2319.943	2318.027	2321.859
2320.090	2323.627	2316.112	2314.049	2317.733	2329.079	2394.209	2356.782	2323.332	2322.448	2321.417	2318.469	2321.711
2317.733	2322.006	2315.522	2313.017	2316.701	2327.605	2392.736	2357.076	2320.974	2319.501	2318.322	2317.291	2321.122
2320.680	2324.806	2314.491	2313.754	2316.849	2329.963	2393.473	2355.308	2325.100	2322.006	2319.501	2320.238	2321.417
2316.554	2323.037	2316.259	2311.102	2314.786	2326.721	2391.115	2356.045	2324.364	2319.206	2318.617	2316.701	2318.469
2320.090	2323.185	2317.880	2313.459	2315.375	2329.963	2393.915	2355.603	2325.837	2324.806	2321.269	2320.532	2320.385
2319.059	2322.301	2318.911	2313.754	2318.175	2331.142	2392.736	2357.076	2328.490	2324.216	2320.532	2320.090	2319.059
2322.890	2323.332	2322.301	2318.322	2318.617	2333.205	2389.789	2356.782	2331.142	2325.984	2323.332	2324.216	2321.859
2322.448	2320.238	2321.122	2317.585	2317.733	2331.584	2388.463	2354.719	2329.079	2324.806	2321.711	2324.511	2321.417
2323.185	2321.417	2322.448	2317.880	2318.175	2332.615	2389.641	2353.982	2331.879	2327.753	2325.100	2324.658	2322.006
2322.448	2319.501	2323.479	2318.175	2319.059	2333.057	2390.084	2356.487	2331.879	2325.248	2325.395	2324.806	2323.627
2325.395	2320.827	2324.216	2320.532	2320.090	2332.468	2393.178	2355.897	2333.647	2327.163	2327.163	2324.953	2325.100
2322.006	2320.238	2321.269	2317.438	2318.764	2330.847	2390.673	2355.455	2330.552	2322.006	2324.953	2322.743	2321.564
2323.185	2321.564	2322.153	2319.796	2318.027	2330.405	2392.883	2355.455	2330.700	2324.806	2327.163	2322.595	2324.511
2318.911	2319.943	2319.206	2315.964	2317.585	2327.605	2391.262	2355.603	2331.437	2323.332	2323.332	2321.711	2323.774
2320.238	2321.711	2319.796	2317.733	2319.796	2329.374	2391.999	2358.844	2330.405	2324.658	2325.395	2321.859	2325.984
2317.585	2319.501	2317.733	2317.291	2318.617	2325.542	2388.757	2356.339	2329.963	2320.680	2321.417	2322.301	2323.332
2318.469	2322.595	2318.764	2319.796	2322.153	2328.342	2391.262	2358.255	2330.405	2324.511	2323.185	2323.185	2325.395
2318.322	2320.974	2316.259	2319.354	2320.974	2327.163	2388.905	2358.844	2328.637	2322.595	2321.122	2322.595	2324.658
2319.796	2322.153	2318.764	2319.648	2322.153	2328.490	2385.073	2356.782	2330.552	2324.364	2320.680	2323.627	2324.953
2317.880	2322.006	2318.469	2317.880	2321.859	2327.163	2380.800	2354.276	2328.932	2319.796	2317.291	2322.890	2321.417
2319.354	2324.658	2319.796	2318.469	2320.385	2328.490	2378.000	2352.214	2327.900	2321.711	2320.238	2321.711	2322.595
2317.733	2321.859	2318.911	2315.522	2320.532	2326.721	2377.116	2350.740	2328.932	2317.733	2317.880	2322.301	2318.469
2321.269	2325.690	2322.448	2318.469	2322.743	2331.731	2377.853	2352.361	2329.963	2322.006	2321.564	2323.332	2323.922
2320.532	2321.711	2321.564	2315.375	2319.501	2328.490	2373.875	2349.266	2328.490	2319.943	2319.648	2322.153	2321.564
2323.037	2325.837	2327.311	2319.943	2322.301	2333.205	2376.674	2352.066	2332.763	2324.953	2324.953	2326.427	2325.100
2319.943	2321.269	2323.774	2318.617	2319.501	2328.342	2374.317	2351.771	2331.437	2322.153	2323.332	2323.774	2324.658
2321.564	2320.532	2323.479	2319.354	2318.469	2329.374	2372.990	2350.740	2334.089	2325.395	2325.837	2324.953	2326.721
2322.595	2318.175	2323.479	2319.354	2320.238	2328.784	2374.464	2351.624	2332.763	2324.806	2325.690	2324.069	2324.953
2325.248	2321.564	2323.185	2322.006	2319.206	2328.342	2373.580	2351.919	2334.089	2327.605	2327.900	2323.332	2327.753
2323.479	2317.143	2319.796	2318.175	2316.996	2323.332	2372.990	2351.624	2331.879	2325.248	2323.922	2320.385	2324.069
2325.837	2322.448	2322.448	2321.269	2319.354	2326.427	2375.495	2355.013	2334.236	2327.163	2328.490	2321.269	2327.016
2320.532	2316.996	2315.375	2315.522	2315.817	2320.827	2371.370	2349.266	2331.584	2320.090	2320.385	2317.585	2321.417
2323.627	2322.595	2321.122	2320.238	2319.796	2326.721	2376.380	2353.834	2332.321	2326.279	2325.542	2319.943	2323.479
2319.943	2319.796	2317.733	2316.406	2316.406	2324.069	2375.938	2350.593	2331.437	2321.417	2320.238	2318.911	2323.185
2319.354	2321.859	2318.469	2317.880	2317.585	2325.395	2377.853	2353.540	2330.847	2323.332	2320.974	2319.501	2322.743
2316.259	2320.532	2318.469	2316.112	2316.112	2324.364	2378.885	2348.382	2328.932	2319.796	2316.112	2317.143	2322.006
2316.554	2323.037	2321.122	2319.354	2319.059	2328.047	2378.885	2349.561	2328.195	2320.385	2319.796	2318.175	2321.417
2314.638	2319.354	2317.291	2315.228	2318.322	2325.395	2377.411	2346.025	2325.248	2316.554	2315.375	2317.585	2319.796
2315.817	2323.332	2320.090	2316.996	2317.733	2327.458	2375.495	2345.583	2323.332	2318.175	2319.354	2317.291	2320.385
2315.080	2319.648	2317.143	2312.133	2317.143	2325.100	2373.138	2342.193	2323.479	2315.080	2315.080	2316.701	2319.206
2318.764	2325.984	2323.332	2315.228	2319.648	2330.700	2376.674	2347.056	2325.100	2321.122	2321.122	2318.911	2320.827
2320.532	2323.479	2323.627	2314.344	2317.438	2330.552	2375.053	2345.583	2326.427	2318.469	2321.417	2318.911	2322.743
2324.364	2325.690	2326.574	2316.701	2320.974	2334.384	2376.969	2351.919	2328.047	2323.037	2326.427	2323.332	2324.216
2322.595	2322.743	2324.511	2313.901	2317.438	2332.910	2377.411	2350.003	2328.490	2322.006	2325.395	2322.153	2324.511
2323.185	2322.595	2326.869	2316.554	2317.880	2331.584	2376.380	2352.066	2331.142	2324.953	2326.279	2322.743	2324.364
2319.648	2318.764	2323.922	2313.312	2318.469	2329.521	2376.085	2351.477	2330.847	2325.100	2324.953	2322.006	2325.248
2321.564	2321.859	2324.953	2315.964	2318.469	2329.963	2376.674	2352.803	2331.584	2325.395	2324.806	2323.479	2325.542
2319.648	2319.206	2321.122	2316.701	2318.911	2326.279	2376.085	2353.098	2330.258	2325.100	2322.890	2322.301	2324.069
2320.974	2320.680	2324.216	2316.701	2320.532	2327.900	2378.148	2353.245	2328.342	2327.016	2321.269	2322.153	2324.364
2315.375	2318.617	2319.796	2314.344	2317.438	2323.479	2375.201	2348.530	2328.784	2324.806	2315.670	2318.027	2321.711
2318.027	2321.859	2322.595	2316.554	2321.417	2325.248	2376.822	2352.950	2328.637	2328.932	2318.027	2320.680	2322.743
2315.375	2321.122	2318.469	2314.491	2318.322	2324.806	2375.053	2348.235	2325.837	2324.953	2315.080	2316.996	2319.206
2319.059	2324.216	2322.006	2317.585	2321.417	2327.458	2380.211	2352.361	2325.837	2328.342	2316.554	2319.206	2322.301
2316.996	2323.185	2319.648	2316.849	2320.974	2325.248	2376.969	2349.414	2322.890	2324.364	2316.406	2316.554	2319.796
2318.911	2324.953	2323.037	2318.175	2322.595	2328.195	2378.000	2351.329	2323.037	2326.574	2318.764	2317.733	2322.743
2313.165	2321.269	2316.849	2317.880	2320.385	2324.069	2372.548	2345.730	2321.564	2321.711	2316.996	2315.817	2318.764
2317.291	2324.216	2320.827	2317.291	2319.796	2325.984	2373.727	2347.940	2320.532	2323.332	2321.269	2319.059	2320.532
2315.080	2320.827	2318.469	2316.112	2318.764	2323.627	2369.749	2343.225	2320.680	2318.469	2317.585	2315.817	2319.648
2318.469	2324.216	2321.859	2316.554	2319.206	2327.016	2374.906	2348.235	2323.037	2321.269	2320.827	2319.943	2323.037
2317.733	2320.385	2320.238	2314.049	2316.701	2326.132	2371.370	2343.962	2322.743	2318.617	2319.648	2318.322	2320.090
2323.185	2324.806	2325.248	2316.701	2317.880	2331.437	2376.380	2347.646	2327.900	2323.922	2323.479	2322.448	2325.837
2320.974	2321.711	2323.037	2314.344	2314.786	2330.700	2375.495	2345.288	2327.605	2320.385	2321.859	2321.269	2323.479
2327.605	2328.195	2328.342	2317.438	2318.469	2336.299	2381.832	2352.508	2332.026	2325.984	2325.984	2324.953	2328.490
2323.774	2323.479	2324.216	2316.996	2317.143	2332.763	2379.916	2351.182	2330.847	2324.806	2322.595	2321.859	2326.574
2327.605	2325.395	2327.311	2315.670	2315.964	2334.384	2384.631	2352.803	2330.552	2327.458	2324.953	2323.774	2328.637
2323.774	2322.890	2324.216	2315.228	2316.406	2330.405	2381.095	2350.740	2327.605	2327.311	2321.269	2324.069	2325.248
2326.869	2327.163	2327.458	2319.501	2319.648	2331.437	2384.042	2355.603	2329.963	2330.258	2325.248	2323.627	2328.047
2319.501	2322.006	2320.974	2315.670	2317.143	2327.753	2383.305	2351.919	2325.542	2326.427	2320.974	2321.859	2322.448
2319.354	2323.037	2319.796	2316.259	2319.206	2326.132	2382.863	2354.424	2323.627	2327.458	2322.301	2319.796	2324.069
2314.786	2318.911	2316.701	2312.428	2316.406	2322.153	2380.653	2349.414	2321.859	2323.037	2318.027	2318.469	2319.648
2319.943	2322.890	2321.417	2315.964	2320.238	2327.753	2384.042	2353.687	2323.185	2325.984	2321.417	2320.532	2323.037
2315.080	2321.564	2317.880	2315.670	2319.796	2325.837	2381.684	2350.887	2322.595	2322.006	2318.764	2317.291	2319.354
2317.438	2321.417	2319.796	2318.175	2320.090	2328.195	2383.305	2351.329	2324.806	2324.658	2322.448	2315.670	2322.153
2315.080	2321.564	2317.291	2314.786	2319.501	2327.900	2381.979	2348.677	2324.069	2320.974	2319.943	2316.554	2321.711
2319.059	2321.564	2320.827	2318.911	2320.090	2329.079	2381.242	2352.214	2326.427	2323.037	2322.743	2316.406	2325.690
2319.943	2322.448	2322.448	2317.585	2319.796	2329.668	2380.358	2348.677	2327.900	2320.827	2320.680	2318.764	2323.185
2322.153	2322.595	2324.216	2320.680	2319.943	2330.995	2380.211	2350.298	2328.784	2323.774	2324.216	2318.764	2326.132
2320.090	2317.585	2319.354	2316.849	2316.112	2327.753	2376.674	2345.583	2327.311	2319.501	2322.301	2317.143	2322.890
2319.796	2318.764	2322.448	2319.354	2314.786	2328.342	2377.411	2347.498	2328.342	2322.743	2323.922	2319.059	2325.542
2320.680	2315.964	2318.617	2315.670	2312.575	2327.605	2375.053	2346.614	2326.132	2318.469	2321.417	2318.322	2324.658
2320.238	2316.406	2322.743	2316.996	2312.870	2327.753	2374.906	2347.646	2328.047	2321.122	2321.417	2320.090	2325.395
2318.617	2315.817	2318.027	2312.281	2311.986	2327.016	2371.664	2343.372	2323.922	2318.175	2321.417	2318.322	2322.006
2317.291	2314.933	2319.206	2313.901	2311.544	2325.542	2371.222	2340.867	2324.364	2319.648	2319.354	2319.648	2320.974
2317.291	2316.259	2318.027	2312.870	2311.544	2327.311	2370.338	2344.551	2322.890	2319.354	2320.532	2317.438	2321.564
2316.701	2320.827	2321.269	2317.438	2314.933	2327.605	2369.896	2344.698	2325.395	2322.301	2321.269	2321.564	2322.595
2317.585	2319.943	2319.354	2315.964	2316.701	2327.458	2366.360	2344.993	2324.069	2321.859	2320.238	2319.354	2319.943
2318.469	2324.511	2323.922	2319.354	2319.648	2327.163	2367.244	2343.372	2328.784	2325.395	2323.185	2321.711	2322.301
2318.469	2320.385	2318.764	2318.322	2317.585	2324.511	2359.287	2340.720	2324.511	2320.974	2320.974	2317.733	2317.291
2319.206	2322.006	2321.564	2321.122	2318.764	2323.922	2359.434	2340.720	2326.869	2323.922	2320.532	2318.027	2319.059
2318.911	2321.122	2318.911	2319.501	2318.469	2322.743	2353.098	2339.836	2323.922	2321.269	2321.122	2313.312	2319.059
2319.648	2320.532	2319.648	2319.354	2318.175	2320.974	2350.151	2336.152	2324.658	2320.238	2319.796	2315.522	2318.175
2320.238	2316.406	2318.175	2315.670	2317.291	2320.238	2345.435	2334.236	2320.974	2318.617	2318.469	2311.691	2316.996
2323.037	2320.090	2319.206	2315.522	2317.291	2321.711	2343.814	2333.500	2324.658	2319.059	2321.859	2316.112	2320.680
2321.122	2317.291	2319.206	2314.933	2316.112	2321.711	2339.099	2333.500	2322.006	2318.027	2319.943	2314.933	2319.648
2322.153	2321.417	2320.974	2316.259	2316.996	2324.658	2342.488	2333.794	2326.279	2322.743	2323.774	2318.911	2323.922
2322.595	2317.585	2318.617	2313.901	2315.228	2322.890	2338.804	2333.057	2325.542	2320.532	2322.153	2318.469	2321.417
2322.006	2320.238	2318.911	2313.607	2316.112	2325.248	2340.573	2335.120	2328.342	2323.185	2323.774	2321.564	2323.037
2321.122	2317.585	2318.027	2313.901	2315.522	2322.448	2337.331	2333.647	2327.163	2322.890	2321.122	2321.122	2321.711
2319.943	2319.796	2317.733	2314.344	2314.638	2325.100	2338.068	2334.089	2329.816	2323.774	2323.037	2321.859	2322.448
2317.585	2314.344	2315.670	2311.544	2312.133	2322.153	2335.268	2332.321	2326.132	2321.859	2321.417	2319.501	2317.143
2317.733	2317.143	2314.344	2311.986	2313.901	2322.153	2335.857	2332.026	2326.869	2322.743	2320.532	2318.322	2319.354
2315.670	2313.754	2312.723	2310.807	2312.133	2320.974	2333.942	2332.173	2323.332	2321.122	2319.354	2317.585	2315.817
2315.375	2316.996	2316.406	2313.165	2314.638	2320.238	2336.005	2331.142	2324.216	2323.479	2319.648	2318.027	2317.880
2316.554	2314.049	2315.964	2313.312	2311.102	2320.827	2334.384	2327.753	2322.301	2322.153	2317.291	2316.849	2315.228
2316.701	2317.291	2315.817	2313.017	2314.344	2321.564	2335.268	2326.721	2322.743	2324.216	2318.617	2315.964	2314.933
2316.849	2316.259	2315.522	2312.428	2311.102	2318.911	2334.384	2324.216	2319.943	2322.301	2315.964	2313.312	2314.638
2319.059	2321.122	2317.733	2317.143	2317.143	2320.238	2335.268	2325.100	2322.448	2324.658	2316.996	2314.933	2319.648
2318.027	2317.733	2316.996	2314.344	2312.575	2318.175	2333.205	2323.332	2319.501	2320.974	2317.291	2313.901	2315.080
2319.943	2318.469	2318.322	2315.522	2315.228	2318.175	2331.289	2320.680	2320.974	2320.238	2315.375	2312.281	2318.175
2318.322	2318.322	2314.786	2313.165	2311.986	2318.175	2329.374	2320.090	2319.648	2316.849	2313.754	2310.807	2316.554
2321.269	2318.027	2314.491	2313.017	2313.165	2316.259	2328.342	2321.269	2320.680	2316.996	2315.817	2312.428	2316.996
2318.911	2317.880	2316.112	2312.133	2310.954	2316.112	2326.427	2322.006	2320.827	2315.080	2316.849	2313.754	2317.880
2324.511	2320.385	2318.027	2313.901	2317.143	2319.354	2328.637	2326.721	2326.132	2319.943	2321.417	2319.648	2321.564
2319.796	2317.291	2313.901	2310.954	2312.575	2317.733	2327.016	2324.216	2323.922	2318.027	2318.469	2317.291	2318.469
2324.658	2318.911	2315.375	2313.165	2316.554	2321.711	2329.079	2327.311	2327.311	2320.680	2321.564	2320.827	2321.417
2321.859	2319.354	2312.870	2313.901	2313.901	2320.974	2329.668	2325.248	2326.574	2320.385	2319.796	2319.648	2318.617
2322.006	2317.733	2316.259	2313.312	2316.849	2323.185	2328.637	2329.079	2327.311	2322.448	2322.153	2321.122	2318.617
2316.996	2316.996	2314.344	2311.249	2315.670	2319.648	2327.458	2325.100	2323.479	2321.711	2318.027	2318.764	2320.238
2319.206	2316.406	2313.165	2310.954	2316.849	2319.943	2329.963	2326.427	2323.627	2323.922	2318.764	2317.880	2318.469
2311.544	2313.165	2309.481	2307.860	2311.839	2313.607	2324.658	2319.943	2316.996	2317.733	2311.986	2312.133	2314.786
2315.522	2313.312	2313.607	2309.481	2312.723	2314.786	2328.342	2322.743	2317.143	2320.090	2313.607	2313.459	2315.817
2310.807	2311.839	2312.133	2308.155	2310.365	2313.607	2325.690	2318.322	2316.406	2316.996	2309.481	2310.512	2313.901
2316.406	2314.344	2316.849	2309.628	2312.575	2315.522	2329.374	2322.006	2317.880	2321.859	2314.638	2313.312	2317.733
2325.984	2314.638	2328.047	2319.796	2314.638	2317.733	2343.520	2339.394	2318.764	2328.047	2322.890	2317.733	2315.670
2311.544	2307.418	2310.512	2308.449	2306.386	2325.984	2325.984	2305.355	2332.173	2306.386	2307.418	2309.481	2317.733
2342.488	2340.425	2336.299	2334.236	2325.984	2331.142	2349.709	2335.268	2331.142	2347.646	2339.394	2325.984	2335.268
