#(-1.0 1.0 1.25)
#(1.0 -1.0 1.25)
#(1.0 1.0 -1.25)
#(0.0 0.0 0.0)
#(1.0 0.0 0.0)
#(-1.0 0.0 0.0)
#(0.0 1.0 0.0)
#(0.0 -1.0 0.0)
#(0.0 0.0 1.25)
#(0.0 0.0 -1.25)
#(1.0 0.390625 0.3125)
#(1.0 0.390625 -0.3125)
#(1.0 -0.390625 0.3125)
#(1.0 -0.390625 -0.3125)
#(-1.0 0.390625 0.3125)
#(-1.0 0.390625 -0.3125)
#(-1.0 -0.390625 0.3125)
#(-1.0 -0.390625 -0.3125)
#(0.390625 1.0 0.3125)
#(0.390625 1.0 -0.3125)
#(-0.390625 1.0 0.3125)
#(-0.390625 1.0 -0.3125)
#(0.390625 -1.0 0.3125)
#(0.390625 -1.0 -0.3125)
#(-0.390625 -1.0 0.3125)
#(-0.390625 -1.0 -0.3125)
#(0.10937500000000006 0.10937500000000006 1.25)
#(0.109375 -0.109375 1.25)
#(-0.109375 0.109375 1.25)
#(-0.10937500000000006 -0.10937500000000006 1.25)
#(0.10937500000000006 0.10937500000000006 -1.25)
#(0.109375 -0.109375 -1.25)
#(-0.109375 0.109375 -1.25)
#(-0.10937500000000006 -0.10937500000000006 -1.25)
#(0.5 0.5 0.625)
#(0.5 0.5 -0.625)
#(0.5 -0.5 0.625)
#(0.5 -0.5 -0.625)
#(-0.5 0.5 0.625)
#(-0.5 0.5 -0.625)
#(-0.5 -0.5 0.625)
#(-0.5 -0.5 -0.625)
#(1.0 0.78125 0.0)
#(1.0 -0.78125 0.0)
#(1.0 0.0 0.625)
#(1.0 0.0 -0.625)
#(-1.0 0.78125 0.0)
#(-1.0 -0.78125 0.0)
#(-1.0 0.0 0.625)
#(-1.0 0.0 -0.625)
#(0.78125 1.0 0.0)
#(-0.78125 1.0 0.0)
#(0.0 1.0 0.625)
#(0.0 1.0 -0.625)
#(0.78125 -1.0 0.0)
#(-0.78125 -1.0 0.0)
#(0.0 -1.0 0.625)
#(0.0 -1.0 -0.625)
#(0.21875000000000006 5.551115123125783e-17 1.25)
#(-0.2187500000000001 0.0 1.25)
#(5.551115123125783e-17 0.21875000000000006 1.25)
#(0.0 -0.2187500000000001 1.25)
#(0.2187500000000001 0.0 -1.25)
#(-0.21875000000000006 -5.551115123125783e-17 -1.25)
#(0.0 0.2187500000000001 -1.25)
#(-5.551115123125783e-17 -0.21875000000000006 -1.25)
#(0.890625 0.890625 0.0)
#(0.890625 -0.890625 0.0)
#(-0.890625 0.890625 0.0)
#(-0.890625 -0.890625 0.0)
#(0.0 0.609375 0.9375)
#(0.0 0.609375 -0.9375)
#(0.0 -0.609375 0.9375)
#(0.0 -0.609375 -0.9375)
#(0.609375 0.0 0.9375)
#(0.609375 0.0 -0.9375)
#(-0.609375 0.0 0.9375)
#(-0.609375 0.0 -0.9375)
command-line param: _c=0.8
