#(0 0 0)
#(0 0.5 0.5)
#(0 -0.5 -0.5)
#(0.5 0 0.5)
#(-0.5 0 -0.5)
#(0.5 0.5 0)
#(-0.5 -0.5 0)
#(0.25 0.625 0.625)
#(0.0 0.375 0.625)
#(0.0 0.625 0.375)
#(-0.25 0.375 0.375)
#(0.25 -0.375 -0.375)
#(0.0 -0.625 -0.375)
#(0.0 -0.375 -0.625)
#(-0.25 -0.625 -0.625)
#(0.625 0.25 0.625)
#(0.375 0.0 0.625)
#(0.625 0.0 0.375)
#(0.375 -0.25 0.375)
#(-0.375 0.25 -0.375)
#(-0.625 0.0 -0.375)
#(-0.375 0.0 -0.625)
#(-0.625 -0.25 -0.625)
#(0.625 0.625 0.25)
#(0.375 0.625 0.0)
#(0.625 0.375 0.0)
#(0.375 0.375 -0.25)
#(-0.375 -0.375 0.25)
#(-0.625 -0.375 0.0)
#(-0.375 -0.625 0.0)
#(-0.625 -0.625 -0.25)
#(0.5 0.5 0.5)
#(0.0 0.0 0.5)
#(0.0 0.5 0.0)
#(-0.5 0.0 0.0)
#(0.5 0.0 0.0)
#(0.0 -0.5 0.0)
#(0.0 0.0 -0.5)
#(-0.5 -0.5 -0.5)
#(0.25 0.5 0.75)
#(-0.25 0.5 0.25)
#(0.25 0.75 0.5)
#(-0.25 0.25 0.5)
#(0.25 -0.5 -0.25)
#(-0.25 -0.5 -0.75)
#(0.25 -0.25 -0.5)
#(-0.25 -0.75 -0.5)
#(0.5 0.25 0.75)
#(0.5 -0.25 0.25)
#(0.75 0.25 0.5)
#(0.25 -0.25 0.5)
#(-0.5 0.25 -0.25)
#(-0.5 -0.25 -0.75)
#(-0.25 0.25 -0.5)
#(-0.75 -0.25 -0.5)
#(0.5 0.75 0.25)
#(0.5 0.25 -0.25)
#(0.75 0.5 0.25)
#(0.25 0.5 -0.25)
#(-0.5 -0.25 0.25)
#(-0.5 -0.75 -0.25)
#(-0.25 -0.5 0.25)
#(-0.75 -0.5 -0.25)
#(0.375 0.375 0.75)
#(-0.375 0.375 0.0)
#(0.375 -0.375 0.0)
#(-0.375 -0.375 -0.75)
#(0.75 0.375 0.375)
#(0.0 -0.375 0.375)
#(0.0 0.375 -0.375)
#(-0.75 -0.375 -0.375)
#(0.375 0.75 0.375)
#(-0.375 0.0 0.375)
#(0.375 0.0 -0.375)
#(-0.375 -0.75 -0.375)
