899.343	2426.038
900.982	2426.038
902.621	2445.636
904.260	2433.700
905.898	2432.374
907.536	2435.174
909.174	2433.258
910.812	2435.616
912.449	2437.384
914.087	2442.689
915.724	2444.310
917.360	2451.383
918.997	2455.361
920.633	2461.256
922.269	2469.213
923.905	2473.633
925.540	2475.696
927.175	2479.970
928.810	2481.590
930.445	2485.127
932.079	2487.927
933.714	2488.958
935.348	2489.400
936.981	2491.758
938.615	2493.526
940.248	2497.799
941.881	2501.041
943.514	2501.778
945.147	2498.094
946.779	2497.652
948.411	2498.684
950.043	2496.768
951.675	2495.736
953.306	2492.347
954.937	2491.168
956.568	2494.263
958.199	2493.379
959.829	2494.705
961.460	2497.799
963.090	2497.947
964.719	2498.978
966.349	2498.978
967.978	2499.273
969.607	2503.694
971.236	2505.609
972.865	2504.872
974.493	2508.409
976.121	2510.177
977.749	2514.156
979.377	2516.808
981.004	2516.219
982.631	2512.387
984.258	2514.598
985.885	2516.661
987.511	2516.071
989.138	2515.629
990.764	2512.682
992.390	2508.851
994.015	2511.061
995.641	2506.493
997.266	2501.336
998.891	2501.483
1000.515	2500.599
1002.140	2501.336
1003.764	2504.725
1005.388	2504.872
1007.012	2506.346
1008.635	2502.662
1010.259	2500.746
1011.882	2497.947
1013.505	2500.157
1015.127	2496.178
1016.750	2499.126
1018.372	2497.210
1019.994	2500.157
1021.616	2499.126
1023.237	2501.925
1024.859	2501.189
1026.480	2505.462
1028.101	2504.136
1029.721	2510.030
1031.342	2513.419
1032.962	2516.661
1034.582	2517.840
1036.202	2517.987
1037.821	2517.397
1039.441	2518.429
1041.060	2515.629
1042.679	2510.030
1044.297	2507.525
1045.916	2503.546
1047.534	2500.010
1049.152	2494.116
1050.770	2486.306
1052.388	2480.854
1054.005	2479.233
1055.622	2476.875
1057.239	2473.928
1058.856	2470.981
1060.472	2472.749
1062.089	2473.486
1063.705	2474.517
1065.321	2474.517
1066.936	2472.454
1068.552	2472.454
1070.167	2475.402
1071.782	2476.875
1073.397	2479.085
1075.012	2477.317
1076.626	2476.138
1078.240	2476.728
1079.854	2477.759
1081.468	2477.170
1083.082	2477.907
1084.695	2476.138
1086.308	2478.349
1087.921	2481.885
1089.534	2482.917
1091.146	2481.001
1092.759	2476.580
1094.371	2472.012
1095.983	2468.918
1097.594	2468.623
1099.206	2462.287
1100.817	2458.898
1102.428	2454.330
1104.039	2455.656
1105.650	2456.098
1107.260	2458.751
1108.871	2461.845
1110.481	2468.034
1112.091	2473.781
1113.700	2486.011
1115.310	2491.611
1116.919	2501.336
1118.528	2505.020
1120.137	2508.704
1121.746	2511.061
1123.354	2508.851
1124.962	2504.136
1126.570	2496.915
1128.178	2489.253
1129.786	2482.032
1131.393	2475.107
1133.001	2469.213
1134.608	2466.266
1136.215	2464.055
1137.821	2465.087
1139.428	2462.876
1141.034	2461.403
1142.640	2461.108
1144.246	2459.340
1145.852	2458.898
1147.457	2458.161
1149.062	2459.929
1150.667	2457.866
1152.272	2461.256
1153.877	2456.393
1155.482	2459.340
1157.086	2458.161
1158.690	2460.224
1160.294	2457.424
1161.898	2460.519
1163.501	2459.782
1165.105	2463.171
1166.708	2461.403
1168.311	2464.350
1169.914	2463.024
1171.516	2468.476
1173.118	2471.570
1174.721	2472.897
1176.323	2473.191
1177.925	2473.781
1179.526	2474.959
1181.128	2475.549
1182.729	2473.191
1184.330	2469.213
1185.931	2466.266
1187.532	2465.087
1189.132	2462.287
1190.732	2460.371
1192.333	2459.635
1193.933	2458.161
1195.532	2455.067
1197.132	2454.330
1198.731	2453.151
1200.331	2453.593
1201.930	2452.414
1203.528	2448.730
1205.127	2441.657
1206.726	2437.826
1208.324	2435.763
1209.922	2435.911
1211.520	2436.647
1213.118	2434.879
1214.715	2435.763
1216.313	2441.363
1217.910	2444.310
1219.507	2447.110
1221.104	2447.994
1222.700	2450.204
1224.297	2453.593
1225.893	2453.004
1227.489	2454.625
1229.085	2457.130
1230.681	2459.487
1232.277	2455.803
1233.872	2450.793
1235.467	2447.846
1237.063	2449.173
1238.657	2448.583
1240.252	2445.931
1241.847	2442.247
1243.441	2445.931
1245.035	2448.878
1246.629	2448.730
1248.223	2449.320
1249.817	2446.078
1251.410	2447.552
1253.004	2445.047
1254.597	2441.657
1256.190	2436.795
1257.783	2435.911
1259.375	2427.511
1260.968	2423.680
1262.560	2417.491
1264.152	2421.028
1265.744	2417.197
1267.336	2417.639
1268.927	2409.092
1270.519	2413.808
1272.110	2414.986
1273.701	2418.965
1275.292	2414.839
1276.883	2418.818
1278.474	2417.344
1280.064	2423.533
1281.654	2420.733
1283.244	2425.449
1284.834	2423.091
1286.424	2423.975
1288.014	2419.996
1289.603	2424.122
1291.192	2422.796
1292.782	2425.596
1294.371	2419.112
1295.959	2424.270
1297.548	2423.238
1299.136	2427.954
1300.725	2425.891
1302.313	2432.079
1303.901	2429.869
1305.489	2436.942
1307.076	2432.374
1308.664	2436.647
1310.251	2434.584
1311.838	2439.595
1313.425	2437.384
1315.012	2442.247
1316.599	2440.479
1318.185	2448.141
1319.772	2447.110
1321.358	2450.057
1322.944	2442.689
1324.530	2440.626
1326.116	2434.879
1327.701	2430.164
1329.287	2421.175
1330.872	2419.849
1332.457	2415.281
1334.042	2418.228
1335.627	2414.986
1337.211	2415.870
1338.796	2417.049
1340.380	2418.818
1341.964	2416.018
1343.548	2418.081
1345.132	2416.165
1346.716	2418.523
1348.299	2417.197
1349.883	2414.250
1351.466	2411.008
1353.049	2410.713
1354.632	2407.619
1356.215	2404.966
1357.798	2402.019
1359.380	2402.756
1360.963	2403.493
1362.545	2404.230
1364.127	2404.966
1365.709	2406.145
1367.290	2408.650
1368.872	2411.892
1370.454	2409.240
1372.035	2411.155
1373.616	2410.566
1375.197	2407.471
1376.778	2402.903
1378.359	2402.609
1379.939	2397.746
1381.520	2399.219
1383.100	2394.504
1384.680	2395.683
1386.260	2398.335
1387.840	2397.599
1389.420	2395.241
1390.999	2395.830
1392.579	2397.157
1394.158	2400.693
1395.737	2399.514
1397.316	2399.514
1398.895	2402.756
1400.474	2406.735
1402.052	2406.440
1403.631	2406.882
1405.209	2404.230
1406.787	2406.292
1408.365	2401.135
1409.943	2398.777
1411.521	2391.999
1413.098	2393.767
1414.676	2386.989
1416.253	2388.021
1417.830	2383.305
1419.407	2388.315
1420.984	2387.873
1422.561	2390.231
1424.138	2387.431
1425.714	2392.589
1427.291	2389.347
1428.867	2390.378
1430.443	2386.842
1432.019	2388.610
1433.595	2388.168
1435.170	2390.968
1436.746	2390.084
1438.321	2395.388
1439.897	2396.272
1441.472	2399.072
1443.047	2400.104
1444.622	2401.135
1446.197	2402.314
1447.771	2405.850
1449.346	2406.440
1450.920	2411.008
1452.494	2409.092
1454.068	2411.745
1455.642	2413.218
1457.216	2415.723
1458.790	2413.808
1460.364	2413.808
1461.937	2408.945
1463.510	2412.334
1465.084	2408.945
1466.657	2413.218
1468.230	2408.208
1469.803	2409.682
1471.375	2402.609
1472.948	2404.230
1474.520	2400.546
1476.093	2401.725
1477.665	2393.620
1479.237	2395.536
1480.809	2393.178
1482.381	2398.777
1483.952	2397.157
1485.524	2398.630
1487.095	2395.241
1488.667	2398.188
1490.238	2398.777
1491.809	2396.420
1493.380	2393.767
1494.951	2393.325
1496.522	2393.620
1498.092	2396.862
1499.663	2394.209
1501.233	2394.209
1502.803	2396.714
1504.374	2397.746
1505.944	2398.041
1507.514	2398.630
1509.083	2396.125
1510.653	2399.219
1512.223	2397.451
1513.792	2395.536
1515.361	2398.777
1516.930	2398.925
1518.500	2399.662
1520.069	2398.483
1521.637	2396.272
1523.206	2396.125
1524.775	2395.683
1526.343	2391.852
1527.912	2391.557
1529.480	2387.873
1531.048	2390.378
1532.616	2392.146
1534.184	2391.999
1535.752	2393.473
1537.320	2391.115
1538.887	2392.736
1540.455	2388.905
1542.022	2391.410
1543.589	2385.221
1545.157	2382.716
1546.724	2376.969
1548.291	2374.906
1549.857	2371.075
1551.424	2376.527
1552.991	2371.370
1554.557	2378.443
1556.124	2375.201
1557.690	2378.590
1559.256	2380.653
1560.822	2381.832
1562.388	2379.179
1563.954	2382.274
1565.520	2378.737
1567.086	2383.453
1568.651	2381.832
1570.217	2381.832
1571.782	2380.063
1573.347	2379.916
1574.912	2376.085
1576.477	2375.348
1578.042	2374.317
1579.607	2378.000
1581.172	2378.885
1582.737	2382.421
1584.301	2382.126
1585.866	2383.895
1587.430	2381.832
1588.994	2381.095
1590.558	2379.179
1592.122	2381.684
1593.686	2376.527
1595.250	2379.032
1596.814	2375.348
1598.377	2377.264
1599.941	2375.053
1601.504	2374.464
1603.068	2368.570
1604.631	2372.106
1606.194	2368.865
1607.757	2372.401
1609.320	2371.812
1610.883	2377.558
1612.446	2378.443
1614.008	2383.600
1615.571	2382.421
1617.133	2385.516
1618.696	2381.979
1620.258	2384.189
1621.820	2380.358
1623.382	2379.916
1624.944	2375.938
1626.506	2378.148
1628.068	2377.116
1629.630	2381.979
1631.192	2380.948
1632.753	2382.421
1634.315	2381.832
1635.876	2384.042
1637.437	2381.095
1638.998	2380.358
1640.559	2376.085
1642.121	2376.969
1643.681	2370.633
1645.242	2369.896
1646.803	2366.212
1648.364	2365.770
1649.924	2360.613
1651.485	2358.550
1653.045	2352.214
1654.605	2353.834
1656.166	2348.382
1657.726	2347.056
1659.286	2342.341
1660.846	2343.667
1662.406	2342.341
1663.966	2342.488
1665.525	2337.920
1667.085	2338.952
1668.644	2334.384
1670.204	2336.594
1671.763	2330.552
1673.323	2334.089
1674.882	2330.110
1676.441	2332.763
1678.000	2329.521
1679.559	2333.205
1681.118	2329.816
1682.677	2334.826
1684.236	2328.784
1685.794	2331.879
1687.353	2329.374
1688.911	2331.289
1690.470	2330.700
1692.028	2334.826
1693.586	2329.374
1695.145	2333.057
1696.703	2330.258
1698.261	2328.932
1699.819	2328.342
1701.377	2326.427
1702.934	2321.122
1704.492	2325.248
1706.050	2321.859
1707.607	2326.869
1709.165	2335.268
1710.722	2320.827
1712.280	2353.834
