899.343	2391.999
900.982	2384.779
902.621	2407.471
904.260	2395.388
905.898	2394.946
907.536	2398.188
909.174	2397.746
910.812	2399.367
912.449	2404.230
914.087	2405.703
915.724	2408.503
917.360	2413.365
918.997	2416.607
920.633	2417.933
922.269	2421.470
923.905	2425.891
925.540	2425.449
927.175	2425.154
928.810	2426.627
930.445	2424.859
932.079	2428.690
933.714	2428.101
935.348	2426.480
936.981	2429.280
938.615	2433.848
940.248	2434.584
941.881	2438.710
943.514	2437.532
945.147	2436.205
946.779	2434.584
948.411	2433.700
950.043	2432.227
951.675	2428.985
953.306	2427.806
954.937	2425.891
956.568	2427.364
958.199	2426.185
959.829	2425.006
961.460	2425.596
963.090	2426.480
964.719	2425.891
966.349	2426.775
967.978	2427.217
969.607	2431.195
971.236	2433.848
972.865	2432.816
974.493	2435.027
976.121	2434.142
977.749	2436.058
979.377	2437.826
981.004	2435.027
982.631	2430.459
984.258	2430.753
985.885	2430.459
987.511	2433.258
989.138	2430.016
990.764	2427.511
992.390	2426.333
994.015	2430.311
995.641	2429.132
997.266	2428.985
998.891	2425.891
1000.515	2426.333
1002.140	2425.891
1003.764	2425.449
1005.388	2421.912
1007.012	2421.617
1008.635	2416.313
1010.259	2416.313
1011.882	2415.428
1013.505	2416.607
1015.127	2416.018
1016.750	2417.786
1018.372	2417.786
1019.994	2420.291
1021.616	2419.849
1023.237	2423.386
1024.859	2423.680
1026.480	2426.333
1028.101	2427.806
1029.721	2426.185
1031.342	2427.659
1032.962	2428.248
1034.582	2425.449
1036.202	2425.154
1037.821	2421.617
1039.441	2422.207
1041.060	2423.091
1042.679	2421.617
1044.297	2418.965
1045.916	2419.554
1047.534	2416.165
1049.152	2416.165
1050.770	2411.303
1052.388	2410.860
1054.005	2409.387
1055.622	2409.092
1057.239	2405.850
1058.856	2403.640
1060.472	2404.524
1062.089	2402.461
1063.705	2400.546
1065.321	2398.925
1066.936	2395.241
1068.552	2395.683
1070.167	2396.272
1071.782	2396.125
1073.397	2398.188
1075.012	2398.925
1076.626	2399.219
1078.240	2401.872
1079.854	2402.903
1081.468	2404.377
1083.082	2403.345
1084.695	2402.314
1086.308	2404.672
1087.921	2403.198
1089.534	2404.966
1091.146	2400.398
1092.759	2397.746
1094.371	2394.504
1095.983	2390.820
1097.594	2388.315
1099.206	2388.021
1100.817	2383.747
1102.428	2384.189
1104.039	2383.895
1105.650	2385.516
1107.260	2388.315
1108.871	2389.052
1110.481	2391.999
1112.091	2395.388
1113.700	2398.777
1115.310	2400.988
1116.919	2405.703
1118.528	2404.819
1120.137	2406.882
1121.746	2405.556
1123.354	2403.640
1124.962	2399.514
1126.570	2397.009
1128.178	2391.262
1129.786	2392.589
1131.393	2387.431
1133.001	2385.221
1134.608	2383.895
1136.215	2385.663
1137.821	2386.400
1139.428	2387.726
1141.034	2383.453
1142.640	2385.221
1144.246	2383.158
1145.852	2384.337
1147.457	2381.684
1149.062	2383.305
1150.667	2379.916
1152.272	2382.126
1153.877	2378.000
1155.482	2380.358
1157.086	2378.885
1158.690	2381.390
1160.294	2378.000
1161.898	2380.800
1163.501	2380.063
1165.105	2383.747
1166.708	2383.305
1168.311	2385.073
1169.914	2383.453
1171.516	2386.252
1173.118	2384.631
1174.721	2385.368
1176.323	2381.390
1177.925	2381.832
1179.526	2378.885
1181.128	2381.979
1182.729	2380.653
1184.330	2381.537
1185.931	2380.653
1187.532	2382.421
1189.132	2381.684
1190.732	2384.042
1192.333	2380.506
1193.933	2383.305
1195.532	2380.211
1197.132	2382.274
1198.731	2378.590
1200.331	2379.327
1201.930	2375.643
1203.528	2375.790
1205.127	2368.275
1206.726	2369.601
1208.324	2366.065
1209.922	2370.191
1211.520	2369.749
1213.118	2372.401
1214.715	2371.370
1216.313	2375.790
1217.910	2374.611
1219.507	2376.674
1221.104	2375.495
1222.700	2375.053
1224.297	2374.169
1225.893	2374.906
1227.489	2373.875
1229.085	2376.085
1230.681	2375.348
1232.277	2375.348
1233.872	2374.022
1235.467	2375.201
1237.063	2375.053
1238.657	2375.790
1240.252	2374.906
1241.847	2376.380
1243.441	2376.527
1245.035	2379.327
1246.629	2375.495
1248.223	2378.148
1249.817	2373.580
1251.410	2375.348
1253.004	2370.633
1254.597	2370.485
1256.190	2366.065
1257.783	2369.454
1259.375	2365.475
1260.968	2368.128
1262.560	2361.644
1264.152	2366.802
1265.744	2363.855
1267.336	2366.507
1268.927	2358.255
1270.519	2357.518
1272.110	2357.224
1273.701	2359.434
1275.292	2356.929
1276.883	2357.813
1278.474	2354.424
1280.064	2359.581
1281.654	2358.402
1283.244	2361.202
1284.834	2361.349
1286.424	2360.760
1288.014	2358.992
1289.603	2362.823
1291.192	2361.644
1292.782	2364.591
1294.371	2359.581
1295.959	2361.349
1297.548	2360.907
1299.136	2363.707
1300.725	2360.023
1302.313	2362.970
1303.901	2360.613
1305.489	2365.181
1307.076	2361.497
1308.664	2364.591
1310.251	2362.970
1311.838	2366.360
1313.425	2365.475
1315.012	2368.570
1316.599	2364.886
1318.185	2370.338
1319.772	2367.538
1321.358	2370.043
1322.944	2366.065
1324.530	2366.507
1326.116	2363.412
1327.701	2364.444
1329.287	2361.349
1330.872	2361.792
1332.457	2356.634
1334.042	2360.171
1335.627	2356.045
1337.211	2356.929
1338.796	2355.308
1340.380	2354.276
1341.964	2352.508
1343.548	2355.013
1345.132	2350.887
1346.716	2355.308
1348.299	2354.719
1349.883	2354.719
1351.466	2353.982
1353.049	2353.098
1354.632	2350.445
1356.215	2352.508
1357.798	2348.824
1359.380	2348.235
1360.963	2349.561
1362.545	2349.709
1364.127	2351.624
1365.709	2352.361
1367.290	2351.771
1368.872	2353.392
1370.454	2350.740
1372.035	2349.561
1373.616	2348.824
1375.197	2347.056
1376.778	2346.467
1378.359	2348.235
1379.939	2345.583
1381.520	2347.793
1383.100	2346.909
1384.680	2349.414
1386.260	2347.940
1387.840	2348.530
1389.420	2345.730
1390.999	2347.056
1392.579	2348.530
1394.158	2348.530
1395.737	2344.993
1397.316	2348.677
1398.895	2346.909
1400.474	2351.477
1402.052	2350.445
1403.631	2350.445
1405.209	2349.266
1406.787	2351.771
1408.365	2347.056
1409.943	2348.677
1411.521	2344.256
1413.098	2346.172
1414.676	2344.256
1416.253	2344.846
1417.830	2341.899
1419.407	2345.288
1420.984	2344.256
1422.561	2344.551
1424.138	2343.814
1425.714	2344.698
1427.291	2345.730
1428.867	2346.319
1430.443	2343.520
1432.019	2345.435
1433.595	2344.698
1435.170	2345.435
1436.746	2345.435
1438.321	2347.646
1439.897	2349.561
1441.472	2353.392
1443.047	2353.540
1444.622	2357.224
1446.197	2358.255
1447.771	2360.465
1449.346	2357.371
1450.920	2359.581
1452.494	2355.603
1454.068	2356.045
1455.642	2352.508
1457.216	2351.035
1458.790	2349.561
1460.364	2351.477
1461.937	2348.972
1463.510	2351.919
1465.084	2351.182
1466.657	2354.424
1468.230	2354.866
1469.803	2356.192
1471.375	2353.098
1472.948	2355.455
1474.520	2353.098
1476.093	2352.656
1477.665	2348.824
1479.237	2347.940
1480.809	2346.319
1482.381	2347.940
1483.952	2347.646
1485.524	2349.119
1487.095	2347.498
1488.667	2351.182
1490.238	2352.066
1491.809	2351.329
1493.380	2351.329
1494.951	2350.298
1496.522	2350.298
1498.092	2355.455
1499.663	2351.624
1501.233	2351.035
1502.803	2354.129
1504.374	2353.245
1505.944	2353.687
1507.514	2352.656
1509.083	2349.709
1510.653	2350.887
1512.223	2351.035
1513.792	2349.856
1515.361	2351.035
1516.930	2350.151
1518.500	2350.887
1520.069	2351.624
1521.637	2351.771
1523.206	2354.424
1524.775	2353.245
1526.343	2353.982
1527.912	2351.771
1529.480	2350.740
1531.048	2348.677
1532.616	2348.235
1534.184	2344.551
1535.752	2344.109
1537.320	2341.457
1538.887	2343.225
1540.455	2343.078
1542.022	2346.025
1543.589	2344.698
1545.157	2346.761
1546.724	2345.288
1548.291	2347.056
1549.857	2347.056
1551.424	2349.561
1552.991	2344.698
1554.557	2348.824
1556.124	2343.372
1557.690	2342.488
1559.256	2342.930
1560.822	2341.309
1562.388	2339.099
1563.954	2344.404
1565.520	2338.952
1567.086	2344.256
1568.651	2343.962
1570.217	2343.814
1571.782	2343.520
1573.347	2344.404
1574.912	2341.309
1576.477	2343.962
1578.042	2342.488
1579.607	2343.225
1581.172	2344.993
1582.737	2344.846
1584.301	2343.962
1585.866	2342.488
1587.430	2337.920
1588.994	2337.478
1590.558	2338.804
1592.122	2336.594
1593.686	2337.478
1595.250	2338.510
1596.814	2338.068
1598.377	2343.372
1599.941	2342.488
1601.504	2343.372
1603.068	2340.720
1604.631	2340.425
1606.194	2340.130
1607.757	2341.162
1609.320	2341.162
1610.883	2343.520
1612.446	2342.636
1614.008	2344.993
1615.571	2342.636
1617.133	2344.404
1618.696	2343.814
1620.258	2344.109
1621.820	2342.636
1623.382	2342.930
1624.944	2342.636
1626.506	2347.056
1628.068	2344.698
1629.630	2347.646
1631.192	2347.646
1632.753	2348.824
1634.315	2348.677
1635.876	2347.056
1637.437	2346.319
1638.998	2344.698
1640.559	2341.899
1642.121	2339.836
1643.681	2333.942
1645.242	2333.352
1646.803	2334.678
1648.364	2333.794
1649.924	2335.415
1651.485	2337.183
1653.045	2335.120
1654.605	2338.952
1656.166	2337.183
1657.726	2337.036
1659.286	2333.942
1660.846	2333.647
1662.406	2329.668
1663.966	2332.173
1665.525	2328.784
1667.085	2330.700
1668.644	2326.279
1670.204	2329.963
1671.763	2324.806
1673.323	2327.016
1674.882	2324.069
1676.441	2327.605
1678.000	2323.774
1679.559	2326.869
1681.118	2322.595
1682.677	2327.311
1684.236	2324.658
1685.794	2324.806
1687.353	2320.680
1688.911	2320.680
1690.470	2319.648
1692.028	2321.711
1693.586	2317.291
1695.145	2320.974
1696.703	2319.206
1698.261	2322.743
1699.819	2322.153
1701.377	2322.153
1702.934	2318.764
1704.492	2323.185
1706.050	2318.764
1707.607	2323.774
1709.165	2337.331
1710.722	2308.449
1712.280	2343.520
