899.343	2331.142
900.982	2349.709
902.621	2351.771
904.260	2347.940
905.898	2349.414
907.536	2351.035
909.174	2350.445
910.812	2349.119
912.449	2350.003
914.087	2348.530
915.724	2351.919
917.360	2351.919
918.997	2353.540
920.633	2352.361
922.269	2355.897
923.905	2356.045
925.540	2357.518
927.175	2354.424
928.810	2356.782
930.445	2353.982
932.079	2354.866
933.714	2352.214
935.348	2351.182
936.981	2352.361
938.615	2353.392
940.248	2352.214
941.881	2354.866
943.514	2353.540
945.147	2353.834
946.779	2352.508
948.411	2352.656
950.043	2349.709
951.675	2350.003
953.306	2347.203
954.937	2350.740
956.568	2348.824
958.199	2349.856
959.829	2349.119
961.460	2350.740
963.090	2348.530
964.719	2349.119
966.349	2344.846
967.978	2346.614
969.607	2345.730
971.236	2347.351
972.865	2342.930
974.493	2344.109
976.121	2340.278
977.749	2341.015
979.377	2342.046
981.004	2341.604
982.631	2336.152
984.258	2338.952
985.885	2338.215
987.511	2340.720
989.138	2339.983
990.764	2337.036
992.390	2338.362
994.015	2339.541
995.641	2341.604
997.266	2340.720
998.891	2342.930
1000.515	2342.488
1002.140	2341.162
1003.764	2338.362
1005.388	2337.036
1007.012	2335.268
1008.635	2335.415
1010.259	2332.321
1011.882	2333.205
1013.505	2336.299
1015.127	2337.036
1016.750	2338.068
1018.372	2336.594
1019.994	2335.268
1021.616	2336.299
1023.237	2334.973
1024.859	2333.647
1026.480	2332.026
1028.101	2333.352
1029.721	2333.205
1031.342	2334.384
1032.962	2334.678
1034.582	2337.478
1036.202	2336.299
1037.821	2338.068
1039.441	2339.099
1041.060	2340.425
1042.679	2341.899
1044.297	2341.015
1045.916	2342.783
1047.534	2340.130
1049.152	2340.425
1050.770	2337.331
1052.388	2336.447
1054.005	2334.531
1055.622	2332.468
1057.239	2329.816
1058.856	2334.384
1060.472	2334.678
1062.089	2336.299
1063.705	2336.594
1065.321	2338.510
1066.936	2338.215
1068.552	2339.836
1070.167	2336.741
1071.782	2336.005
1073.397	2333.794
1075.012	2336.594
1076.626	2333.352
1078.240	2336.005
1079.854	2332.173
1081.468	2335.710
1083.082	2334.089
1084.695	2335.563
1086.308	2332.615
1087.921	2335.120
1089.534	2332.468
1091.146	2334.089
1092.759	2331.879
1094.371	2334.236
1095.983	2333.942
1097.594	2335.415
1099.206	2332.615
1100.817	2336.447
1102.428	2334.089
1104.039	2334.384
1105.650	2331.731
1107.260	2330.110
1108.871	2330.847
1110.481	2333.352
1112.091	2330.847
1113.700	2335.710
1115.310	2334.973
1116.919	2338.657
1118.528	2340.867
1120.137	2340.573
1121.746	2340.130
1123.354	2340.130
1124.962	2337.331
1126.570	2336.152
1128.178	2334.826
1129.786	2332.910
1131.393	2329.668
1133.001	2328.784
1134.608	2326.132
1136.215	2328.342
1137.821	2328.784
1139.428	2329.668
1141.034	2329.816
1142.640	2332.763
1144.246	2332.321
1145.852	2335.415
1147.457	2333.794
1149.062	2336.005
1150.667	2336.005
1152.272	2337.036
1153.877	2336.447
1155.482	2335.120
1157.086	2335.857
1158.690	2333.647
1160.294	2333.647
1161.898	2330.405
1163.501	2329.374
1165.105	2328.195
1166.708	2329.668
1168.311	2328.342
1169.914	2328.784
1171.516	2328.195
1173.118	2329.963
1174.721	2332.321
1176.323	2331.879
1177.925	2334.384
1179.526	2330.995
1181.128	2335.710
1182.729	2333.057
1184.330	2333.794
1185.931	2330.110
1187.532	2329.226
1189.132	2325.837
1190.732	2327.458
1192.333	2323.037
1193.933	2325.542
1195.532	2324.069
1197.132	2326.869
1198.731	2327.605
1200.331	2329.521
1201.930	2329.816
1203.528	2332.173
1205.127	2329.374
1206.726	2330.995
1208.324	2329.816
1209.922	2333.352
1211.520	2329.668
1213.118	2330.700
1214.715	2326.721
1216.313	2327.163
1217.910	2325.690
1219.507	2323.922
1221.104	2319.206
1222.700	2322.153
1224.297	2320.827
1225.893	2322.448
1227.489	2323.627
1229.085	2324.511
1230.681	2326.574
1232.277	2329.226
1233.872	2327.605
1235.467	2328.195
1237.063	2327.311
1238.657	2328.195
1240.252	2325.984
1241.847	2327.605
1243.441	2324.364
1245.035	2326.574
1246.629	2324.806
1248.223	2325.984
1249.817	2323.922
1251.410	2325.690
1253.004	2323.627
1254.597	2326.132
1256.190	2324.953
1257.783	2328.342
1259.375	2328.047
1260.968	2330.700
1262.560	2326.279
1264.152	2331.731
1265.744	2327.605
1267.336	2331.289
1268.927	2323.037
1270.519	2321.417
1272.110	2317.585
1273.701	2320.238
1275.292	2315.964
1276.883	2319.943
1278.474	2315.522
1280.064	2323.185
1281.654	2324.216
1283.244	2329.079
1284.834	2329.521
1286.424	2328.932
1288.014	2326.574
1289.603	2329.374
1291.192	2326.869
1292.782	2330.847
1294.371	2325.248
1295.959	2328.342
1297.548	2324.511
1299.136	2328.490
1300.725	2324.953
1302.313	2326.427
1303.901	2321.269
1305.489	2325.395
1307.076	2321.122
1308.664	2325.837
1310.251	2322.595
1311.838	2324.069
1313.425	2323.627
1315.012	2326.132
1316.599	2324.069
1318.185	2326.721
1319.772	2323.479
1321.358	2328.490
1322.944	2325.395
1324.530	2328.932
1326.116	2325.690
1327.701	2326.721
1329.287	2324.364
1330.872	2325.542
1332.457	2322.595
1334.042	2327.311
1335.627	2322.448
1337.211	2326.279
1338.796	2324.806
1340.380	2326.574
1341.964	2327.163
1343.548	2326.574
1345.132	2324.511
1346.716	2328.047
1348.299	2328.047
1349.883	2327.753
1351.466	2327.016
1353.049	2325.100
1354.632	2323.627
1356.215	2322.890
1357.798	2322.890
1359.380	2320.827
1360.963	2320.238
1362.545	2322.448
1364.127	2322.890
1365.709	2324.216
1367.290	2324.069
1368.872	2323.185
1370.454	2322.743
1372.035	2324.806
1373.616	2322.595
1375.197	2325.248
1376.778	2322.890
1378.359	2327.016
1379.939	2323.922
1381.520	2324.953
1383.100	2322.743
1384.680	2324.953
1386.260	2321.122
1387.840	2326.279
1389.420	2320.974
1390.999	2323.332
1392.579	2321.859
1394.158	2323.332
1395.737	2320.090
1397.316	2323.185
1398.895	2318.175
1400.474	2323.037
1402.052	2321.122
1403.631	2323.479
1405.209	2322.890
1406.787	2325.690
1408.365	2321.122
1409.943	2321.711
1411.521	2318.764
1413.098	2319.648
1414.676	2315.964
1416.253	2317.291
1417.830	2312.575
1419.407	2318.911
1420.984	2318.764
1422.561	2320.238
1424.138	2320.385
1425.714	2324.364
1427.291	2322.153
1428.867	2326.132
1430.443	2322.301
1432.019	2323.774
1433.595	2321.269
1435.170	2323.332
1436.746	2319.943
1438.321	2322.153
1439.897	2318.469
1441.472	2322.006
1443.047	2320.238
1444.622	2325.395
1446.197	2321.859
1447.771	2323.774
1449.346	2323.037
1450.920	2327.016
1452.494	2322.595
1454.068	2324.658
1455.642	2320.238
1457.216	2323.037
1458.790	2321.859
1460.364	2324.216
1461.937	2322.301
1463.510	2322.890
1465.084	2321.711
1466.657	2322.595
1468.230	2320.090
1469.803	2322.153
1471.375	2316.849
1472.948	2318.617
1474.520	2318.617
1476.093	2320.090
1477.665	2319.059
1479.237	2320.385
1480.809	2319.059
1482.381	2323.332
1483.952	2321.711
1485.524	2323.922
1487.095	2319.943
1488.667	2321.711
1490.238	2322.301
1491.809	2322.153
1493.380	2321.122
1494.951	2320.974
1496.522	2319.943
1498.092	2323.479
1499.663	2320.827
1501.233	2320.238
1502.803	2320.532
1504.374	2322.153
1505.944	2321.711
1507.514	2322.743
1509.083	2321.269
1510.653	2324.069
1512.223	2324.511
1513.792	2325.837
1515.361	2323.037
1516.930	2326.574
1518.500	2324.364
1520.069	2327.458
1521.637	2324.953
1523.206	2326.279
1524.775	2323.774
1526.343	2325.100
1527.912	2321.711
1529.480	2324.216
1531.048	2321.564
1532.616	2322.890
1534.184	2320.532
1535.752	2324.364
1537.320	2324.364
1538.887	2326.721
1540.455	2324.953
1542.022	2328.342
1543.589	2327.900
1545.157	2328.490
1546.724	2323.774
1548.291	2323.774
1549.857	2319.943
1551.424	2321.417
1552.991	2317.585
1554.557	2322.595
1556.124	2320.532
1557.690	2323.479
1559.256	2322.301
1560.822	2325.395
1562.388	2323.479
1563.954	2327.163
1565.520	2321.122
1567.086	2324.511
1568.651	2319.206
1570.217	2320.974
1571.782	2316.996
1573.347	2320.385
1574.912	2315.817
1576.477	2319.059
1578.042	2316.849
1579.607	2322.153
1581.172	2322.006
1582.737	2326.869
1584.301	2323.332
1585.866	2325.100
1587.430	2321.859
1588.994	2324.216
1590.558	2324.364
1592.122	2324.364
1593.686	2320.090
1595.250	2325.100
1596.814	2321.122
1598.377	2324.953
1599.941	2321.269
1601.504	2322.153
1603.068	2317.438
1604.631	2319.059
1606.194	2314.491
1607.757	2320.238
1609.320	2317.143
1610.883	2322.153
1612.446	2321.417
1614.008	2327.753
1615.571	2327.163
1617.133	2328.342
1618.696	2324.806
1620.258	2328.195
1621.820	2325.395
1623.382	2323.922
1624.944	2319.354
1626.506	2323.185
1628.068	2321.417
1629.630	2325.100
1631.192	2321.711
1632.753	2323.037
1634.315	2324.364
1635.876	2327.163
1637.437	2322.448
1638.998	2324.069
1640.559	2320.974
1642.121	2323.774
1643.681	2321.122
1645.242	2320.385
1646.803	2323.037
1648.364	2323.479
1649.924	2324.806
1651.485	2325.837
1653.045	2325.100
1654.605	2326.132
1656.166	2324.216
1657.726	2322.301
1659.286	2322.448
1660.846	2322.595
1662.406	2322.595
1663.966	2322.743
1665.525	2322.006
1667.085	2324.806
1668.644	2323.922
1670.204	2327.458
1671.763	2320.827
1673.323	2322.153
1674.882	2317.585
1676.441	2317.585
1678.000	2316.701
1679.559	2316.112
1681.118	2312.723
1682.677	2318.322
1684.236	2314.344
1685.794	2317.143
1687.353	2316.849
1688.911	2317.291
1690.470	2317.585
1692.028	2322.006
1693.586	2319.354
1695.145	2324.364
1696.703	2323.479
1698.261	2323.479
1699.819	2323.479
1701.377	2321.417
1702.934	2317.438
1704.492	2317.880
1706.050	2314.196
1707.607	2317.291
1709.165	2310.512
1710.722	2313.607
1712.280	2334.236
