899.343	2344.551
900.982	2347.646
902.621	2367.244
904.260	2348.677
905.898	2347.351
907.536	2348.972
909.174	2346.614
910.812	2345.730
912.449	2349.561
914.087	2349.709
915.724	2351.182
917.360	2355.013
918.997	2356.045
920.633	2356.339
922.269	2359.581
923.905	2360.465
925.540	2363.265
927.175	2361.202
928.810	2361.349
930.445	2357.518
932.079	2356.929
933.714	2353.982
935.348	2350.151
936.981	2349.414
938.615	2352.656
940.248	2351.182
941.881	2354.129
943.514	2354.571
945.147	2354.424
946.779	2355.897
948.411	2352.803
950.043	2350.593
951.675	2350.593
953.306	2349.119
954.937	2348.088
956.568	2349.709
958.199	2347.056
959.829	2350.298
961.460	2350.003
963.090	2347.203
964.719	2346.614
966.349	2345.583
967.978	2344.404
969.607	2347.498
971.236	2344.993
972.865	2342.930
974.493	2345.583
976.121	2345.435
977.749	2347.203
979.377	2347.351
981.004	2343.962
982.631	2342.193
984.258	2342.783
985.885	2342.046
987.511	2341.015
989.138	2339.688
990.764	2336.594
992.390	2335.710
994.015	2336.447
995.641	2336.741
997.266	2337.331
998.891	2338.804
1000.515	2339.099
1002.140	2341.162
1003.764	2342.193
1005.388	2341.162
1007.012	2342.046
1008.635	2339.836
1010.259	2337.478
1011.882	2336.299
1013.505	2335.857
1015.127	2335.415
1016.750	2333.647
1018.372	2334.973
1019.994	2333.057
1021.616	2333.352
1023.237	2334.089
1024.859	2333.352
1026.480	2332.910
1028.101	2334.678
1029.721	2333.205
1031.342	2336.152
1032.962	2338.215
1034.582	2338.804
1036.202	2339.099
1037.821	2338.952
1039.441	2339.688
1041.060	2337.773
1042.679	2338.215
1044.297	2335.120
1045.916	2337.773
1047.534	2336.447
1049.152	2337.773
1050.770	2336.889
1052.388	2337.625
1054.005	2335.563
1055.622	2336.741
1057.239	2333.500
1058.856	2336.594
1060.472	2336.299
1062.089	2338.068
1063.705	2338.804
1065.321	2338.804
1066.936	2337.920
1068.552	2338.952
1070.167	2333.942
1071.782	2334.531
1073.397	2331.437
1075.012	2331.437
1076.626	2331.584
1078.240	2331.731
1079.854	2331.289
1081.468	2335.415
1083.082	2334.678
1084.695	2337.036
1086.308	2336.889
1087.921	2337.478
1089.534	2339.688
1091.146	2336.299
1092.759	2335.268
1094.371	2333.500
1095.983	2332.173
1097.594	2331.584
1099.206	2332.763
1100.817	2330.258
1102.428	2331.584
1104.039	2331.731
1105.650	2334.236
1107.260	2334.236
1108.871	2336.741
1110.481	2336.447
1112.091	2337.478
1113.700	2339.688
1115.310	2339.394
1116.919	2339.541
1118.528	2342.046
1120.137	2339.541
1121.746	2339.836
1123.354	2338.362
1124.962	2337.183
1126.570	2335.268
1128.178	2332.763
1129.786	2331.437
1131.393	2332.615
1133.001	2330.995
1134.608	2330.847
1136.215	2331.731
1137.821	2334.089
1139.428	2337.625
1141.034	2334.531
1142.640	2335.857
1144.246	2338.657
1145.852	2338.362
1147.457	2340.278
1149.062	2339.541
1150.667	2339.394
1152.272	2339.688
1153.877	2335.857
1155.482	2332.468
1157.086	2334.384
1158.690	2332.615
1160.294	2331.879
1161.898	2331.289
1163.501	2333.205
1165.105	2334.973
1166.708	2335.857
1168.311	2336.889
1169.914	2335.268
1171.516	2335.120
1173.118	2334.826
1174.721	2333.942
1176.323	2334.236
1177.925	2332.173
1179.526	2328.342
1181.128	2327.016
1182.729	2327.753
1184.330	2326.869
1185.931	2327.458
1187.532	2326.279
1189.132	2327.016
1190.732	2329.963
1192.333	2331.142
1193.933	2332.615
1195.532	2333.205
1197.132	2333.057
1198.731	2332.026
1200.331	2330.847
1201.930	2329.226
1203.528	2330.110
1205.127	2325.690
1206.726	2324.806
1208.324	2323.922
1209.922	2327.753
1211.520	2328.490
1213.118	2329.226
1214.715	2327.163
1216.313	2331.289
1217.910	2330.552
1219.507	2331.584
1221.104	2326.574
1222.700	2329.668
1224.297	2325.837
1225.893	2328.932
1227.489	2326.279
1229.085	2327.016
1230.681	2323.922
1232.277	2325.395
1233.872	2321.269
1235.467	2326.132
1237.063	2323.037
1238.657	2324.216
1240.252	2323.922
1241.847	2328.342
1243.441	2329.079
1245.035	2332.321
1246.629	2329.668
1248.223	2331.289
1249.817	2331.731
1251.410	2330.847
1253.004	2328.195
1254.597	2328.637
1256.190	2326.427
1257.783	2328.637
1259.375	2325.984
1260.968	2327.016
1262.560	2324.511
1264.152	2328.195
1265.744	2327.016
1267.336	2329.521
1268.927	2323.922
1270.519	2325.542
1272.110	2323.332
1273.701	2326.869
1275.292	2322.301
1276.883	2325.395
1278.474	2321.711
1280.064	2328.784
1281.654	2326.132
1283.244	2329.963
1284.834	2326.869
1286.424	2327.900
1288.014	2323.774
1289.603	2326.721
1291.192	2322.743
1292.782	2326.132
1294.371	2322.153
1295.959	2325.542
1297.548	2324.511
1299.136	2327.458
1300.725	2327.605
1302.313	2330.995
1303.901	2328.195
1305.489	2331.879
1307.076	2327.900
1308.664	2330.995
1310.251	2328.932
1311.838	2329.668
1313.425	2326.721
1315.012	2328.932
1316.599	2325.837
1318.185	2331.142
1319.772	2328.342
1321.358	2330.847
1322.944	2326.869
1324.530	2329.521
1326.116	2328.490
1327.701	2329.226
1329.287	2326.279
1330.872	2326.574
1332.457	2324.658
1334.042	2325.984
1335.627	2322.301
1337.211	2324.364
1338.796	2320.238
1340.380	2323.185
1341.964	2322.890
1343.548	2323.627
1345.132	2323.922
1346.716	2328.195
1348.299	2327.605
1349.883	2331.879
1351.466	2328.784
1353.049	2329.816
1354.632	2328.047
1356.215	2328.784
1357.798	2328.195
1359.380	2327.753
1360.963	2326.427
1362.545	2328.342
1364.127	2327.753
1365.709	2328.490
1367.290	2325.984
1368.872	2325.542
1370.454	2324.364
1372.035	2324.953
1373.616	2323.774
1375.197	2325.690
1376.778	2325.690
1378.359	2329.521
1379.939	2328.195
1381.520	2330.995
1383.100	2329.521
1384.680	2333.794
1386.260	2329.374
1387.840	2331.879
1389.420	2327.163
1390.999	2329.079
1392.579	2325.248
1394.158	2326.279
1395.737	2321.122
1397.316	2325.984
1398.895	2322.301
1400.474	2326.132
1402.052	2322.743
1403.631	2326.574
1405.209	2326.279
1406.787	2328.932
1408.365	2325.395
1409.943	2324.658
1411.521	2325.248
1413.098	2325.248
1414.676	2323.185
1416.253	2323.185
1417.830	2318.322
1419.407	2320.827
1420.984	2322.153
1422.561	2322.301
1424.138	2323.922
1425.714	2325.690
1427.291	2324.511
1428.867	2329.374
1430.443	2327.900
1432.019	2328.490
1433.595	2325.100
1435.170	2325.690
1436.746	2324.806
1438.321	2325.248
1439.897	2323.185
1441.472	2323.922
1443.047	2323.922
1444.622	2324.658
1446.197	2322.006
1447.771	2322.006
1449.346	2322.743
1450.920	2322.890
1452.494	2321.122
1454.068	2322.006
1455.642	2322.301
1457.216	2324.806
1458.790	2322.595
1460.364	2323.332
1461.937	2321.564
1463.510	2325.542
1465.084	2321.417
1466.657	2324.511
1468.230	2322.301
1469.803	2324.658
1471.375	2323.037
1472.948	2325.542
1474.520	2322.006
1476.093	2327.163
1477.665	2323.479
1479.237	2325.542
1480.809	2324.658
1482.381	2328.047
1483.952	2326.869
1485.524	2328.784
1487.095	2325.542
1488.667	2327.605
1490.238	2328.342
1491.809	2328.342
1493.380	2327.311
1494.951	2327.458
1496.522	2325.395
1498.092	2327.163
1499.663	2323.332
1501.233	2322.153
1502.803	2321.859
1504.374	2322.595
1505.944	2322.006
1507.514	2324.658
1509.083	2322.301
1510.653	2326.574
1512.223	2327.458
1513.792	2327.900
1515.361	2325.690
1516.930	2325.690
1518.500	2325.984
1520.069	2326.574
1521.637	2324.069
1523.206	2323.774
1524.775	2322.153
1526.343	2325.248
1527.912	2324.806
1529.480	2323.774
1531.048	2324.511
1532.616	2325.542
1534.184	2323.627
1535.752	2326.427
1537.320	2323.332
1538.887	2326.574
1540.455	2323.922
1542.022	2326.132
1543.589	2328.047
1545.157	2328.784
1546.724	2327.900
1548.291	2325.837
1549.857	2324.806
1551.424	2327.605
1552.991	2325.984
1554.557	2327.900
1556.124	2327.016
1557.690	2326.279
1559.256	2329.079
1560.822	2328.047
1562.388	2326.574
1563.954	2329.816
1565.520	2323.774
1567.086	2329.374
1568.651	2325.248
1570.217	2326.279
1571.782	2323.332
1573.347	2327.753
1574.912	2323.185
1576.477	2325.100
1578.042	2320.090
1579.607	2326.574
1581.172	2325.395
1582.737	2328.637
1584.301	2324.069
1585.866	2326.427
1587.430	2324.806
1588.994	2326.869
1590.558	2324.953
1592.122	2326.574
1593.686	2323.774
1595.250	2325.100
1596.814	2320.532
1598.377	2324.216
1599.941	2321.269
1601.504	2323.479
1603.068	2317.880
1604.631	2320.680
1606.194	2319.501
1607.757	2323.774
1609.320	2320.532
1610.883	2325.248
1612.446	2323.627
1614.008	2329.521
1615.571	2327.900
1617.133	2329.226
1618.696	2325.248
1620.258	2330.405
1621.820	2325.248
1623.382	2326.279
1624.944	2320.974
1626.506	2321.711
1628.068	2319.059
1629.630	2322.153
1631.192	2318.175
1632.753	2322.006
1634.315	2319.943
1635.876	2322.743
1637.437	2321.564
1638.998	2324.216
1640.559	2322.006
1642.121	2323.185
1643.681	2319.501
1645.242	2322.301
1646.803	2321.122
1648.364	2325.100
1649.924	2322.006
1651.485	2324.658
1653.045	2322.006
1654.605	2323.332
1656.166	2318.764
1657.726	2320.827
1659.286	2316.406
1660.846	2319.796
1662.406	2319.059
1663.966	2321.711
1665.525	2320.974
1667.085	2323.479
1668.644	2321.859
1670.204	2324.364
1671.763	2319.206
1673.323	2320.974
1674.882	2317.438
1676.441	2318.911
1678.000	2315.375
1679.559	2315.964
1681.118	2312.575
1682.677	2318.469
1684.236	2315.522
1685.794	2317.291
1687.353	2315.228
1688.911	2317.880
1690.470	2318.027
1692.028	2323.332
1693.586	2319.206
1695.145	2321.564
1696.703	2322.890
1698.261	2322.153
1699.819	2320.974
1701.377	2319.354
1702.934	2312.870
1704.492	2315.080
1706.050	2311.102
1707.607	2313.165
1709.165	2321.859
1710.722	2301.229
1712.280	2342.488
