899.343	2367.244
900.982	2402.314
902.621	2390.968
904.260	2387.579
905.898	2389.789
907.536	2389.199
909.174	2389.641
910.812	2388.757
912.449	2394.357
914.087	2396.420
915.724	2400.988
917.360	2405.703
918.997	2408.650
920.633	2409.240
922.269	2416.165
923.905	2416.902
925.540	2421.617
927.175	2418.818
928.810	2420.881
930.445	2418.228
932.079	2421.028
933.714	2416.902
935.348	2417.491
936.981	2414.692
938.615	2417.786
940.248	2418.081
941.881	2424.122
943.514	2423.975
945.147	2423.533
946.779	2421.617
948.411	2422.649
950.043	2420.144
951.675	2420.438
953.306	2415.134
954.937	2417.344
956.568	2415.281
958.199	2414.839
959.829	2414.544
961.460	2419.849
963.090	2416.902
964.719	2420.881
966.349	2418.965
967.978	2421.617
969.607	2425.154
971.236	2426.185
972.865	2423.975
974.493	2425.596
976.121	2424.564
977.749	2426.333
979.377	2427.806
981.004	2425.743
982.631	2420.291
984.258	2418.965
985.885	2420.144
987.511	2418.228
989.138	2414.102
990.764	2412.039
992.390	2410.713
994.015	2414.544
995.641	2413.513
997.266	2411.008
998.891	2411.892
1000.515	2414.397
1002.140	2414.839
1003.764	2416.018
1005.388	2414.839
1007.012	2413.513
1008.635	2412.923
1010.259	2410.124
1011.882	2410.271
1013.505	2408.945
1015.127	2407.766
1016.750	2405.850
1018.372	2405.261
1019.994	2403.198
1021.616	2404.819
1023.237	2404.672
1024.859	2406.882
1026.480	2408.208
1028.101	2410.418
1029.721	2413.660
1031.342	2416.607
1032.962	2418.670
1034.582	2417.491
1036.202	2417.491
1037.821	2415.134
1039.441	2418.081
1041.060	2414.839
1042.679	2414.839
1044.297	2409.829
1045.916	2411.303
1047.534	2407.177
1049.152	2406.587
1050.770	2401.430
1052.388	2402.019
1054.005	2397.893
1055.622	2398.483
1057.239	2393.473
1058.856	2394.504
1060.472	2393.620
1062.089	2394.357
1063.705	2393.915
1065.321	2392.441
1066.936	2389.347
1068.552	2391.704
1070.167	2387.136
1071.782	2390.084
1073.397	2387.284
1075.012	2385.810
1076.626	2386.400
1078.240	2387.726
1079.854	2385.810
1081.468	2389.199
1083.082	2386.400
1084.695	2386.694
1086.308	2386.547
1087.921	2387.726
1089.534	2388.021
1091.146	2386.400
1092.759	2385.810
1094.371	2382.274
1095.983	2382.863
1097.594	2382.274
1099.206	2381.095
1100.817	2378.885
1102.428	2376.969
1104.039	2375.348
1105.650	2377.558
1107.260	2376.969
1108.871	2381.979
1110.481	2383.011
1112.091	2385.958
1113.700	2391.852
1115.310	2395.094
1116.919	2399.956
1118.528	2402.461
1120.137	2402.756
1121.746	2400.840
1123.354	2401.430
1124.962	2395.830
1126.570	2392.441
1128.178	2384.926
1129.786	2380.506
1131.393	2373.727
1133.001	2374.759
1134.608	2372.548
1136.215	2374.317
1137.821	2373.727
1139.428	2377.558
1141.034	2376.674
1142.640	2380.063
1144.246	2378.000
1145.852	2377.116
1147.457	2379.621
1149.062	2378.590
1150.667	2379.032
1152.272	2378.737
1153.877	2374.759
1155.482	2374.464
1157.086	2374.169
1158.690	2371.959
1160.294	2373.433
1161.898	2371.517
1163.501	2370.780
1165.105	2372.990
1166.708	2374.022
1168.311	2375.495
1169.914	2372.990
1171.516	2373.433
1173.118	2376.085
1174.721	2377.264
1176.323	2376.380
1177.925	2375.201
1179.526	2371.959
1181.128	2373.433
1182.729	2371.222
1184.330	2368.717
1185.931	2369.159
1187.532	2367.686
1189.132	2367.391
1190.732	2369.601
1192.333	2368.717
1193.933	2371.222
1195.532	2369.159
1197.132	2369.454
1198.731	2369.159
1200.331	2370.338
1201.930	2371.664
1203.528	2371.075
1205.127	2369.159
1206.726	2368.128
1208.324	2367.096
1209.922	2367.096
1211.520	2365.033
1213.118	2361.349
1214.715	2360.613
1216.313	2361.644
1217.910	2361.497
1219.507	2360.907
1221.104	2358.992
1222.700	2360.760
1224.297	2361.792
1225.893	2362.381
1227.489	2361.055
1229.085	2361.349
1230.681	2362.970
1232.277	2363.855
1233.872	2362.086
1235.467	2361.644
1237.063	2362.086
1238.657	2361.349
1240.252	2360.023
1241.847	2358.550
1243.441	2359.729
1245.035	2361.644
1246.629	2360.760
1248.223	2360.613
1249.817	2359.139
1251.410	2360.171
1253.004	2358.844
1254.597	2359.434
1256.190	2357.666
1257.783	2360.318
1259.375	2355.603
1260.968	2359.287
1262.560	2354.424
1264.152	2359.581
1265.744	2355.308
1267.336	2357.371
1268.927	2348.088
1270.519	2350.003
1272.110	2344.846
1273.701	2350.151
1275.292	2344.846
1276.883	2348.530
1278.474	2344.846
1280.064	2352.950
1281.654	2354.129
1283.244	2358.992
1284.834	2355.308
1286.424	2355.455
1288.014	2351.624
1289.603	2353.982
1291.192	2348.972
1292.782	2352.656
1294.371	2347.056
1295.959	2349.709
1297.548	2347.203
1299.136	2349.709
1300.725	2347.498
1302.313	2351.771
1303.901	2347.793
1305.489	2352.803
1307.076	2352.656
1308.664	2356.782
1310.251	2356.929
1311.838	2360.465
1313.425	2359.434
1315.012	2360.318
1316.599	2356.929
1318.185	2359.287
1319.772	2355.750
1321.358	2359.581
1322.944	2353.245
1324.530	2353.540
1326.116	2351.477
1327.701	2352.950
1329.287	2350.003
1330.872	2352.214
1332.457	2347.793
1334.042	2353.098
1335.627	2351.919
1337.211	2353.834
1338.796	2352.656
1340.380	2354.719
1341.964	2350.740
1343.548	2351.477
1345.132	2347.351
1346.716	2346.761
1348.299	2346.909
1349.883	2346.025
1351.466	2342.341
1353.049	2345.435
1354.632	2342.341
1356.215	2343.962
1357.798	2344.404
1359.380	2342.930
1360.963	2342.783
1362.545	2345.877
1364.127	2344.698
1365.709	2348.824
1367.290	2346.319
1368.872	2349.119
1370.454	2345.583
1372.035	2346.614
1373.616	2342.783
1375.197	2343.814
1376.778	2339.246
1378.359	2343.225
1379.939	2339.688
1381.520	2343.372
1383.100	2341.309
1384.680	2345.435
1386.260	2343.372
1387.840	2345.730
1389.420	2342.488
1390.999	2343.814
1392.579	2343.225
1394.158	2344.404
1395.737	2340.720
1397.316	2342.046
1398.895	2341.162
1400.474	2343.667
1402.052	2342.636
1403.631	2343.372
1405.209	2341.899
1406.787	2344.551
1408.365	2341.751
1409.943	2342.046
1411.521	2339.099
1413.098	2340.425
1414.676	2337.773
1416.253	2339.983
1417.830	2336.594
1419.407	2339.836
1420.984	2337.625
1422.561	2339.099
1424.138	2336.152
1425.714	2337.331
1427.291	2337.183
1428.867	2338.657
1430.443	2336.889
1432.019	2337.625
1433.595	2335.415
1435.170	2337.625
1436.746	2337.036
1438.321	2337.478
1439.897	2337.183
1441.472	2340.867
1443.047	2341.751
1444.622	2344.551
1446.197	2343.667
1447.771	2344.846
1449.346	2344.109
1450.920	2345.288
1452.494	2341.457
1454.068	2341.309
1455.642	2341.015
1457.216	2341.309
1458.790	2342.341
1460.364	2342.193
1461.937	2340.573
1463.510	2342.488
1465.084	2341.899
1466.657	2343.667
1468.230	2343.667
1469.803	2344.109
1471.375	2342.046
1472.948	2344.404
1474.520	2344.256
1476.093	2346.614
1477.665	2341.162
1479.237	2340.573
1480.809	2338.215
1482.381	2339.099
1483.952	2336.447
1485.524	2334.826
1487.095	2331.289
1488.667	2336.299
1490.238	2335.415
1491.809	2335.710
1493.380	2335.563
1494.951	2337.478
1496.522	2338.215
1498.092	2342.193
1499.663	2339.394
1501.233	2342.046
1502.803	2339.688
1504.374	2343.372
1505.944	2340.130
1507.514	2340.720
1509.083	2334.678
1510.653	2334.531
1512.223	2332.173
1513.792	2334.531
1515.361	2331.289
1516.930	2334.531
1518.500	2334.089
1520.069	2337.183
1521.637	2337.773
1523.206	2341.604
1524.775	2341.604
1526.343	2342.930
1527.912	2339.688
1529.480	2342.046
1531.048	2341.015
1532.616	2343.814
1534.184	2338.804
1535.752	2341.751
1537.320	2338.362
1538.887	2339.394
1540.455	2334.678
1542.022	2339.246
1543.589	2335.563
1545.157	2338.952
1546.724	2334.384
1548.291	2337.183
1549.857	2337.331
1551.424	2341.457
1552.991	2338.362
1554.557	2343.372
1556.124	2340.867
1557.690	2343.078
1559.256	2340.720
1560.822	2341.457
1562.388	2338.804
1563.954	2340.278
1565.520	2334.384
1567.086	2337.036
1568.651	2334.384
1570.217	2338.510
1571.782	2338.952
1573.347	2341.015
1574.912	2340.573
1576.477	2343.225
1578.042	2341.604
1579.607	2344.698
1581.172	2342.636
1582.737	2344.256
1584.301	2342.636
1585.866	2340.573
1587.430	2339.394
1588.994	2338.362
1590.558	2338.952
1592.122	2337.478
1593.686	2333.057
1595.250	2334.236
1596.814	2334.236
1598.377	2335.415
1599.941	2336.152
1601.504	2335.710
1603.068	2334.089
1604.631	2336.447
1606.194	2334.826
1607.757	2337.036
1609.320	2335.710
1610.883	2337.478
1612.446	2337.625
1614.008	2340.425
1615.571	2340.720
1617.133	2340.130
1618.696	2338.657
1620.258	2340.867
1621.820	2338.952
1623.382	2338.362
1624.944	2337.625
1626.506	2338.362
1628.068	2338.657
1629.630	2340.425
1631.192	2338.804
1632.753	2340.573
1634.315	2338.952
1635.876	2342.046
1637.437	2338.068
1638.998	2339.394
1640.559	2335.268
1642.121	2338.657
1643.681	2334.531
1645.242	2336.152
1646.803	2334.531
1648.364	2338.510
1649.924	2337.331
1651.485	2339.394
1653.045	2333.647
1654.605	2335.710
1656.166	2332.615
1657.726	2332.173
1659.286	2328.490
1660.846	2330.847
1662.406	2329.668
1663.966	2330.847
1665.525	2327.458
1667.085	2330.847
1668.644	2326.869
1670.204	2329.374
1671.763	2322.595
1673.323	2322.301
1674.882	2321.122
1676.441	2324.364
1678.000	2319.943
1679.559	2322.890
1681.118	2319.648
1682.677	2324.806
1684.236	2324.216
1685.794	2324.511
1687.353	2322.006
1688.911	2321.859
1690.470	2319.796
1692.028	2323.332
1693.586	2318.175
1695.145	2323.185
1696.703	2321.122
1698.261	2321.859
1699.819	2320.532
1701.377	2321.564
1702.934	2316.996
1704.492	2322.006
1706.050	2316.996
1707.607	2322.006
1709.165	2336.299
1710.722	2316.701
1712.280	2345.583
