899.343	2332.173
900.982	2341.457
902.621	2373.433
904.260	2346.614
905.898	2347.793
907.536	2350.298
909.174	2346.761
910.812	2347.793
912.449	2349.856
914.087	2351.329
915.724	2352.066
917.360	2354.719
918.997	2356.634
920.633	2354.276
922.269	2357.518
923.905	2356.045
925.540	2357.813
927.175	2355.897
928.810	2354.866
930.445	2351.329
932.079	2355.308
933.714	2351.919
935.348	2351.477
936.981	2350.003
938.615	2351.919
940.248	2353.540
941.881	2355.455
943.514	2353.687
945.147	2355.308
946.779	2353.245
948.411	2353.834
950.043	2351.182
951.675	2348.088
953.306	2343.520
954.937	2343.667
956.568	2340.573
958.199	2342.193
959.829	2340.278
961.460	2342.341
963.090	2341.015
964.719	2344.404
966.349	2342.930
967.978	2344.109
969.607	2345.583
971.236	2348.088
972.865	2344.109
974.493	2347.793
976.121	2344.404
977.749	2347.498
979.377	2346.761
981.004	2344.404
982.631	2337.920
984.258	2340.425
985.885	2337.331
987.511	2339.836
989.138	2334.531
990.764	2333.942
992.390	2334.384
994.015	2339.246
995.641	2338.657
997.266	2340.573
998.891	2338.657
1000.515	2340.867
1002.140	2339.688
1003.764	2338.657
1005.388	2334.678
1007.012	2336.741
1008.635	2332.910
1010.259	2333.794
1011.882	2332.615
1013.505	2335.120
1015.127	2334.678
1016.750	2337.183
1018.372	2334.531
1019.994	2336.741
1021.616	2334.973
1023.237	2336.594
1024.859	2334.973
1026.480	2335.710
1028.101	2334.236
1029.721	2336.152
1031.342	2334.384
1032.962	2338.510
1034.582	2337.183
1036.202	2339.394
1037.821	2337.920
1039.441	2340.867
1041.060	2339.246
1042.679	2340.720
1044.297	2339.099
1045.916	2341.899
1047.534	2339.541
1049.152	2340.573
1050.770	2338.952
1052.388	2339.688
1054.005	2339.246
1055.622	2340.278
1057.239	2336.889
1058.856	2338.952
1060.472	2337.478
1062.089	2338.215
1063.705	2336.594
1065.321	2337.036
1066.936	2333.500
1068.552	2336.005
1070.167	2333.500
1071.782	2335.415
1073.397	2333.647
1075.012	2335.120
1076.626	2336.005
1078.240	2337.478
1079.854	2336.741
1081.468	2337.625
1083.082	2339.099
1084.695	2338.804
1086.308	2339.983
1087.921	2337.036
1089.534	2336.299
1091.146	2333.500
1092.759	2333.647
1094.371	2332.468
1095.983	2332.468
1097.594	2331.584
1099.206	2333.205
1100.817	2334.089
1102.428	2336.447
1104.039	2335.857
1105.650	2333.647
1107.260	2336.889
1108.871	2336.447
1110.481	2339.688
1112.091	2337.920
1113.700	2338.215
1115.310	2337.036
1116.919	2338.215
1118.528	2336.594
1120.137	2337.478
1121.746	2334.089
1123.354	2335.268
1124.962	2333.647
1126.570	2334.826
1128.178	2334.973
1129.786	2334.973
1131.393	2333.205
1133.001	2333.057
1134.608	2332.321
1136.215	2332.615
1137.821	2332.910
1139.428	2333.057
1141.034	2330.552
1142.640	2330.552
1144.246	2333.352
1145.852	2333.205
1147.457	2333.057
1149.062	2332.615
1150.667	2333.942
1152.272	2334.531
1153.877	2334.678
1155.482	2332.173
1157.086	2332.615
1158.690	2333.500
1160.294	2332.910
1161.898	2332.615
1163.501	2332.763
1165.105	2333.205
1166.708	2334.678
1168.311	2333.647
1169.914	2332.468
1171.516	2333.205
1173.118	2329.079
1174.721	2331.437
1176.323	2328.932
1177.925	2328.342
1179.526	2327.016
1181.128	2328.195
1182.729	2327.458
1184.330	2330.847
1185.931	2328.490
1187.532	2329.079
1189.132	2326.721
1190.732	2329.079
1192.333	2327.458
1193.933	2329.374
1195.532	2326.721
1197.132	2326.869
1198.731	2325.395
1200.331	2326.574
1201.930	2324.658
1203.528	2329.521
1205.127	2323.479
1206.726	2325.837
1208.324	2324.658
1209.922	2328.342
1211.520	2327.605
1213.118	2327.900
1214.715	2322.890
1216.313	2327.458
1217.910	2326.279
1219.507	2327.311
1221.104	2324.511
1222.700	2326.279
1224.297	2323.627
1225.893	2324.806
1227.489	2322.890
1229.085	2323.037
1230.681	2323.037
1232.277	2324.216
1233.872	2323.185
1235.467	2327.458
1237.063	2326.721
1238.657	2329.226
1240.252	2329.816
1241.847	2330.700
1243.441	2331.584
1245.035	2332.763
1246.629	2331.142
1248.223	2331.584
1249.817	2330.405
1251.410	2329.521
1253.004	2328.195
1254.597	2327.311
1256.190	2326.279
1257.783	2327.605
1259.375	2329.079
1260.968	2329.226
1262.560	2325.100
1264.152	2327.163
1265.744	2325.984
1267.336	2326.279
1268.927	2321.417
1270.519	2318.764
1272.110	2317.291
1273.701	2322.448
1275.292	2320.238
1276.883	2322.743
1278.474	2320.238
1280.064	2324.658
1281.654	2323.774
1283.244	2326.869
1284.834	2325.248
1286.424	2324.216
1288.014	2323.185
1289.603	2324.511
1291.192	2324.364
1292.782	2326.427
1294.371	2323.185
1295.959	2324.511
1297.548	2323.922
1299.136	2324.216
1300.725	2323.922
1302.313	2325.395
1303.901	2325.100
1305.489	2329.521
1307.076	2328.195
1308.664	2330.847
1310.251	2328.932
1311.838	2328.490
1313.425	2326.721
1315.012	2325.690
1316.599	2321.564
1318.185	2323.037
1319.772	2320.532
1321.358	2324.658
1322.944	2323.037
1324.530	2324.364
1326.116	2324.216
1327.701	2327.016
1329.287	2326.721
1330.872	2329.079
1332.457	2323.774
1334.042	2328.932
1335.627	2324.806
1337.211	2329.226
1338.796	2325.100
1340.380	2327.163
1341.964	2325.100
1343.548	2328.047
1345.132	2325.248
1346.716	2330.552
1348.299	2326.721
1349.883	2329.226
1351.466	2326.132
1353.049	2328.637
1354.632	2327.016
1356.215	2327.753
1357.798	2328.195
1359.380	2328.195
1360.963	2328.637
1362.545	2329.521
1364.127	2326.869
1365.709	2328.342
1367.290	2324.658
1368.872	2324.658
1370.454	2323.037
1372.035	2322.743
1373.616	2321.564
1375.197	2323.922
1376.778	2322.448
1378.359	2327.458
1379.939	2324.216
1381.520	2327.605
1383.100	2328.047
1384.680	2330.995
1386.260	2328.637
1387.840	2328.195
1389.420	2323.479
1390.999	2325.984
1392.579	2322.595
1394.158	2323.774
1395.737	2319.059
1397.316	2322.006
1398.895	2321.417
1400.474	2325.984
1402.052	2322.301
1403.631	2325.837
1405.209	2322.448
1406.787	2326.279
1408.365	2322.153
1409.943	2324.658
1411.521	2321.859
1413.098	2324.511
1414.676	2321.859
1416.253	2322.153
1417.830	2321.711
1419.407	2323.037
1420.984	2321.564
1422.561	2323.185
1424.138	2319.796
1425.714	2322.448
1427.291	2321.269
1428.867	2322.890
1430.443	2324.216
1432.019	2325.248
1433.595	2322.448
1435.170	2324.953
1436.746	2323.185
1438.321	2326.574
1439.897	2323.185
1441.472	2325.837
1443.047	2325.984
1444.622	2329.668
1446.197	2328.195
1447.771	2329.226
1449.346	2326.574
1450.920	2330.110
1452.494	2324.953
1454.068	2328.195
1455.642	2323.185
1457.216	2324.806
1458.790	2321.417
1460.364	2323.922
1461.937	2321.417
1463.510	2323.479
1465.084	2318.175
1466.657	2323.774
1468.230	2324.069
1469.803	2328.784
1471.375	2325.984
1472.948	2328.342
1474.520	2325.984
1476.093	2330.700
1477.665	2325.395
1479.237	2327.605
1480.809	2324.069
1482.381	2329.374
1483.952	2324.216
1485.524	2324.953
1487.095	2320.090
1488.667	2323.774
1490.238	2319.648
1491.809	2321.122
1493.380	2316.996
1494.951	2321.564
1496.522	2322.301
1498.092	2326.721
1499.663	2324.511
1501.233	2326.279
1502.803	2325.100
1504.374	2326.721
1505.944	2322.153
1507.514	2325.542
1509.083	2320.532
1510.653	2323.774
1512.223	2322.006
1513.792	2321.269
1515.361	2319.648
1516.930	2323.479
1518.500	2320.827
1520.069	2322.743
1521.637	2320.090
1523.206	2323.479
1524.775	2325.690
1526.343	2327.605
1527.912	2324.806
1529.480	2327.458
1531.048	2325.395
1532.616	2327.900
1534.184	2322.301
1535.752	2323.774
1537.320	2319.796
1538.887	2320.827
1540.455	2317.291
1542.022	2323.037
1543.589	2319.943
1545.157	2324.953
1546.724	2321.564
1548.291	2324.511
1549.857	2324.216
1551.424	2327.311
1552.991	2321.269
1554.557	2327.458
1556.124	2321.417
1557.690	2325.100
1559.256	2321.859
1560.822	2322.743
1562.388	2318.469
1563.954	2322.448
1565.520	2315.817
1567.086	2322.743
1568.651	2317.291
1570.217	2321.269
1571.782	2319.796
1573.347	2323.479
1574.912	2321.859
1576.477	2320.974
1578.042	2320.827
1579.607	2322.890
1581.172	2324.069
1582.737	2324.216
1584.301	2323.332
1585.866	2322.890
1587.430	2322.595
1588.994	2321.711
1590.558	2323.185
1592.122	2320.385
1593.686	2320.680
1595.250	2320.827
1596.814	2320.238
1598.377	2323.185
1599.941	2321.711
1601.504	2321.564
1603.068	2322.153
1604.631	2321.269
1606.194	2321.269
1607.757	2322.006
1609.320	2319.059
1610.883	2320.680
1612.446	2319.943
1614.008	2321.564
1615.571	2322.153
1617.133	2321.711
1618.696	2320.827
1620.258	2325.690
1621.820	2324.364
1623.382	2325.100
1624.944	2322.890
1626.506	2325.248
1628.068	2322.448
1629.630	2325.248
1631.192	2321.122
1632.753	2322.301
1634.315	2320.680
1635.876	2323.037
1637.437	2319.059
1638.998	2322.006
1640.559	2319.059
1642.121	2323.037
1643.681	2319.943
1645.242	2322.743
1646.803	2321.564
1648.364	2325.248
1649.924	2325.100
1651.485	2327.605
1653.045	2325.248
1654.605	2327.458
1656.166	2325.984
1657.726	2323.479
1659.286	2323.185
1660.846	2322.890
1662.406	2323.037
1663.966	2322.890
1665.525	2320.238
1667.085	2320.238
1668.644	2320.532
1670.204	2320.827
1671.763	2318.027
1673.323	2318.617
1674.882	2318.617
1676.441	2321.417
1678.000	2320.090
1679.559	2321.711
1681.118	2317.585
1682.677	2323.037
1684.236	2318.911
1685.794	2322.153
1687.353	2318.027
1688.911	2319.796
1690.470	2318.617
1692.028	2322.595
1693.586	2317.291
1695.145	2321.122
1696.703	2317.880
1698.261	2320.974
1699.819	2317.291
1701.377	2319.501
1702.934	2316.259
1704.492	2320.827
1706.050	2318.175
1707.607	2321.711
1709.165	2335.268
1710.722	2312.575
1712.280	2343.520
