899.343	2339.394
900.982	2347.646
902.621	2346.614
904.260	2344.109
905.898	2343.225
907.536	2343.667
909.174	2344.846
910.812	2343.667
912.449	2347.646
914.087	2349.266
915.724	2351.035
917.360	2354.866
918.997	2355.750
920.633	2352.656
922.269	2356.339
923.905	2354.424
925.540	2356.782
927.175	2353.982
928.810	2353.982
930.445	2351.035
932.079	2353.540
933.714	2348.972
935.348	2348.677
936.981	2346.761
938.615	2349.561
940.248	2348.972
941.881	2352.361
943.514	2352.066
945.147	2352.508
946.779	2352.803
948.411	2349.856
950.043	2347.056
951.675	2344.551
953.306	2340.867
954.937	2342.783
956.568	2341.015
958.199	2339.541
959.829	2341.162
961.460	2343.372
963.090	2341.457
964.719	2342.636
966.349	2339.394
967.978	2340.867
969.607	2342.341
971.236	2342.341
972.865	2339.836
974.493	2343.078
976.121	2340.573
977.749	2340.425
979.377	2339.983
981.004	2338.362
982.631	2333.057
984.258	2333.057
985.885	2331.142
987.511	2333.794
989.138	2330.700
990.764	2330.258
992.390	2329.521
994.015	2335.563
995.641	2335.415
997.266	2337.331
998.891	2336.889
1000.515	2339.394
1002.140	2338.068
1003.764	2337.773
1005.388	2333.647
1007.012	2335.268
1008.635	2330.110
1010.259	2328.047
1011.882	2326.427
1013.505	2328.490
1015.127	2327.605
1016.750	2329.816
1018.372	2328.342
1019.994	2331.142
1021.616	2332.615
1023.237	2335.120
1024.859	2333.352
1026.480	2334.384
1028.101	2332.763
1029.721	2335.120
1031.342	2333.942
1032.962	2336.741
1034.582	2335.415
1036.202	2336.299
1037.821	2334.384
1039.441	2336.299
1041.060	2332.615
1042.679	2334.384
1044.297	2332.321
1045.916	2334.089
1047.534	2333.500
1049.152	2336.594
1050.770	2336.447
1052.388	2338.657
1054.005	2337.478
1055.622	2335.710
1057.239	2332.615
1058.856	2334.678
1060.472	2331.584
1062.089	2330.405
1063.705	2328.784
1065.321	2328.637
1066.936	2328.784
1068.552	2331.289
1070.167	2327.900
1071.782	2332.026
1073.397	2332.173
1075.012	2332.615
1076.626	2333.794
1078.240	2333.942
1079.854	2333.794
1081.468	2335.415
1083.082	2333.057
1084.695	2335.563
1086.308	2333.057
1087.921	2332.615
1089.534	2330.995
1091.146	2329.226
1092.759	2326.869
1094.371	2325.395
1095.983	2323.332
1097.594	2327.016
1099.206	2325.984
1100.817	2327.458
1102.428	2327.311
1104.039	2330.552
1105.650	2332.321
1107.260	2331.731
1108.871	2331.142
1110.481	2332.468
1112.091	2331.437
1113.700	2334.678
1115.310	2331.289
1116.919	2333.794
1118.528	2334.236
1120.137	2334.678
1121.746	2334.678
1123.354	2336.005
1124.962	2333.057
1126.570	2334.384
1128.178	2331.437
1129.786	2332.173
1131.393	2330.700
1133.001	2329.963
1134.608	2329.816
1136.215	2330.405
1137.821	2331.142
1139.428	2331.731
1141.034	2329.079
1142.640	2329.521
1144.246	2331.584
1145.852	2331.584
1147.457	2331.731
1149.062	2332.910
1150.667	2332.910
1152.272	2334.384
1153.877	2332.615
1155.482	2331.289
1157.086	2331.289
1158.690	2331.289
1160.294	2330.110
1161.898	2329.668
1163.501	2328.195
1165.105	2329.816
1166.708	2327.900
1168.311	2326.279
1169.914	2327.163
1171.516	2326.279
1173.118	2323.627
1174.721	2325.542
1176.323	2324.216
1177.925	2325.690
1179.526	2325.837
1181.128	2324.806
1182.729	2325.984
1184.330	2328.047
1185.931	2328.342
1187.532	2329.079
1189.132	2328.342
1190.732	2329.374
1192.333	2329.226
1193.933	2326.574
1195.532	2328.195
1197.132	2325.542
1198.731	2324.511
1200.331	2325.690
1201.930	2324.364
1203.528	2327.458
1205.127	2326.427
1206.726	2324.216
1208.324	2325.100
1209.922	2327.311
1211.520	2325.395
1213.118	2326.721
1214.715	2321.711
1216.313	2325.248
1217.910	2324.953
1219.507	2325.542
1221.104	2320.974
1222.700	2324.658
1224.297	2320.827
1225.893	2324.658
1227.489	2321.859
1229.085	2322.448
1230.681	2321.122
1232.277	2323.332
1233.872	2319.648
1235.467	2323.627
1237.063	2320.680
1238.657	2323.037
1240.252	2323.185
1241.847	2325.690
1243.441	2326.721
1245.035	2328.932
1246.629	2327.311
1248.223	2328.637
1249.817	2328.637
1251.410	2329.668
1253.004	2325.837
1254.597	2326.427
1256.190	2324.069
1257.783	2324.364
1259.375	2325.395
1260.968	2324.511
1262.560	2321.711
1264.152	2326.721
1265.744	2324.511
1267.336	2327.458
1268.927	2323.037
1270.519	2319.796
1272.110	2318.911
1273.701	2320.680
1275.292	2318.469
1276.883	2320.827
1278.474	2317.733
1280.064	2324.806
1281.654	2322.448
1283.244	2325.984
1284.834	2323.332
1286.424	2321.859
1288.014	2320.238
1289.603	2320.974
1291.192	2317.143
1292.782	2320.974
1294.371	2316.849
1295.959	2319.059
1297.548	2318.322
1299.136	2319.796
1300.725	2319.943
1302.313	2323.332
1303.901	2322.153
1305.489	2325.984
1307.076	2324.364
1308.664	2325.690
1310.251	2327.016
1311.838	2325.542
1313.425	2325.837
1315.012	2324.658
1316.599	2322.153
1318.185	2323.627
1319.772	2320.827
1321.358	2320.385
1322.944	2320.680
1324.530	2320.090
1326.116	2320.680
1327.701	2321.417
1329.287	2321.417
1330.872	2324.953
1332.457	2322.595
1334.042	2325.395
1335.627	2322.890
1337.211	2326.132
1338.796	2324.953
1340.380	2324.069
1341.964	2324.658
1343.548	2324.216
1345.132	2322.595
1346.716	2323.627
1348.299	2321.564
1349.883	2321.417
1351.466	2320.680
1353.049	2320.238
1354.632	2319.943
1356.215	2319.796
1357.798	2319.796
1359.380	2320.238
1360.963	2320.385
1362.545	2324.658
1364.127	2323.479
1365.709	2324.953
1367.290	2325.248
1368.872	2324.069
1370.454	2323.479
1372.035	2322.890
1373.616	2320.238
1375.197	2320.090
1376.778	2317.733
1378.359	2319.354
1379.939	2319.796
1381.520	2320.385
1383.100	2320.680
1384.680	2322.301
1386.260	2321.859
1387.840	2324.806
1389.420	2321.417
1390.999	2324.069
1392.579	2321.564
1394.158	2322.448
1395.737	2318.175
1397.316	2322.448
1398.895	2318.617
1400.474	2322.006
1402.052	2315.964
1403.631	2317.880
1405.209	2316.406
1406.787	2320.827
1408.365	2315.670
1409.943	2317.585
1411.521	2315.228
1413.098	2319.796
1414.676	2319.059
1416.253	2321.269
1417.830	2319.501
1419.407	2323.185
1420.984	2321.859
1422.561	2325.248
1424.138	2322.595
1425.714	2323.627
1427.291	2320.532
1428.867	2320.680
1430.443	2317.438
1432.019	2319.796
1433.595	2315.375
1435.170	2317.438
1436.746	2316.406
1438.321	2319.943
1439.897	2319.796
1441.472	2323.922
1443.047	2324.511
1444.622	2326.574
1446.197	2324.806
1447.771	2327.753
1449.346	2323.774
1450.920	2326.132
1452.494	2319.648
1454.068	2319.206
1455.642	2315.375
1457.216	2316.406
1458.790	2312.281
1460.364	2316.701
1461.937	2313.459
1463.510	2316.701
1465.084	2315.375
1466.657	2321.859
1468.230	2322.153
1469.803	2326.279
1471.375	2321.122
1472.948	2324.511
1474.520	2322.890
1476.093	2327.016
1477.665	2320.090
1479.237	2321.859
1480.809	2317.438
1482.381	2320.238
1483.952	2317.143
1485.524	2319.206
1487.095	2313.607
1488.667	2318.469
1490.238	2316.112
1491.809	2319.354
1493.380	2318.617
1494.951	2320.532
1496.522	2319.796
1498.092	2323.922
1499.663	2320.827
1501.233	2320.090
1502.803	2320.827
1504.374	2321.417
1505.944	2321.711
1507.514	2322.448
1509.083	2319.943
1510.653	2322.006
1512.223	2323.185
1513.792	2321.269
1515.361	2321.711
1516.930	2319.206
1518.500	2319.943
1520.069	2320.238
1521.637	2319.943
1523.206	2322.006
1524.775	2321.859
1526.343	2321.711
1527.912	2324.658
1529.480	2322.743
1531.048	2324.216
1532.616	2322.595
1534.184	2321.564
1535.752	2322.743
1537.320	2322.301
1538.887	2321.417
1540.455	2320.974
1542.022	2320.827
1543.589	2321.417
1545.157	2322.301
1546.724	2320.090
1548.291	2320.827
1549.857	2319.648
1551.424	2322.301
1552.991	2320.532
1554.557	2322.890
1556.124	2319.354
1557.690	2319.648
1559.256	2319.354
1560.822	2318.175
1562.388	2315.964
1563.954	2319.501
1565.520	2316.406
1567.086	2319.796
1568.651	2317.585
1570.217	2319.059
1571.782	2318.469
1573.347	2320.827
1574.912	2319.059
1576.477	2321.711
1578.042	2319.059
1579.607	2324.511
1581.172	2321.269
1582.737	2326.721
1584.301	2322.890
1585.866	2322.890
1587.430	2318.027
1588.994	2318.911
1590.558	2316.849
1592.122	2320.238
1593.686	2314.933
1595.250	2318.322
1596.814	2314.933
1598.377	2319.354
1599.941	2319.501
1601.504	2321.417
1603.068	2315.964
1604.631	2319.501
1606.194	2315.522
1607.757	2320.238
1609.320	2316.849
1610.883	2320.680
1612.446	2317.585
1614.008	2322.595
1615.571	2318.322
1617.133	2322.153
1618.696	2318.322
1620.258	2322.743
1621.820	2319.206
1623.382	2320.974
1624.944	2319.059
1626.506	2321.859
1628.068	2318.764
1629.630	2322.743
1631.192	2318.322
1632.753	2321.417
1634.315	2318.764
1635.876	2321.269
1637.437	2317.291
1638.998	2317.880
1640.559	2314.638
1642.121	2318.322
1643.681	2313.165
1645.242	2315.670
1646.803	2314.638
1648.364	2318.469
1649.924	2319.796
1651.485	2321.122
1653.045	2319.501
1654.605	2321.269
1656.166	2319.648
1657.726	2317.438
1659.286	2317.733
1660.846	2316.996
1662.406	2318.322
1663.966	2318.617
1665.525	2318.469
1667.085	2318.175
1668.644	2317.291
1670.204	2316.996
1671.763	2315.964
1673.323	2315.080
1674.882	2314.933
1676.441	2315.964
1678.000	2315.817
1679.559	2318.764
1681.118	2316.554
1682.677	2319.796
1684.236	2316.849
1685.794	2315.375
1687.353	2313.901
1688.911	2313.901
1690.470	2313.312
1692.028	2316.554
1693.586	2315.228
1695.145	2319.206
1696.703	2320.090
1698.261	2319.501
1699.819	2319.354
1701.377	2320.532
1702.934	2316.701
1704.492	2318.617
1706.050	2315.522
1707.607	2320.090
1709.165	2330.110
1710.722	2312.575
1712.280	2344.551
