   1.575       5  0.1867   0.172   35.55 0.004238 0.05164     0.2   0.127   0.635
   1.969       5  0.2772  0.1712   39.19 0.003271 0.05284    0.25   0.127   0.635
   3.937       5  0.4298  0.1729   56.47 0.001313 0.04612     0.5   0.127   0.635
   4.921       5  0.4592  0.1674   64.65 0.0009513 0.04272   0.625   0.127   0.635
   5.624       5   0.475  0.1669      70 0.0008273 0.04079  0.7143   0.127   0.635
   6.559       5  0.4954  0.1659    76.7 0.0007304 0.03889   0.833   0.127   0.635
   7.874       5  0.5242  0.1639   85.48 0.0006656 0.03718       1   0.127   0.635
    1.26   4.001 0.05942  0.2056   37.17 0.004067 0.04033     0.2  0.1587   0.635
   1.575   4.001  0.1497  0.1845   40.87 0.003303 0.04102    0.25  0.1587   0.635
   3.151   4.001  0.3763  0.1653   59.09 0.001337 0.03842     0.5  0.1587   0.635
   3.938   4.001  0.4148  0.1633   67.56 0.001001 0.03574   0.625  0.1587   0.635
   4.501   4.001  0.4347  0.1622   73.31 0.0008593  0.0341  0.7143  0.1587   0.635
   5.249   4.001   0.457  0.1607   80.56 0.0007406 0.03235   0.833  0.1587   0.635
   6.301   4.001  0.4851  0.1586   90.06 0.000654 0.03057       1  0.1587   0.635
  0.6299       2  0.1553  0.1783   48.55 0.001616  0.0293     0.2  0.3175   0.635
  0.7874       2 0.09219   0.182   52.86 0.001567 0.02533    0.25  0.3175   0.635
   1.575       2 0.06975  0.1844   75.04 0.001018 0.01779     0.5  0.3175   0.635
   1.969       2  0.1173  0.1674   86.11 0.000809 0.01635   0.625  0.3175   0.635
    2.25       2  0.1472  0.1614   93.88 0.0006998 0.01551  0.7143  0.3175   0.635
