   1.575       5       0       0    47.6 0.01165  -0.102     0.2   0.127   0.635
   1.969       5  0.2355  0.1633   55.75 0.003315 0.05799    0.25   0.127   0.635
   3.937       5  0.4156  0.1648   88.54 0.001269 0.04823     0.5   0.127   0.635
   4.921       5  0.4471  0.1665     104 0.0009746  0.0441   0.625   0.127   0.635
   5.624       5  0.4656   0.166   114.8 0.0008446 0.04189  0.7143   0.127   0.635
   6.559       5  0.4885  0.1654   128.8 0.0007461 0.03976   0.833   0.127   0.635
   7.874       5  0.5195  0.1636   147.8 0.0006771 0.03778       1   0.127   0.635
    1.26   4.001 0.02933  0.2135   50.61 0.003992 0.04626     0.2  0.1587   0.635
   1.575   4.001  0.1071  0.1807   57.43 0.003306 0.04493    0.25  0.1587   0.635
   3.151   4.001  0.3557  0.1636   90.84 0.001367  0.0399     0.5  0.1587   0.635
   3.938   4.001   0.401  0.1619   106.9 0.00102 0.03682   0.625  0.1587   0.635
   4.501   4.001  0.4239  0.1611   118.1 0.0008743 0.03497  0.7143  0.1587   0.635
   5.249   4.001  0.4489  0.1602   132.6 0.0007542   0.033   0.833  0.1587   0.635
   6.301   4.001  0.4795  0.1582   152.4 0.000662 0.03102       1  0.1587   0.635
  0.6299       2  0.1456  0.1698   63.28 0.00131 0.03107     0.2  0.3175   0.635
  0.7874       2  0.0845  0.1715   70.41 0.001357 0.02689    0.25  0.3175   0.635
   1.575       2 0.04959  0.1792     107 0.001002 0.01828     0.5  0.3175   0.635
   1.969       2 0.09993  0.1633   125.5 0.0008066 0.01667   0.625  0.3175   0.635
    2.25       2  0.1327  0.1581   138.7  0.0007 0.01577  0.7143  0.3175   0.635
   2.624       2  0.1682  0.1534     156 0.0005947 0.01473   0.833  0.3175   0.635
    3.15       2  0.2051   0.149     180 0.000496 0.01351       1  0.3175   0.635
   1.575      10  0.1467  0.1847   32.13 0.009251  0.1107     0.2   0.127    1.27
   1.969      10  0.2573  0.1765   35.68 0.007141  0.1145    0.25   0.127    1.27
   3.937      10  0.4287  0.1758    52.6 0.002589  0.1004     0.5   0.127    1.27
   5.624      10  0.4534  0.1803   66.23 0.001529 0.08585  0.7143   0.127    1.27
   6.559      10  0.4625  0.1837   73.41 0.001276 0.08037   0.833   0.127    1.27
