899.343	2346.614
900.982	2346.614
902.621	2352.803
904.260	2350.740
905.898	2349.561
907.536	2352.361
909.174	2353.098
910.812	2351.477
912.449	2353.687
914.087	2353.392
915.724	2353.834
917.360	2355.161
918.997	2356.339
920.633	2355.013
922.269	2357.371
923.905	2357.666
925.540	2360.171
927.175	2359.876
928.810	2360.465
930.445	2358.108
932.079	2359.139
933.714	2356.339
935.348	2352.656
936.981	2352.214
938.615	2352.508
940.248	2353.540
941.881	2352.656
943.514	2353.245
945.147	2351.624
946.779	2353.098
948.411	2352.214
950.043	2351.477
951.675	2351.035
953.306	2350.740
954.937	2350.593
956.568	2352.803
958.199	2352.950
959.829	2352.803
961.460	2352.656
963.090	2351.771
964.719	2350.740
966.349	2348.235
967.978	2347.351
969.607	2345.877
971.236	2344.993
972.865	2343.372
974.493	2342.636
976.121	2341.899
977.749	2343.225
979.377	2345.877
981.004	2346.467
982.631	2345.141
984.258	2347.498
985.885	2347.940
987.511	2348.824
989.138	2345.141
990.764	2341.309
992.390	2339.541
994.015	2339.836
995.641	2339.246
997.266	2339.394
998.891	2340.278
1000.515	2342.783
1002.140	2343.962
1003.764	2344.551
1005.388	2344.551
1007.012	2343.520
1008.635	2341.457
1010.259	2339.836
1011.882	2339.394
1013.505	2342.783
1015.127	2340.278
1016.750	2342.341
1018.372	2340.573
1019.994	2341.751
1021.616	2339.688
1023.237	2339.836
1024.859	2336.005
1026.480	2338.510
1028.101	2336.152
1029.721	2337.773
1031.342	2337.183
1032.962	2341.015
1034.582	2341.604
1036.202	2342.636
1037.821	2342.341
1039.441	2342.636
1041.060	2343.225
1042.679	2342.636
1044.297	2340.573
1045.916	2339.688
1047.534	2338.068
1049.152	2338.657
1050.770	2339.099
1052.388	2338.215
1054.005	2338.362
1055.622	2339.099
1057.239	2338.510
1058.856	2339.983
1060.472	2338.657
1062.089	2338.510
1063.705	2340.278
1065.321	2340.278
1066.936	2337.036
1068.552	2338.657
1070.167	2335.268
1071.782	2335.120
1073.397	2334.678
1075.012	2333.500
1076.626	2333.647
1078.240	2335.415
1079.854	2334.089
1081.468	2337.773
1083.082	2338.804
1084.695	2339.394
1086.308	2337.625
1087.921	2339.246
1089.534	2337.773
1091.146	2338.510
1092.759	2335.710
1094.371	2334.973
1095.983	2332.026
1097.594	2333.205
1099.206	2330.995
1100.817	2333.794
1102.428	2333.057
1104.039	2334.236
1105.650	2334.089
1107.260	2336.299
1108.871	2338.952
1110.481	2340.867
1112.091	2339.983
1113.700	2342.193
1115.310	2340.425
1116.919	2344.109
1118.528	2343.520
1120.137	2342.636
1121.746	2339.983
1123.354	2339.983
1124.962	2337.773
1126.570	2340.130
1128.178	2335.415
1129.786	2336.299
1131.393	2334.531
1133.001	2335.710
1134.608	2334.973
1136.215	2335.857
1137.821	2336.594
1139.428	2337.331
1141.034	2336.299
1142.640	2335.268
1144.246	2336.152
1145.852	2336.152
1147.457	2334.826
1149.062	2334.089
1150.667	2335.857
1152.272	2336.741
1153.877	2335.415
1155.482	2334.678
1157.086	2335.563
1158.690	2337.036
1160.294	2335.710
1161.898	2335.563
1163.501	2335.857
1165.105	2337.773
1166.708	2337.773
1168.311	2337.331
1169.914	2337.331
1171.516	2337.773
1173.118	2335.857
1174.721	2336.005
1176.323	2335.415
1177.925	2334.826
1179.526	2332.321
1181.128	2331.289
1182.729	2331.731
1184.330	2332.468
1185.931	2330.847
1187.532	2331.584
1189.132	2330.552
1190.732	2333.057
1192.333	2329.668
1193.933	2331.437
1195.532	2329.668
1197.132	2331.437
1198.731	2328.637
1200.331	2328.932
1201.930	2329.374
1203.528	2333.500
1205.127	2328.342
1206.726	2330.552
1208.324	2328.342
1209.922	2332.468
1211.520	2334.089
1213.118	2332.468
1214.715	2329.374
1216.313	2331.879
1217.910	2329.374
1219.507	2328.784
1221.104	2324.658
1222.700	2322.448
1224.297	2322.595
1225.893	2324.069
1227.489	2323.479
1229.085	2325.542
1230.681	2326.574
1232.277	2330.258
1233.872	2330.552
1235.467	2331.731
1237.063	2330.110
1238.657	2330.405
1240.252	2328.637
1241.847	2330.405
1243.441	2327.016
1245.035	2327.311
1246.629	2325.395
1248.223	2325.690
1249.817	2324.806
1251.410	2326.721
1253.004	2325.395
1254.597	2328.490
1256.190	2328.047
1257.783	2331.142
1259.375	2332.321
1260.968	2334.826
1262.560	2331.584
1264.152	2333.500
1265.744	2329.816
1267.336	2334.089
1268.927	2325.395
1270.519	2325.837
1272.110	2321.417
1273.701	2323.774
1275.292	2321.417
1276.883	2324.511
1278.474	2320.385
1280.064	2327.753
1281.654	2325.984
1283.244	2331.289
1284.834	2330.258
1286.424	2330.847
1288.014	2329.668
1289.603	2332.910
1291.192	2329.668
1292.782	2332.615
1294.371	2327.753
1295.959	2328.784
1297.548	2325.248
1299.136	2326.132
1300.725	2323.774
1302.313	2327.900
1303.901	2325.248
1305.489	2329.816
1307.076	2328.932
1308.664	2332.763
1310.251	2331.437
1311.838	2331.142
1313.425	2331.142
1315.012	2330.995
1316.599	2330.258
1318.185	2330.110
1319.772	2328.784
1321.358	2330.700
1322.944	2328.932
1324.530	2329.226
1326.116	2329.816
1327.701	2328.342
1329.287	2329.226
1330.872	2330.552
1332.457	2329.521
1334.042	2332.615
1335.627	2328.932
1337.211	2331.584
1338.796	2330.552
1340.380	2330.110
1341.964	2329.668
1343.548	2329.374
1345.132	2326.869
1346.716	2330.847
1348.299	2329.816
1349.883	2330.258
1351.466	2329.374
1353.049	2328.784
1354.632	2327.458
1356.215	2330.110
1357.798	2329.079
1359.380	2328.047
1360.963	2327.458
1362.545	2328.932
1364.127	2330.258
1365.709	2331.142
1367.290	2328.490
1368.872	2329.226
1370.454	2328.047
1372.035	2329.521
1373.616	2328.195
1375.197	2327.016
1376.778	2326.869
1378.359	2330.405
1379.939	2328.047
1381.520	2330.700
1383.100	2327.753
1384.680	2331.584
1386.260	2328.195
1387.840	2331.437
1389.420	2325.984
1390.999	2327.605
1392.579	2324.658
1394.158	2326.721
1395.737	2322.743
1397.316	2324.953
1398.895	2319.796
1400.474	2324.953
1402.052	2323.332
1403.631	2325.100
1405.209	2323.185
1406.787	2325.100
1408.365	2323.479
1409.943	2325.248
1411.521	2320.974
1413.098	2323.185
1414.676	2321.417
1416.253	2324.216
1417.830	2321.711
1419.407	2325.248
1420.984	2325.690
1422.561	2328.932
1424.138	2326.869
1425.714	2329.668
1427.291	2327.900
1428.867	2330.552
1430.443	2329.668
1432.019	2328.637
1433.595	2326.132
1435.170	2325.248
1436.746	2324.806
1438.321	2325.690
1439.897	2324.069
1441.472	2325.690
1443.047	2327.163
1444.622	2329.521
1446.197	2330.405
1447.771	2330.110
1449.346	2329.963
1450.920	2331.731
1452.494	2328.047
1454.068	2327.605
1455.642	2324.953
1457.216	2324.806
1458.790	2322.153
1460.364	2322.890
1461.937	2323.185
1463.510	2323.922
1465.084	2323.037
1466.657	2326.279
1468.230	2325.542
1469.803	2329.079
1471.375	2326.869
1472.948	2325.984
1474.520	2326.279
1476.093	2327.753
1477.665	2324.364
1479.237	2326.427
1480.809	2323.479
1482.381	2326.427
1483.952	2323.185
1485.524	2324.658
1487.095	2320.238
1488.667	2323.332
1490.238	2321.417
1491.809	2323.922
1493.380	2321.711
1494.951	2324.658
1496.522	2321.711
1498.092	2327.753
1499.663	2325.248
1501.233	2325.248
1502.803	2323.332
1504.374	2327.753
1505.944	2324.953
1507.514	2327.458
1509.083	2322.448
1510.653	2323.922
1512.223	2323.774
1513.792	2323.479
1515.361	2319.206
1516.930	2322.595
1518.500	2322.743
1520.069	2324.511
1521.637	2324.069
1523.206	2326.869
1524.775	2328.784
1526.343	2331.584
1527.912	2329.079
1529.480	2327.753
1531.048	2329.079
1532.616	2328.342
1534.184	2324.806
1535.752	2324.511
1537.320	2320.680
1538.887	2322.890
1540.455	2322.153
1542.022	2324.953
1543.589	2324.658
1545.157	2327.458
1546.724	2325.984
1548.291	2328.195
1549.857	2327.311
1551.424	2331.437
1552.991	2329.226
1554.557	2333.794
1556.124	2328.490
1557.690	2329.963
1559.256	2327.900
1560.822	2327.311
1562.388	2323.627
1563.954	2324.658
1565.520	2319.206
1567.086	2325.542
1568.651	2322.153
1570.217	2323.922
1571.782	2322.301
1573.347	2324.364
1574.912	2322.890
1576.477	2324.806
1578.042	2322.595
1579.607	2324.658
1581.172	2327.311
1582.737	2329.668
1584.301	2328.342
1585.866	2327.163
1587.430	2323.774
1588.994	2324.216
1590.558	2325.100
1592.122	2323.332
1593.686	2321.417
1595.250	2323.479
1596.814	2323.332
1598.377	2327.163
1599.941	2325.837
1601.504	2328.047
1603.068	2322.890
1604.631	2326.721
1606.194	2322.153
1607.757	2325.100
1609.320	2322.153
1610.883	2325.100
1612.446	2321.711
1614.008	2327.900
1615.571	2324.216
1617.133	2327.016
1618.696	2323.185
1620.258	2327.163
1621.820	2325.395
1623.382	2327.311
1624.944	2324.511
1626.506	2327.753
1628.068	2327.458
1629.630	2328.195
1631.192	2324.216
1632.753	2326.574
1634.315	2325.100
1635.876	2326.279
1637.437	2322.301
1638.998	2322.301
1640.559	2321.859
1642.121	2325.395
1643.681	2320.532
1645.242	2321.564
1646.803	2321.564
1648.364	2324.953
1649.924	2325.248
1651.485	2327.163
1653.045	2323.332
1654.605	2327.458
1656.166	2323.627
1657.726	2322.743
1659.286	2318.911
1660.846	2318.617
1662.406	2316.701
1663.966	2320.385
1665.525	2317.143
1667.085	2319.796
1668.644	2318.764
1670.204	2320.974
1671.763	2319.648
1673.323	2321.711
1674.882	2319.501
1676.441	2320.974
1678.000	2318.764
1679.559	2320.974
1681.118	2317.733
1682.677	2318.469
1684.236	2314.786
1685.794	2314.049
1687.353	2311.839
1688.911	2314.638
1690.470	2313.312
1692.028	2318.175
1693.586	2316.406
1695.145	2320.680
1696.703	2322.301
1698.261	2323.185
1699.819	2320.532
1701.377	2320.385
1702.934	2318.322
1704.492	2319.501
1706.050	2318.027
1707.607	2318.911
1709.165	2314.638
1710.722	2323.922
1712.280	2330.110
