899.343	2335.268
900.982	2361.055
902.621	2344.551
904.260	2349.266
905.898	2349.856
907.536	2349.414
909.174	2350.003
910.812	2347.203
912.449	2350.445
914.087	2350.003
915.724	2352.656
917.360	2355.750
918.997	2356.487
920.633	2358.255
922.269	2359.139
923.905	2362.086
925.540	2360.907
927.175	2359.729
928.810	2357.371
930.445	2355.013
932.079	2353.982
933.714	2353.687
935.348	2349.414
936.981	2350.593
938.615	2350.740
940.248	2353.834
941.881	2356.929
943.514	2357.076
945.147	2357.666
946.779	2358.844
948.411	2355.897
950.043	2356.192
951.675	2352.066
953.306	2349.709
954.937	2348.824
956.568	2345.877
958.199	2343.667
959.829	2345.877
961.460	2344.993
963.090	2344.993
964.719	2344.698
966.349	2344.698
967.978	2347.498
969.607	2349.709
971.236	2350.003
972.865	2348.530
974.493	2348.235
976.121	2347.940
977.749	2346.614
979.377	2349.414
981.004	2345.435
982.631	2342.636
984.258	2342.783
985.885	2343.520
987.511	2343.372
989.138	2342.046
990.764	2337.331
992.390	2337.773
994.015	2340.130
995.641	2339.836
997.266	2342.193
998.891	2341.751
1000.515	2345.877
1002.140	2344.846
1003.764	2346.467
1005.388	2343.814
1007.012	2342.636
1008.635	2337.478
1010.259	2336.741
1011.882	2334.089
1013.505	2337.183
1015.127	2334.826
1016.750	2335.120
1018.372	2336.005
1019.994	2338.510
1021.616	2339.099
1023.237	2340.425
1024.859	2340.130
1026.480	2339.541
1028.101	2341.309
1029.721	2340.278
1031.342	2342.636
1032.962	2341.604
1034.582	2341.015
1036.202	2339.688
1037.821	2341.309
1039.441	2341.604
1041.060	2342.488
1042.679	2339.983
1044.297	2341.457
1045.916	2342.636
1047.534	2341.015
1049.152	2340.130
1050.770	2339.688
1052.388	2337.920
1054.005	2338.952
1055.622	2335.563
1057.239	2333.205
1058.856	2335.415
1060.472	2336.005
1062.089	2336.741
1063.705	2338.215
1065.321	2337.183
1066.936	2338.215
1068.552	2339.836
1070.167	2337.920
1071.782	2339.099
1073.397	2337.920
1075.012	2337.920
1076.626	2336.447
1078.240	2335.710
1079.854	2334.973
1081.468	2334.973
1083.082	2334.236
1084.695	2334.089
1086.308	2333.794
1087.921	2334.089
1089.534	2334.973
1091.146	2333.500
1092.759	2334.826
1094.371	2334.973
1095.983	2334.089
1097.594	2336.152
1099.206	2334.678
1100.817	2336.889
1102.428	2336.005
1104.039	2338.068
1105.650	2336.299
1107.260	2336.594
1108.871	2336.152
1110.481	2338.657
1112.091	2337.183
1113.700	2339.246
1115.310	2335.857
1116.919	2338.510
1118.528	2339.246
1120.137	2340.130
1121.746	2339.836
1123.354	2339.983
1124.962	2340.573
1126.570	2339.688
1128.178	2338.510
1129.786	2336.889
1131.393	2334.973
1133.001	2333.500
1134.608	2332.468
1136.215	2331.142
1137.821	2332.763
1139.428	2333.794
1141.034	2332.468
1142.640	2334.089
1144.246	2335.710
1145.852	2338.068
1147.457	2338.510
1149.062	2340.130
1150.667	2338.952
1152.272	2341.015
1153.877	2336.594
1155.482	2337.183
1157.086	2334.678
1158.690	2332.615
1160.294	2329.668
1161.898	2330.405
1163.501	2330.110
1165.105	2332.173
1166.708	2331.142
1168.311	2332.910
1169.914	2332.615
1171.516	2334.089
1173.118	2332.468
1174.721	2333.352
1176.323	2332.615
1177.925	2331.879
1179.526	2328.637
1181.128	2329.226
1182.729	2327.311
1184.330	2326.427
1185.931	2325.690
1187.532	2325.837
1189.132	2325.248
1190.732	2327.900
1192.333	2327.016
1193.933	2328.784
1195.532	2329.521
1197.132	2330.258
1198.731	2330.110
1200.331	2332.615
1201.930	2328.932
1203.528	2333.794
1205.127	2328.784
1206.726	2328.932
1208.324	2326.721
1209.922	2328.195
1211.520	2326.132
1213.118	2328.490
1214.715	2323.627
1216.313	2327.900
1217.910	2326.869
1219.507	2327.605
1221.104	2325.542
1222.700	2324.658
1224.297	2325.837
1225.893	2326.574
1227.489	2327.753
1229.085	2328.195
1230.681	2327.753
1232.277	2328.932
1233.872	2328.932
1235.467	2328.490
1237.063	2328.342
1238.657	2327.016
1240.252	2328.047
1241.847	2330.110
1243.441	2329.963
1245.035	2333.057
1246.629	2332.321
1248.223	2331.731
1249.817	2333.205
1251.410	2331.437
1253.004	2330.995
1254.597	2330.700
1256.190	2327.458
1257.783	2328.637
1259.375	2329.816
1260.968	2329.668
1262.560	2327.605
1264.152	2328.784
1265.744	2327.900
1267.336	2330.847
1268.927	2325.984
1270.519	2325.837
1272.110	2324.511
1273.701	2327.311
1275.292	2326.132
1276.883	2326.279
1278.474	2324.953
1280.064	2328.195
1281.654	2327.900
1283.244	2328.784
1284.834	2328.047
1286.424	2327.311
1288.014	2327.016
1289.603	2327.605
1291.192	2326.427
1292.782	2328.932
1294.371	2326.721
1295.959	2327.605
1297.548	2325.984
1299.136	2326.132
1300.725	2327.016
1302.313	2328.047
1303.901	2325.837
1305.489	2327.900
1307.076	2325.984
1308.664	2328.342
1310.251	2329.079
1311.838	2327.753
1313.425	2327.458
1315.012	2328.490
1316.599	2327.163
1318.185	2331.437
1319.772	2329.079
1321.358	2330.258
1322.944	2328.784
1324.530	2328.932
1326.116	2326.427
1327.701	2326.427
1329.287	2323.037
1330.872	2323.332
1332.457	2321.269
1334.042	2323.185
1335.627	2322.743
1337.211	2324.953
1338.796	2323.774
1340.380	2326.427
1341.964	2326.427
1343.548	2328.047
1345.132	2325.837
1346.716	2327.311
1348.299	2329.521
1349.883	2329.374
1351.466	2327.458
1353.049	2327.605
1354.632	2324.511
1356.215	2325.395
1357.798	2325.100
1359.380	2322.890
1360.963	2322.301
1362.545	2325.248
1364.127	2325.690
1365.709	2329.668
1367.290	2328.047
1368.872	2329.079
1370.454	2325.690
1372.035	2331.437
1373.616	2325.690
1375.197	2328.342
1376.778	2324.069
1378.359	2329.226
1379.939	2326.279
1381.520	2328.932
1383.100	2324.364
1384.680	2328.637
1386.260	2324.953
1387.840	2328.637
1389.420	2323.627
1390.999	2327.458
1392.579	2326.574
1394.158	2326.132
1395.737	2323.185
1397.316	2326.721
1398.895	2322.595
1400.474	2327.163
1402.052	2322.153
1403.631	2322.595
1405.209	2320.974
1406.787	2323.332
1408.365	2318.617
1409.943	2321.417
1411.521	2317.585
1413.098	2321.122
1414.676	2320.827
1416.253	2324.658
1417.830	2322.890
1419.407	2327.163
1420.984	2325.248
1422.561	2329.374
1424.138	2326.574
1425.714	2328.490
1427.291	2324.953
1428.867	2326.574
1430.443	2324.364
1432.019	2326.574
1433.595	2320.827
1435.170	2322.595
1436.746	2319.796
1438.321	2323.627
1439.897	2322.743
1441.472	2324.806
1443.047	2325.100
1444.622	2327.016
1446.197	2328.784
1447.771	2328.637
1449.346	2327.016
1450.920	2326.574
1452.494	2322.595
1454.068	2322.153
1455.642	2321.122
1457.216	2320.532
1458.790	2320.385
1460.364	2320.827
1461.937	2321.269
1463.510	2323.479
1465.084	2322.006
1466.657	2326.132
1468.230	2323.922
1469.803	2327.753
1471.375	2324.069
1472.948	2326.132
1474.520	2322.890
1476.093	2325.248
1477.665	2320.238
1479.237	2321.417
1480.809	2320.532
1482.381	2324.658
1483.952	2321.122
1485.524	2324.511
1487.095	2321.859
1488.667	2326.427
1490.238	2326.132
1491.809	2324.953
1493.380	2323.185
1494.951	2326.721
1496.522	2324.069
1498.092	2328.342
1499.663	2323.037
1501.233	2323.627
1502.803	2322.448
1504.374	2324.511
1505.944	2322.153
1507.514	2324.953
1509.083	2320.385
1510.653	2324.953
1512.223	2324.364
1513.792	2326.132
1515.361	2324.364
1516.930	2325.248
1518.500	2323.922
1520.069	2327.016
1521.637	2323.774
1523.206	2326.869
1524.775	2324.953
1526.343	2327.016
1527.912	2325.248
1529.480	2326.869
1531.048	2325.542
1532.616	2327.458
1534.184	2323.627
1535.752	2326.427
1537.320	2324.511
1538.887	2327.311
1540.455	2325.984
1542.022	2329.521
1543.589	2326.574
1545.157	2330.258
1546.724	2325.984
1548.291	2327.753
1549.857	2324.216
1551.424	2325.395
1552.991	2322.006
1554.557	2327.753
1556.124	2323.627
1557.690	2326.132
1559.256	2325.248
1560.822	2327.605
1562.388	2326.427
1563.954	2328.195
1565.520	2324.806
1567.086	2327.016
1568.651	2325.542
1570.217	2324.511
1571.782	2323.332
1573.347	2323.332
1574.912	2320.827
1576.477	2319.943
1578.042	2318.764
1579.607	2321.269
1581.172	2321.269
1582.737	2323.922
1584.301	2323.627
1585.866	2325.395
1587.430	2324.364
1588.994	2324.953
1590.558	2325.395
1592.122	2325.395
1593.686	2323.037
1595.250	2323.479
1596.814	2322.006
1598.377	2323.479
1599.941	2322.301
1601.504	2322.301
1603.068	2320.974
1604.631	2321.417
1606.194	2320.238
1607.757	2321.859
1609.320	2321.859
1610.883	2325.248
1612.446	2324.364
1614.008	2327.163
1615.571	2324.364
1617.133	2326.721
1618.696	2322.743
1620.258	2323.774
1621.820	2320.385
1623.382	2318.911
1624.944	2316.849
1626.506	2320.974
1628.068	2319.354
1629.630	2322.595
1631.192	2322.006
1632.753	2324.216
1634.315	2325.395
1635.876	2328.195
1637.437	2325.248
1638.998	2325.395
1640.559	2323.922
1642.121	2325.984
1643.681	2322.595
1645.242	2320.974
1646.803	2320.680
1648.364	2322.301
1649.924	2322.448
1651.485	2324.069
1653.045	2321.269
1654.605	2323.185
1656.166	2322.448
1657.726	2322.153
1659.286	2320.238
1660.846	2323.479
1662.406	2322.448
1663.966	2323.627
1665.525	2324.216
1667.085	2324.658
1668.644	2323.332
1670.204	2325.100
1671.763	2322.006
1673.323	2321.564
1674.882	2318.764
1676.441	2318.322
1678.000	2318.617
1679.559	2319.354
1681.118	2317.438
1682.677	2319.206
1684.236	2318.175
1685.794	2321.269
1687.353	2320.238
1688.911	2321.564
1690.470	2322.301
1692.028	2324.806
1693.586	2324.216
1695.145	2325.837
1696.703	2324.953
1698.261	2323.332
1699.819	2319.796
1701.377	2317.585
1702.934	2313.459
1704.492	2313.165
1706.050	2312.428
1707.607	2315.375
1709.165	2328.047
1710.722	2317.733
1712.280	2341.457
