339.628	568.750
340.007	568.750
340.385	568.750
340.764	510.237
341.143	488.169
341.521	486.497
341.900	469.779
342.278	471.785
342.657	465.432
343.035	462.089
343.413	453.395
343.792	457.073
344.170	441.358
344.548	440.021
344.927	451.723
345.305	464.095
345.683	472.788
346.061	485.828
346.439	494.187
346.818	505.556
347.196	525.283
347.574	523.946
347.952	532.639
348.330	545.345
348.708	552.032
349.085	566.075
349.463	582.125
349.841	576.106
350.219	584.465
350.597	589.481
350.974	590.484
351.352	594.830
351.730	589.815
352.107	590.149
352.485	597.840
352.862	600.849
353.240	607.536
353.617	613.220
353.995	612.552
354.372	621.245
354.750	625.592
355.127	642.979
355.504	644.650
355.881	646.657
356.259	642.979
356.636	640.304
357.013	651.338
357.390	637.294
357.767	616.898
358.144	613.555
358.521	612.552
358.898	612.552
359.275	618.236
359.652	602.186
360.029	605.530
360.406	618.236
360.783	624.589
361.159	616.230
361.536	619.908
361.913	616.898
362.290	623.920
362.666	635.623
363.043	634.620
363.419	628.601
363.796	629.604
364.172	627.264
364.549	631.945
364.925	626.260
365.302	620.911
365.678	619.239
366.054	621.914
366.431	620.576
366.807	623.586
367.183	619.573
367.559	624.923
367.935	624.589
368.312	616.230
368.688	617.901
369.064	625.257
369.440	618.570
369.816	621.245
370.192	615.561
370.567	613.889
370.943	624.589
371.319	623.586
371.695	625.592
372.071	633.951
372.446	632.948
372.822	639.635
373.198	649.666
373.573	645.319
373.949	650.669
374.325	652.341
374.700	653.344
375.075	659.697
375.451	659.362
375.826	644.316
376.202	640.638
376.577	629.604
376.952	630.273
377.328	627.264
377.703	632.279
378.078	632.279
378.453	639.635
378.828	647.325
379.203	656.019
379.578	647.325
379.953	639.301
380.328	632.613
380.703	626.260
381.078	625.257
381.453	623.920
381.828	622.582
382.203	626.595
382.578	633.951
382.952	628.267
383.327	633.282
383.702	636.291
384.076	633.616
384.451	638.966
384.825	633.616
385.200	633.282
385.574	638.298
385.949	639.301
386.323	634.285
386.698	638.298
387.072	634.285
387.446	640.304
387.821	645.988
388.195	645.653
388.569	641.641
388.943	639.301
389.317	635.623
389.691	637.963
390.065	640.304
390.439	635.957
390.813	636.960
391.187	635.957
391.561	637.629
391.935	638.298
392.309	634.620
392.683	626.929
393.056	619.908
393.430	607.871
393.804	613.220
394.178	611.214
394.551	616.230
394.925	614.892
395.298	625.926
395.672	633.951
396.045	640.638
396.419	647.994
396.792	667.387
397.165	669.059
397.539	668.056
397.912	662.372
398.285	660.700
398.659	663.375
399.032	653.678
399.405	645.319
399.778	644.650
400.151	650.335
400.524	651.003
400.897	654.347
401.270	651.003
401.643	659.697
402.016	657.356
402.389	646.991
402.762	646.322
403.134	659.697
403.507	655.016
403.880	663.709
404.253	658.359
404.625	655.016
404.998	653.678
405.370	650.000
405.743	639.635
406.115	648.997
406.488	650.669
406.860	662.706
407.233	671.399
407.605	681.430
407.977	679.090
408.350	678.087
408.722	666.384
409.094	672.402
409.466	677.418
409.838	675.077
410.210	684.105
410.582	696.477
410.954	700.489
411.326	719.882
411.698	727.907
412.070	725.900
412.442	743.622
412.814	758.334
413.186	767.027
413.558	788.092
413.929	794.779
414.301	797.454
414.673	808.822
415.044	814.506
415.416	809.825
415.787	823.200
416.159	845.268
416.530	865.329
416.902	892.078
417.273	919.162
417.645	930.196
418.016	954.604
418.387	976.003
418.758	981.019
419.130	1001.415
419.501	1014.789
419.872	1029.501
420.243	1072.968
420.614	1113.092
420.985	1144.856
421.356	1174.615
421.727	1196.014
422.098	1234.131
422.469	1264.224
422.840	1282.948
423.211	1308.359
423.581	1338.786
423.952	1369.882
424.323	1425.386
424.693	1451.132
425.064	1491.590
425.435	1542.079
425.805	1582.537
426.176	1637.038
426.546	1686.189
426.917	1724.640
427.287	1768.776
427.657	1817.259
428.028	1875.103
428.398	1935.289
428.768	1985.443
429.138	2050.309
429.509	2104.476
429.879	2173.689
430.249	2225.515
430.619	2267.310
430.989	2307.434
431.359	2361.266
431.729	2407.743
432.099	2472.274
432.469	2539.816
432.839	2590.639
433.208	2661.189
433.578	2728.730
433.948	2801.956
434.318	2876.853
434.687	2959.440
435.057	3034.003
435.426	3129.631
435.796	3202.522
436.165	3295.140
436.535	3374.049
436.904	3463.324
437.274	3554.605
437.643	3639.533
438.012	3736.498
438.382	3841.488
438.751	3917.054
439.120	4020.706
439.489	4121.015
439.858	4183.875
440.227	4262.116
440.597	4350.722
440.966	4410.238
441.335	4510.881
441.703	4577.419
442.072	4652.316
442.441	4715.176
442.810	4778.371
443.179	4815.485
443.548	4900.413
443.916	4956.252
444.285	5005.737
444.654	5046.864
445.022	5110.393
445.391	5148.844
445.759	5174.256
446.128	5169.240
446.496	5149.179
446.865	5120.089
447.233	5059.569
447.601	5000.722
447.970	4957.255
448.338	4921.812
448.706	4854.940
449.074	4785.392
449.443	4725.542
449.811	4667.363
450.179	4611.858
450.547	4527.265
450.915	4444.343
451.283	4354.734
451.651	4273.818
452.018	4189.559
452.386	4103.293
452.754	3987.604
453.122	3895.989
453.490	3791.668
453.857	3702.059
454.225	3619.806
454.593	3524.847
454.960	3433.900
455.328	3352.650
455.695	3257.357
456.063	3178.782
456.430	3097.197
456.798	3025.644
457.165	2968.802
457.532	2903.936
457.899	2841.745
458.267	2794.934
458.634	2748.123
459.001	2703.653
459.368	2645.474
459.735	2573.921
460.102	2524.769
460.469	2494.342
460.836	2454.888
461.203	2409.080
461.570	2374.641
461.937	2337.526
462.304	2313.452
462.671	2305.762
463.037	2257.948
463.404	2210.134
463.771	2176.698
464.137	2128.216
464.504	2110.160
464.870	2081.405
465.237	2028.576
465.603	2016.539
465.970	2003.499
466.336	1973.406
466.703	1957.022
467.069	1919.908
467.435	1894.496
467.801	1871.425
468.168	1832.974
468.534	1799.872
468.900	1773.792
469.266	1747.711
469.632	1733.000
469.998	1711.266
470.364	1697.223
470.730	1685.520
471.096	1671.811
471.462	1662.783
471.827	1643.056
472.193	1625.335
472.559	1618.648
472.925	1598.586
473.290	1602.933
473.656	1593.570
474.022	1573.509
474.387	1573.509
474.753	1574.177
475.118	1562.140
475.483	1565.484
475.849	1538.066
476.214	1537.398
476.580	1549.769
476.945	1558.797
477.310	1548.432
477.675	1541.410
478.040	1544.085
478.406	1541.410
478.771	1544.754
479.136	1547.428
479.501	1541.744
479.866	1551.775
480.231	1562.475
480.595	1567.825
480.960	1581.199
481.325	1585.546
481.690	1575.181
482.055	1579.862
482.419	1583.205
482.784	1591.230
483.148	1590.561
483.513	1598.920
483.878	1609.285
484.242	1644.728
484.607	1678.498
484.971	1688.864
485.335	1705.916
485.700	1727.650
486.064	1747.711
486.428	1767.439
486.792	1774.126
487.157	1775.464
487.521	1801.544
487.885	1821.271
488.249	1846.348
488.613	1885.134
488.977	1911.883
489.341	1939.635
489.705	1979.759
490.069	2033.591
490.432	2079.733
490.796	2133.565
491.160	2174.023
491.524	2229.527
491.887	2285.700
492.251	2338.195
492.615	2362.938
492.978	2419.780
493.342	2480.968
493.705	2546.837
494.069	2603.344
494.432	2661.858
494.795	2733.077
495.159	2809.646
495.522	2863.144
495.885	2912.630
496.248	2967.131
496.612	3039.687
496.975	3102.882
497.338	3158.720
497.701	3239.301
498.064	3316.873
498.427	3386.421
498.790	3463.324
499.153	3547.918
499.515	3629.502
499.878	3713.093
500.241	3782.306
500.604	3849.847
500.966	3961.524
501.329	4040.433
501.692	4120.012
502.054	4210.624
502.417	4297.224
502.779	4379.811
503.142	4464.739
503.504	4528.602
503.866	4620.552
504.229	4700.130
504.591	4795.423
504.953	4878.011
505.315	4986.010
505.678	5088.325
506.040	5184.621
506.402	5286.267
506.764	5381.226
507.126	5440.408
507.488	5545.398
507.850	5618.289
508.212	5727.625
508.573	5821.581
508.935	5901.828
509.297	5975.388
509.659	6087.399
510.020	6173.664
510.382	6280.660
510.744	6350.876
511.105	6425.774
511.467	6501.674
511.828	6590.949
512.190	6674.205
512.551	6728.371
512.913	6802.934
513.274	6870.810
513.635	6959.750
513.996	7070.758
514.358	7163.042
514.719	7261.345
515.080	7353.629
515.441	7399.771
515.802	7475.671
516.163	7549.231
516.524	7587.348
516.885	7624.462
517.246	7685.651
517.607	7768.238
517.967	7864.869
518.328	7935.754
518.689	7998.279
519.050	8095.913
519.410	8180.172
519.771	8240.692
520.131	8289.174
520.492	8348.022
520.852	8409.879
521.213	8471.067
521.573	8483.773
521.934	8528.578
522.294	8550.311
522.654	8592.107
523.015	8619.524
523.375	8663.994
523.735	8708.799
524.095	8747.919
524.455	8796.402
524.815	8854.581
525.175	8902.060
525.535	8949.874
525.895	8972.611
526.255	8988.326
526.615	9027.781
526.974	9042.493
527.334	9058.542
527.694	9063.557
528.054	9078.938
528.413	9123.074
528.773	9137.786
529.132	9186.268
529.492	9202.652
529.851	9227.395
530.211	9259.828
530.570	9294.936
530.930	9323.691
531.289	9347.431
531.648	9365.152
532.007	9402.935
532.367	9388.223
532.726	9430.018
533.085	9469.473
533.444	9485.188
533.803	9506.253
534.162	9495.553
534.521	9519.293
534.880	9603.887
535.239	9634.648
535.597	9661.731
535.956	9660.728
536.315	9703.861
536.674	9746.994
537.032	9768.059
537.391	9766.721
537.749	9758.696
538.108	9729.941
538.466	9752.344
538.825	9778.089
539.183	9793.470
539.542	9829.247
539.900	9850.312
540.258	9863.686
540.617	9878.398
540.975	9913.506
541.333	9907.488
541.691	9932.230
542.049	9917.184
542.407	9902.807
542.765	9923.203
543.123	9955.970
543.481	9982.385
543.839	9988.069
544.197	9990.744
544.555	9995.091
544.912	10040.898
545.270	10028.861
545.628	10021.171
545.985	9957.308
546.343	9953.295
546.700	9933.234
547.058	9932.230
547.415	9901.804
547.773	9909.494
548.130	9900.132
548.488	9901.469
548.845	9923.537
549.202	9931.896
549.559	9942.930
549.916	9973.357
550.274	9969.345
550.631	9954.298
550.988	9946.274
551.345	9911.834
551.702	9858.671
552.059	9826.906
552.416	9792.133
552.772	9790.795
553.129	9790.461
553.486	9815.204
553.843	9793.470
554.199	9816.876
554.556	9784.108
554.913	9752.009
555.269	9738.969
555.626	9751.341
555.982	9704.195
556.339	9698.177
556.695	9678.784
557.051	9707.539
557.408	9706.202
557.764	9670.090
558.120	9635.986
558.476	9632.642
558.832	9612.915
559.188	9580.816
559.545	9579.478
559.901	9533.336
560.257	9511.603
560.612	9470.476
560.968	9450.080
561.324	9440.049
561.680	9424.669
562.036	9373.846
562.391	9377.524
562.747	9372.174
563.103	9375.852
563.458	9360.137
563.814	9329.041
564.169	9333.388
564.525	9322.688
564.880	9314.663
565.236	9271.865
565.591	9237.760
565.946	9196.968
566.302	9174.566
566.657	9122.739
567.012	9125.080
567.367	9078.269
567.722	9073.588
568.077	9021.428
568.432	9028.115
568.787	8999.025
569.142	8989.329
569.497	8915.435
569.852	8863.274
570.207	8820.810
570.561	8797.405
570.916	8743.573
571.271	8703.449
571.625	8662.991
571.980	8615.512
572.335	8621.865
572.689	8600.466
573.044	8591.104
573.398	8556.330
573.752	8543.624
574.107	8534.262
574.461	8513.197
574.815	8454.684
575.169	8426.263
575.524	8403.526
575.878	8392.827
576.232	8383.799
576.586	8351.366
576.940	8328.629
577.294	8283.156
577.648	8249.720
578.002	8205.918
578.355	8201.906
578.709	8140.049
579.063	8089.895
579.417	8070.836
579.770	8069.498
580.124	8029.709
580.477	7995.270
580.831	7932.410
581.185	7911.679
581.538	7885.265
581.891	7848.151
582.245	7790.975
582.598	7797.328
582.951	7750.851
583.305	7703.706
583.658	7670.270
584.011	7626.803
584.364	7576.983
584.717	7557.924
585.070	7477.009
585.423	7453.938
585.776	7450.928
586.129	7387.399
586.482	7367.338
586.835	7358.979
587.187	7327.214
587.540	7314.508
587.893	7276.391
588.245	7234.930
588.598	7216.540
588.950	7209.519
589.303	7168.727
589.655	7158.361
590.008	7118.238
590.360	7111.216
590.713	7076.777
591.065	7069.755
591.417	7033.310
591.769	6998.202
592.121	6975.131
592.474	6946.041
592.826	6899.565
593.178	6873.150
593.530	6840.717
593.882	6791.900
594.234	6745.758
594.585	6689.585
594.937	6671.530
595.289	6653.809
595.641	6616.026
595.992	6575.234
596.344	6533.104
596.696	6533.438
597.047	6518.058
597.399	6501.005
597.750	6446.838
598.102	6418.418
598.453	6394.344
598.804	6355.558
599.156	6322.790
599.507	6296.710
599.858	6237.193
600.209	6237.193
600.561	6202.420
600.912	6185.367
601.263	6157.281
601.614	6108.798
601.965	6057.306
602.316	6016.514
602.666	5984.081
603.017	5955.326
603.368	5887.450
603.719	5870.064
604.070	5838.299
604.420	5812.553
604.771	5785.804
605.121	5723.947
605.472	5701.545
605.822	5675.799
606.173	5647.044
606.523	5623.304
606.874	5590.537
607.224	5583.515
607.574	5566.463
607.924	5516.643
608.275	5491.900
608.625	5457.461
608.975	5419.343
609.325	5395.604
609.675	5349.127
610.025	5313.016
610.375	5260.856
610.725	5209.029
611.074	5172.584
611.424	5135.135
611.774	5073.278
612.124	5032.152
612.473	4989.353
612.823	4961.267
613.173	4949.230
613.522	4906.766
613.872	4881.689
614.221	4840.562
614.570	4801.442
614.920	4758.978
615.269	4743.263
615.618	4696.786
615.968	4654.322
616.317	4593.134
616.666	4579.091
617.015	4537.964
617.364	4509.209
617.713	4445.680
618.062	4414.919
618.411	4400.876
618.760	4389.173
619.109	4343.031
619.457	4306.586
619.806	4285.855
620.155	4266.462
620.503	4229.682
620.852	4178.525
621.201	4134.389
621.549	4123.690
621.898	4091.925
622.246	4061.498
622.594	4038.093
622.943	3994.291
623.291	3970.217
623.639	3931.766
623.988	3880.274
624.336	3861.215
624.684	3839.147
625.032	3801.699
625.380	3777.959
625.728	3743.520
626.076	3730.480
626.424	3708.746
626.772	3662.938
627.120	3606.766
627.467	3568.983
627.815	3539.893
628.163	3483.720
628.510	3454.631
628.858	3411.498
629.206	3388.093
629.553	3381.740
629.901	3348.972
630.248	3316.873
630.595	3313.864
630.943	3290.793
631.290	3270.063
631.637	3261.035
631.984	3227.599
632.332	3207.203
632.679	3167.079
633.026	3138.324
633.373	3104.888
633.720	3084.157
634.067	3043.031
634.414	3004.245
634.760	2991.205
635.107	3001.904
635.454	2986.858
635.801	2962.115
636.147	2940.382
636.494	2910.289
636.841	2912.295
637.187	2892.233
637.534	2856.122
637.880	2837.064
638.226	2813.658
638.573	2789.250
638.919	2782.563
639.265	2759.157
639.612	2747.789
639.958	2736.755
640.304	2702.316
640.650	2686.935
640.996	2676.235
641.342	2652.161
641.688	2629.090
642.034	2599.666
642.380	2580.942
642.726	2569.574
643.071	2545.500
643.417	2527.444
643.763	2519.754
644.108	2482.640
644.454	2468.262
644.800	2434.157
645.145	2424.126
645.491	2408.077
645.836	2386.343
646.181	2357.254
646.527	2348.560
646.872	2324.152
647.217	2322.480
647.562	2301.750
647.908	2291.384
648.253	2270.320
648.598	2252.264
648.943	2232.537
649.288	2220.165
649.633	2193.751
649.978	2180.376
650.322	2168.674
650.667	2165.330
651.012	2154.965
651.357	2140.921
651.701	2120.525
652.046	2100.464
652.390	2076.724
652.735	2045.963
653.079	2026.904
653.424	2019.214
653.768	2013.529
654.113	1992.130
654.457	1983.102
654.801	1964.044
655.145	1951.004
655.490	1955.016
655.834	1940.304
656.178	1924.589
656.522	1930.273
656.866	1926.930
657.210	1928.267
657.554	1924.923
657.897	1897.840
658.241	1892.490
658.585	1883.797
658.929	1870.757
659.272	1844.677
659.616	1830.633
659.959	1818.596
660.303	1801.878
660.646	1769.445
660.990	1757.074
661.333	1727.984
661.677	1718.956
662.020	1693.545
662.363	1678.164
662.706	1666.127
663.050	1664.455
663.393	1647.403
663.736	1644.728
664.079	1634.697
664.422	1642.722
664.765	1640.716
665.108	1624.666
665.450	1601.261
665.793	1594.908
666.136	1588.221
666.479	1575.515
666.821	1553.447
667.164	1536.060
667.507	1528.704
667.849	1530.710
668.192	1522.017
668.534	1503.293
668.876	1500.618
669.219	1500.283
669.561	1488.246
669.903	1479.553
670.246	1466.513
670.588	1451.132
670.930	1451.467
671.272	1439.095
671.614	1438.426
671.956	1430.067
672.298	1424.718
672.640	1423.380
672.982	1415.021
673.323	1414.687
673.665	1412.346
674.007	1386.600
674.349	1374.229
674.690	1366.873
675.032	1362.861
675.373	1363.195
675.715	1345.808
676.056	1338.786
676.398	1325.412
676.739	1324.743
677.080	1319.059
677.421	1297.660
677.763	1272.917
678.104	1264.224
678.445	1256.533
678.786	1250.180
679.127	1246.502
679.468	1241.487
679.809	1252.521
680.150	1254.862
680.491	1248.509
680.831	1230.453
681.172	1224.100
681.513	1211.394
681.853	1201.029
682.194	1193.339
682.535	1179.630
682.875	1163.915
683.216	1155.890
683.556	1159.234
683.896	1151.878
684.237	1139.841
684.577	1123.123
684.917	1129.141
685.257	1128.807
685.598	1118.107
685.938	1106.405
686.278	1110.751
686.618	1125.463
686.958	1117.773
687.298	1111.086
687.637	1120.448
687.977	1125.798
688.317	1123.457
688.657	1116.436
688.996	1107.073
689.336	1104.398
689.676	1103.061
690.015	1092.027
690.355	1095.371
690.694	1101.389
691.034	1103.730
691.373	1085.005
691.712	1072.968
692.051	1065.947
692.391	1062.603
692.730	1050.232
693.069	1036.857
693.408	1014.789
693.747	1007.433
694.086	997.068
694.425	994.728
694.764	997.403
695.103	993.390
695.442	992.387
695.780	996.734
696.119	997.737
696.458	1011.111
696.796	997.068
697.135	983.359
697.473	974.332
697.812	967.644
698.150	961.626
698.489	963.632
698.827	945.242
699.165	940.895
699.503	941.230
699.842	949.589
700.180	949.254
700.518	941.898
700.856	932.202
701.194	942.902
701.532	946.914
701.870	936.883
702.208	931.868
702.545	917.156
702.883	919.162
703.221	922.171
703.559	926.518
703.896	913.143
704.234	910.134
704.571	910.468
704.909	912.140
705.246	912.809
705.584	902.778
705.921	893.082
706.258	892.413
706.596	896.760
706.933	892.078
707.270	897.763
707.607	893.082
707.944	887.397
708.281	875.695
708.618	874.692
708.955	866.667
709.292	867.001
709.629	860.983
709.966	850.618
710.302	840.921
710.639	842.593
710.976	842.927
711.312	834.903
711.649	818.184
711.985	823.869
712.322	824.872
712.658	832.562
712.994	836.909
713.331	831.893
713.667	830.556
714.003	832.228
714.339	814.841
714.676	807.150
715.012	808.488
715.348	800.463
715.684	814.841
716.020	820.191
716.355	823.200
716.691	823.200
717.027	819.522
717.363	815.844
717.698	817.181
718.034	812.835
718.370	815.175
718.705	802.804
719.041	809.157
719.376	807.150
719.712	805.144
720.047	809.825
720.382	800.798
720.718	784.079
721.053	796.451
721.388	784.748
721.723	793.776
722.058	791.770
722.393	782.073
722.728	780.736
723.063	789.764
723.398	788.426
723.733	800.129
724.068	798.123
724.402	808.822
724.737	801.132
725.072	791.101
725.406	784.748
725.741	791.435
726.075	776.055
726.410	778.061
726.744	763.015
727.079	769.702
727.413	772.377
727.747	768.699
728.081	751.312
728.416	743.622
728.750	736.266
729.084	740.278
729.418	736.934
729.752	742.953
730.086	754.990
730.420	752.315
730.753	753.318
731.087	754.321
731.421	748.637
731.755	750.309
732.088	746.965
732.422	746.631
732.755	747.634
733.089	758.334
733.422	747.300
733.756	747.300
734.089	740.278
734.423	735.597
734.756	729.578
735.089	730.582
735.422	723.560
735.755	728.575
736.088	725.566
736.421	727.572
736.754	725.566
737.087	727.572
737.420	731.919
737.753	735.263
738.086	728.575
738.418	726.904
738.751	720.551
739.084	720.551
739.416	712.192
739.749	700.823
740.081	708.514
740.414	712.860
740.746	714.198
741.079	721.888
741.411	713.195
741.743	720.216
742.075	730.247
742.407	721.219
742.740	729.244
743.072	730.247
743.404	726.904
743.736	729.913
744.068	718.544
744.399	703.833
744.731	697.814
745.063	692.130
745.395	698.148
745.726	693.802
746.058	696.142
746.390	693.133
746.721	697.480
747.053	704.501
747.384	708.179
747.715	700.155
748.047	692.464
748.378	703.164
748.709	705.170
749.040	704.167
749.371	696.142
749.703	690.124
750.034	692.130
750.365	708.848
750.696	700.823
751.026	708.514
751.357	712.526
751.688	714.532
752.019	717.541
752.350	713.529
752.680	704.501
753.011	693.802
753.341	688.118
753.672	678.087
754.002	688.786
754.333	680.427
754.663	680.762
754.993	682.768
755.324	689.789
755.654	697.145
755.984	702.161
756.314	700.155
756.644	714.532
756.974	706.507
757.304	708.848
757.634	709.182
757.964	699.151
758.294	697.814
758.623	683.771
758.953	677.752
759.283	687.783
759.612	673.740
759.942	666.384
760.272	664.378
760.601	660.365
760.930	658.025
761.260	658.025
761.589	651.003
761.918	658.025
762.248	669.059
762.577	674.409
762.906	680.427
763.235	682.768
763.564	668.724
763.893	679.758
764.222	681.765
764.551	660.700
764.880	652.675
765.209	653.678
765.537	657.022
765.866	661.034
766.195	646.657
766.523	652.006
766.852	666.384
767.180	671.065
767.509	664.378
767.837	664.712
768.165	681.430
768.494	682.768
768.822	678.087
769.150	677.084
769.478	672.737
769.806	675.746
770.134	678.087
770.462	667.387
770.790	662.706
771.118	661.034
771.446	660.365
771.774	666.050
772.102	676.749
772.429	678.087
772.757	682.099
773.085	685.777
773.412	686.446
773.740	690.792
774.067	686.780
774.395	676.749
774.722	665.381
775.049	658.025
775.376	662.372
775.704	652.675
776.031	650.000
776.358	652.341
776.685	656.019
777.012	661.369
777.339	662.372
777.666	656.353
777.993	654.681
778.320	661.034
778.646	662.372
778.973	665.715
779.300	669.059
779.626	669.728
779.953	670.731
780.279	687.449
780.606	679.424
780.932	671.065
781.259	656.353
781.585	651.672
781.911	646.657
782.237	648.328
782.564	635.623
782.890	628.267
783.216	629.270
783.542	635.288
783.868	633.951
784.194	651.338
784.519	655.684
784.845	655.350
785.171	661.703
785.497	666.384
785.822	675.077
786.148	675.412
786.474	648.997
786.799	654.681
787.125	659.697
787.450	662.372
787.775	658.359
788.101	646.657
788.426	647.325
788.751	651.672
789.076	639.301
789.401	638.298
789.726	631.945
790.051	628.935
790.376	630.273
790.701	635.957
791.026	647.994
791.351	654.013
791.676	654.681
792.000	654.013
792.325	658.359
792.650	661.703
792.974	651.003
793.299	642.310
793.623	641.976
793.948	641.976
794.272	648.663
794.596	643.313
794.921	646.991
795.245	656.019
795.569	664.378
795.893	656.353
796.217	644.985
796.541	640.638
796.865	655.016
797.189	646.657
797.513	644.985
797.837	637.294
798.160	645.319
798.484	654.347
798.808	659.028
799.131	647.660
799.455	646.991
799.778	640.304
800.102	639.635
800.425	636.960
800.749	635.957
801.072	643.982
801.395	654.681
801.718	651.003
802.042	657.691
802.365	656.019
802.688	656.687
803.011	653.344
803.334	650.000
803.657	650.000
803.979	663.375
804.302	666.384
804.625	676.415
804.948	676.415
805.270	681.765
805.593	674.743
805.915	666.384
806.238	663.709
806.560	664.043
806.883	655.016
807.205	657.691
807.527	657.022
807.850	665.047
808.172	670.062
808.494	670.731
808.816	662.706
809.138	660.031
809.460	656.687
809.782	657.356
810.104	646.657
810.426	636.626
810.747	621.914
811.069	623.920
811.391	626.929
811.712	628.267
812.034	629.270
812.355	622.917
812.677	634.285
812.998	638.298
813.320	638.632
813.641	642.310
813.962	640.304
814.284	639.969
814.605	650.669
814.926	638.966
815.247	640.638
815.568	637.294
815.889	632.613
816.210	630.607
816.531	624.589
816.851	615.227
817.172	617.901
817.493	628.267
817.814	622.917
818.134	616.230
818.455	616.230
818.775	616.230
819.096	617.901
819.416	614.223
819.736	607.871
820.057	621.579
820.377	633.282
820.697	653.344
821.017	653.009
821.337	661.703
821.657	667.721
821.977	661.034
822.297	648.328
822.617	647.325
822.937	623.586
823.257	630.607
823.577	628.935
823.896	624.254
824.216	632.613
824.535	638.632
824.855	634.620
825.174	642.644
825.494	650.669
825.813	648.663
826.132	646.991
826.452	649.331
826.771	646.991
827.090	656.019
827.409	646.657
827.728	632.948
828.047	645.319
828.366	646.322
828.685	640.304
829.004	648.997
829.323	640.304
829.642	657.691
829.960	659.028
830.279	635.957
830.597	638.632
830.916	643.313
831.235	644.650
831.553	648.663
831.871	627.598
832.190	624.923
832.508	633.616
832.826	636.626
833.144	625.592
833.463	613.889
833.781	604.193
834.099	610.545
834.417	612.886
834.734	602.186
835.052	595.165
835.370	601.183
835.688	605.864
836.006	603.858
836.323	613.889
836.641	605.864
836.958	612.886
837.276	616.230
837.593	618.236
837.911	612.886
838.228	612.552
838.545	609.877
838.863	618.905
839.180	630.942
839.497	638.632
839.814	635.623
840.131	649.331
840.448	655.350
840.765	650.669
841.082	653.344
841.399	638.632
841.716	636.626
842.032	641.641
842.349	634.620
842.666	626.595
842.982	623.251
843.299	620.911
843.615	624.589
843.932	615.227
844.248	614.223
844.564	611.214
844.880	627.932
845.197	631.610
845.513	627.598
845.829	624.254
846.145	634.620
846.461	631.276
846.777	633.616
847.093	624.589
847.409	626.595
847.724	625.592
848.040	628.267
848.356	629.270
848.671	640.304
848.987	649.666
849.303	655.684
849.618	653.009
849.933	660.365
850.249	665.715
850.564	665.047
850.879	645.653
851.195	628.601
851.510	626.595
851.825	631.610
852.140	622.248
852.455	622.582
852.770	608.539
853.085	623.586
853.399	631.276
853.714	624.589
854.029	623.920
854.344	628.935
854.658	621.579
854.973	629.938
855.287	620.576
855.602	613.555
855.916	623.251
856.231	643.313
856.545	655.016
856.859	663.040
857.173	669.393
857.488	673.406
857.802	684.774
858.116	684.440
858.430	661.034
858.744	650.335
859.058	653.678
859.371	640.638
859.685	642.644
859.999	640.638
860.313	643.647
860.626	639.969
860.940	642.310
861.253	637.629
861.567	649.331
861.880	644.650
862.193	640.304
862.507	641.641
862.820	637.963
863.133	640.638
863.446	630.607
863.759	620.911
864.073	625.592
864.386	625.257
864.698	621.579
865.011	631.276
865.324	629.604
865.637	635.288
865.950	638.632
866.262	641.976
866.575	635.623
866.887	627.932
867.200	628.601
867.512	628.601
867.825	633.616
868.137	637.963
868.449	623.920
868.762	643.647
869.074	650.000
869.386	657.022
869.698	646.322
870.010	642.310
870.322	644.985
870.634	655.350
870.946	641.641
871.258	630.273
871.570	622.248
871.881	626.595
872.193	627.264
872.504	624.589
872.816	628.267
873.128	632.948
873.439	643.647
873.750	637.963
874.062	638.632
874.373	642.644
874.684	642.644
874.995	629.604
875.307	626.595
875.618	628.935
875.929	630.942
876.240	629.938
876.550	619.573
876.861	618.570
877.172	632.279
877.483	636.291
877.794	633.616
878.104	634.285
878.415	638.298
878.725	647.325
879.036	640.972
879.346	631.610
879.657	626.929
879.967	621.579
880.277	617.233
880.587	619.908
880.898	622.582
881.208	629.938
881.518	631.610
881.828	646.657
882.138	652.006
882.448	653.344
882.757	645.988
883.067	640.972
883.377	630.273
883.687	633.616
883.996	632.613
884.306	637.294
884.615	642.310
884.925	644.650
885.234	655.684
885.543	662.372
885.853	659.362
886.162	649.666
886.471	639.969
886.780	630.273
887.089	628.601
887.398	618.236
887.707	605.196
888.016	603.524
888.325	606.867
888.634	617.567
888.943	624.254
889.251	630.607
889.560	632.613
889.869	647.994
890.177	653.344
890.486	640.972
890.794	641.307
891.102	634.954
891.411	627.264
891.719	627.264
892.027	620.576
892.335	616.564
892.644	623.586
892.952	623.920
893.260	632.613
893.568	646.991
893.875	638.632
894.183	642.310
894.491	649.666
894.799	646.991
895.106	641.976
895.414	642.979
895.722	628.267
896.029	644.985
896.337	645.319
896.644	640.972
896.951	641.976
897.259	639.301
897.566	636.291
897.873	646.991
898.180	637.629
898.487	641.307
898.794	644.985
899.101	651.672
899.408	652.006
899.715	658.025
900.022	647.660
900.329	653.678
900.635	652.006
900.942	653.009
901.248	646.322
901.555	637.294
901.861	634.285
902.168	640.972
902.474	636.960
902.781	635.288
903.087	637.294
903.393	634.954
903.699	642.310
904.005	642.310
904.311	640.304
904.617	640.304
904.923	641.307
905.229	631.945
905.535	637.963
905.841	644.316
906.146	643.647
906.452	641.641
906.758	633.951
907.063	642.979
907.369	644.316
907.674	638.966
907.979	640.638
908.285	642.310
908.590	637.963
908.895	653.009
909.200	635.288
909.506	638.632
909.811	636.960
910.116	618.570
910.421	633.616
910.725	634.620
911.030	618.570
911.335	619.239
911.640	611.883
911.944	605.864
912.249	622.583
912.554	604.527
912.858	603.524
913.163	608.539
913.467	617.567
913.771	620.576
914.076	632.279
914.380	627.932
914.684	643.647
914.988	648.328
915.292	642.979
915.596	640.638
915.900	646.322
916.204	639.301
916.508	625.592
916.812	615.561
917.115	611.549
917.419	621.914
917.723	623.251
918.026	627.264
918.330	638.632
918.633	653.344
918.937	653.009
919.240	652.341
919.543	647.660
919.846	646.991
920.150	633.282
920.453	629.604
920.756	623.251
921.059	620.242
921.362	628.935
921.665	627.264
921.967	624.254
922.270	635.623
922.573	631.945
922.876	641.976
923.178	638.966
923.481	633.616
923.783	636.291
924.086	642.644
924.388	633.282
924.691	624.923
924.993	627.932
925.295	630.273
925.597	640.304
925.899	636.960
926.201	630.273
926.503	632.948
926.805	643.647
927.107	642.310
927.409	634.954
927.711	625.257
928.013	623.586
928.314	623.586
928.616	625.926
928.918	626.260
929.219	611.549
929.520	619.908
929.822	617.901
930.123	625.926
930.425	625.257
930.726	615.227
931.027	620.576
931.328	626.260
931.629	632.948
931.930	636.626
932.231	633.951
932.532	636.626
932.833	642.979
933.134	628.935
933.434	633.951
933.735	618.236
934.036	624.923
934.336	629.270
934.637	635.288
934.937	642.644
935.238	649.331
935.538	650.335
935.838	658.025
936.138	654.347
936.439	646.991
936.739	655.684
937.039	653.678
937.339	650.669
937.639	646.991
937.939	651.672
938.238	653.009
938.538	655.016
938.838	638.966
939.138	624.923
939.437	619.573
939.737	627.932
940.036	624.923
940.336	620.576
940.635	615.561
940.934	611.214
941.234	632.279
941.533	645.319
941.832	637.629
942.131	638.632
942.430	637.294
942.729	653.344
943.028	668.390
943.327	669.059
943.626	659.028
943.925	654.013
944.223	654.681
944.522	661.703
944.821	646.991
945.119	640.638
945.418	626.260
945.716	633.616
946.014	638.966
946.313	629.604
946.611	632.279
946.909	635.957
947.207	630.942
947.505	631.945
947.803	631.610
948.101	630.607
948.399	641.307
948.697	634.285
948.995	631.276
949.293	646.322
949.590	655.684
949.888	648.997
950.186	646.657
950.483	650.335
950.781	645.988
951.078	652.675
951.375	647.325
951.673	638.632
951.970	630.942
952.267	627.598
952.564	620.576
952.861	624.589
953.158	620.242
953.455	608.539
953.752	608.539
954.049	627.932
954.346	632.613
954.643	636.291
954.939	632.279
955.236	637.629
955.532	632.279
955.829	614.892
956.125	607.536
956.422	610.211
956.718	605.864
957.014	611.214
957.311	612.552
957.607	627.598
957.903	649.666
958.199	646.657
958.495	647.660
958.791	646.991
959.087	637.294
959.382	625.592
959.678	621.245
959.974	619.239
960.270	629.938
960.565	625.926
960.861	622.917
961.156	628.267
961.452	635.623
961.747	633.282
962.042	624.923
962.338	616.564
962.633	612.552
962.928	612.886
963.223	621.245
963.518	610.211
963.813	618.236
964.108	623.586
964.403	615.227
964.697	609.877
964.992	602.521
965.287	609.208
965.582	622.583
965.876	613.555
966.171	613.889
966.465	627.932
966.759	637.294
967.054	647.325
967.348	637.629
967.642	635.957
967.936	640.638
968.231	644.985
968.525	635.623
968.819	628.601
969.112	625.926
969.406	620.576
969.700	615.561
969.994	614.558
970.288	612.552
970.581	616.898
970.875	626.929
971.168	629.270
971.462	619.573
971.755	615.227
972.049	611.549
972.342	609.877
972.635	610.211
972.928	602.855
973.222	604.193
973.515	618.236
973.808	623.920
974.101	624.254
974.393	619.908
974.686	671.734
974.979	680.093
975.272	683.436
975.564	676.080
975.857	674.409
976.150	676.415
976.442	681.096
976.735	625.592
977.027	624.589
977.319	616.230
977.612	617.901
977.904	624.589
978.196	621.245
978.488	613.889
978.780	615.895
979.072	613.555
979.364	613.555
979.656	628.601
979.948	617.233
980.239	629.938
980.531	630.942
980.823	628.935
981.114	628.601
981.406	633.282
981.697	622.917
981.989	637.629
982.280	639.635
982.571	649.331
982.862	652.006
983.154	645.653
983.445	648.997
983.736	661.034
984.027	658.025
984.318	642.644
984.609	638.632
984.899	643.313
985.190	646.657
985.481	646.322
985.771	637.963
986.062	638.632
986.353	642.979
986.643	650.000
986.933	655.016
987.224	660.365
987.514	652.675
987.804	648.997
988.094	640.638
988.385	646.991
988.675	643.647
988.965	628.935
989.255	621.579
989.544	623.920
989.834	627.264
990.124	628.601
990.414	626.595
990.703	624.589
990.993	637.963
991.283	638.966
991.572	639.635
991.861	627.598
992.151	627.264
992.440	636.291
992.729	635.623
993.019	627.598
993.308	634.285
993.597	632.279
993.886	641.307
994.175	645.988
994.464	631.276
994.752	629.938
995.041	629.604
995.330	636.291
995.619	637.294
995.907	640.638
996.196	639.635
996.484	643.982
996.773	644.650
997.061	644.985
997.349	633.616
997.638	639.301
997.926	643.313
998.214	641.307
998.502	637.294
998.790	633.616
999.078	638.632
999.366	639.635
999.654	630.273
999.941	616.564
1000.229	610.880
1000.517	620.242
1000.804	651.672
1001.092	652.006
1001.379	652.341
1001.667	669.728
1001.954	671.399
1002.242	676.749
1002.529	664.043
1002.816	636.291
1003.103	622.583
1003.390	633.282
1003.677	619.908
1003.964	614.223
1004.251	606.867
1004.538	607.871
1004.825	610.545
1005.111	612.886
1005.398	603.524
1005.685	603.858
1005.971	612.217
1006.258	622.583
1006.544	628.935
1006.831	619.908
1007.117	626.929
1007.403	633.616
1007.689	634.285
1007.975	632.613
1008.261	632.279
1008.547	638.966
1008.833	644.985
1009.119	634.620
1009.405	627.932
1009.691	633.616
1009.977	631.945
1010.262	632.279
1010.548	624.589
1010.833	625.926
1011.119	636.960
1011.404	633.616
1011.690	627.932
1011.975	640.304
1012.260	643.982
1012.545	641.976
1012.831	650.000
1013.116	651.003
1013.401	644.316
1013.686	645.653
1013.970	639.969
1014.255	633.951
1014.540	628.267
1014.825	619.908
1015.109	619.239
1015.394	634.954
1015.679	629.270
1015.963	626.929
1016.247	628.267
1016.532	634.285
1016.816	625.592
1017.100	616.898
1017.384	612.217
1017.669	618.236
1017.953	616.564
1018.237	621.914
1018.521	642.644
1018.804	642.310
1019.088	650.000
1019.372	654.013
1019.656	653.344
1019.939	657.356
1020.223	646.657
1020.506	633.282
1020.790	647.994
1021.073	652.675
1021.357	646.657
1021.640	642.644
1021.923	630.942
1022.206	626.595
1022.489	617.901
1022.772	614.558
1023.055	608.205
1023.338	604.193
1023.621	607.871
1023.904	612.886
1024.187	613.889
1024.469	619.573
1024.752	603.858
1025.035	578.112
1025.317	660.031
