339.628	589.815
340.007	589.815
340.385	589.815
340.764	529.630
341.143	515.587
341.521	507.562
341.900	492.850
342.278	488.169
342.657	497.531
343.035	500.540
343.413	500.206
343.792	500.875
344.170	491.512
344.548	488.503
344.927	499.203
345.305	489.841
345.683	497.197
346.061	510.906
346.439	524.280
346.818	534.645
347.196	553.704
347.574	564.403
347.952	576.106
348.330	584.131
348.708	580.118
349.085	586.806
349.463	605.196
349.841	609.877
350.219	609.877
350.597	615.561
350.974	620.576
351.352	633.951
351.730	638.298
352.107	635.957
352.485	640.972
352.862	645.653
353.240	654.347
353.617	661.034
353.995	659.362
354.372	663.375
354.750	664.043
355.127	673.406
355.504	675.746
355.881	678.421
356.259	677.752
356.636	687.449
357.013	680.093
357.390	681.096
357.767	665.381
358.144	668.724
358.521	662.037
358.898	665.381
359.275	656.019
359.652	652.341
360.029	645.988
360.406	657.022
360.783	649.666
361.159	648.328
361.536	651.338
361.913	641.641
362.290	642.310
362.666	642.310
363.043	641.976
363.419	639.969
363.796	642.644
364.172	640.638
364.549	653.344
364.925	649.331
365.302	654.013
365.678	643.313
366.054	643.313
366.431	640.972
366.807	630.607
367.183	630.607
367.559	636.960
367.935	642.310
368.312	649.666
368.688	650.669
369.064	643.647
369.440	646.322
369.816	645.653
370.192	638.632
370.567	632.279
370.943	621.579
371.319	611.214
371.695	618.905
372.071	619.573
372.446	614.223
372.822	628.601
373.198	624.254
373.573	626.595
373.949	645.319
374.325	652.006
374.700	661.703
375.075	663.709
375.451	653.009
375.826	652.006
376.202	657.691
376.577	651.003
376.952	652.006
377.328	639.635
377.703	636.626
378.078	642.644
378.453	650.669
378.828	653.009
379.203	649.666
379.578	636.626
379.953	643.313
380.328	651.338
380.703	655.016
381.078	659.362
381.453	649.331
381.828	662.706
382.203	666.718
382.578	671.399
382.952	673.071
383.327	671.065
383.702	662.706
384.076	669.059
384.451	662.037
384.825	670.396
385.200	664.378
385.574	659.028
385.949	662.706
386.323	671.734
386.698	679.758
387.072	675.077
387.446	674.074
387.821	676.415
388.195	680.427
388.569	672.402
388.943	659.362
389.317	661.369
389.691	664.378
390.065	663.709
390.439	663.709
390.813	657.356
391.187	658.694
391.561	663.709
391.935	654.681
392.309	654.347
392.683	645.319
393.056	640.304
393.430	642.310
393.804	645.988
394.178	648.997
394.551	645.988
394.925	647.994
395.298	654.681
395.672	661.034
396.045	663.375
396.419	657.691
396.792	661.034
397.165	654.347
397.539	649.666
397.912	643.982
398.285	640.304
398.659	633.282
399.032	647.994
399.405	645.319
399.778	654.013
400.151	664.712
400.524	676.415
400.897	673.740
401.270	681.096
401.643	674.743
402.016	677.084
402.389	683.102
402.762	671.734
403.134	672.402
403.507	671.065
403.880	660.700
404.253	648.997
404.625	641.976
404.998	637.629
405.370	648.663
405.743	640.304
406.115	650.335
406.488	655.350
406.860	665.047
407.233	670.396
407.605	675.412
407.977	667.387
408.350	677.752
408.722	673.740
409.094	687.783
409.466	695.139
409.838	697.145
410.210	701.492
410.582	711.857
410.954	711.857
411.326	716.538
411.698	729.244
412.070	738.272
412.442	749.306
412.814	766.024
413.186	780.067
413.558	796.785
413.929	807.485
414.301	812.835
414.673	826.878
415.044	843.930
415.416	854.630
415.787	863.658
416.159	882.716
416.530	908.797
416.902	916.487
417.273	920.165
417.645	935.880
418.016	944.239
418.387	976.672
418.758	995.396
419.130	1010.777
419.501	1042.207
419.872	1074.975
420.243	1096.708
420.614	1125.798
420.985	1137.835
421.356	1162.578
421.727	1195.011
422.098	1227.109
422.469	1254.527
422.840	1294.316
423.211	1325.412
423.581	1362.526
423.952	1404.321
424.323	1450.463
424.693	1494.265
425.064	1518.673
425.435	1554.450
425.805	1596.914
426.176	1626.004
426.546	1669.805
426.917	1707.922
427.287	1744.702
427.657	1818.596
428.028	1864.738
428.398	1932.279
428.768	2000.489
429.138	2038.607
429.509	2088.092
429.879	2156.971
430.249	2213.144
430.619	2258.951
430.989	2313.118
431.359	2370.963
431.729	2436.832
432.099	2511.395
432.469	2558.206
432.839	2615.381
433.208	2677.907
433.578	2738.761
433.948	2794.265
434.318	2880.531
434.687	2958.437
435.057	3038.015
435.426	3116.590
435.796	3224.589
436.165	3307.511
436.535	3418.520
436.904	3490.073
437.274	3565.305
437.643	3664.276
438.012	3746.529
438.382	3831.457
438.751	3907.692
439.120	3983.592
439.489	4074.538
439.858	4159.132
440.227	4237.038
440.597	4314.945
440.966	4396.864
441.335	4486.473
441.703	4558.360
442.072	4633.926
442.441	4694.112
442.810	4729.554
443.179	4806.792
443.548	4854.605
443.916	4900.747
444.285	4964.945
444.654	4998.047
445.022	5014.765
445.391	5052.214
445.759	5033.824
446.128	5035.495
446.496	5015.434
446.865	4988.350
447.233	4966.282
447.601	4957.589
447.970	4908.438
448.338	4865.305
448.706	4780.711
449.074	4733.901
449.443	4666.694
449.811	4578.757
450.179	4483.129
450.547	4411.575
450.915	4335.675
451.283	4260.109
451.651	4162.476
452.018	4059.158
452.386	3957.512
452.754	3847.506
453.122	3739.842
453.490	3642.542
453.857	3529.862
454.225	3439.919
454.593	3352.316
454.960	3281.765
455.328	3218.905
455.695	3154.373
456.063	3073.792
456.430	3032.666
456.798	2960.778
457.165	2870.500
457.532	2788.915
457.899	2724.384
458.267	2662.861
458.634	2622.069
459.001	2561.884
459.368	2514.404
459.735	2489.996
460.102	2449.538
460.469	2425.798
460.836	2395.037
461.203	2354.579
461.570	2320.808
461.937	2284.363
462.304	2240.896
462.671	2204.116
463.037	2159.980
463.404	2140.921
463.771	2105.479
464.137	2072.377
464.504	2051.647
464.870	2027.238
465.237	2014.198
465.603	1970.062
465.970	1927.933
466.336	1905.196
466.703	1888.478
467.069	1854.373
467.435	1819.934
467.801	1775.129
468.168	1755.402
468.534	1721.966
468.900	1691.204
469.266	1666.127
469.632	1652.418
469.998	1653.087
470.364	1651.081
470.730	1648.740
471.096	1640.047
471.462	1625.669
471.827	1612.629
472.193	1596.914
472.559	1576.518
472.925	1578.524
473.290	1574.177
473.656	1573.843
474.022	1576.184
474.387	1570.834
474.753	1559.466
475.118	1560.469
475.483	1546.091
475.849	1536.060
476.214	1524.692
476.580	1514.327
476.945	1515.664
477.310	1525.361
477.675	1523.354
478.040	1525.361
478.406	1523.020
478.771	1515.998
479.136	1520.011
479.501	1518.339
479.866	1531.045
480.231	1526.029
480.595	1525.361
480.960	1539.069
481.325	1552.778
481.690	1562.140
482.055	1562.475
482.419	1543.416
482.784	1552.778
483.148	1559.800
483.513	1570.165
483.878	1580.196
484.242	1593.236
484.607	1611.960
484.971	1641.719
485.335	1665.124
485.700	1693.210
486.064	1702.573
486.428	1708.925
486.792	1747.043
487.157	1778.473
487.521	1800.541
487.885	1818.596
488.249	1824.615
488.613	1855.376
488.977	1903.859
489.341	1910.212
489.705	1951.004
490.069	1983.771
490.432	2023.560
490.796	2063.349
491.160	2104.142
491.524	2145.603
491.887	2203.782
492.251	2241.230
492.615	2291.050
492.978	2344.214
493.342	2413.092
493.705	2459.903
494.069	2510.057
494.432	2573.252
494.795	2622.069
495.159	2670.217
495.522	2723.380
495.885	2782.228
496.248	2851.776
496.612	2901.261
496.975	2949.075
497.338	3025.310
497.701	3095.191
498.064	3162.398
498.427	3236.961
498.790	3291.462
499.153	3383.412
499.515	3469.677
499.878	3551.930
500.241	3637.193
500.604	3710.418
500.966	3788.324
501.329	3873.587
501.692	3953.165
502.054	4026.725
502.417	4101.622
502.779	4191.565
503.142	4306.586
503.504	4387.501
503.866	4491.488
504.229	4575.079
504.591	4663.685
504.953	4765.999
505.315	4849.924
505.678	4927.162
506.040	5012.090
506.402	5075.285
506.764	5182.280
507.126	5281.252
507.488	5356.149
507.850	5460.804
508.212	5538.376
508.573	5639.688
508.935	5743.675
509.297	5800.182
509.659	5873.742
510.020	5967.029
510.382	6020.192
510.744	6092.749
511.105	6166.309
511.467	6246.890
511.828	6325.131
512.190	6422.764
512.551	6474.256
512.913	6544.472
513.274	6625.388
513.635	6717.003
513.996	6785.213
514.358	6868.135
514.719	6947.713
515.080	7023.279
515.441	7099.179
515.802	7198.485
516.163	7245.630
516.524	7325.542
516.885	7384.390
517.246	7440.563
517.607	7515.460
517.967	7592.698
518.328	7648.536
518.689	7716.746
519.050	7766.232
519.410	7842.466
519.771	7876.571
520.131	7950.465
520.492	7999.951
520.852	8025.363
521.213	8062.811
521.573	8099.925
521.934	8125.337
522.294	8188.531
522.654	8223.639
523.015	8268.110
523.375	8314.920
523.735	8367.750
524.095	8402.523
524.455	8452.678
524.815	8492.132
525.175	8500.826
525.535	8514.200
525.895	8554.324
526.255	8572.714
526.615	8623.871
526.974	8666.335
527.334	8683.388
527.694	8720.502
528.054	8775.003
528.413	8801.417
528.773	8812.786
529.132	8831.510
529.492	8830.507
529.851	8850.234
530.211	8892.030
530.570	8906.407
530.930	8933.490
531.289	8985.985
531.648	9008.722
532.007	9070.245
532.367	9101.006
532.726	9118.058
533.085	9141.129
533.444	9164.535
533.803	9174.566
534.162	9190.281
534.521	9159.519
534.880	9161.191
535.239	9184.597
535.597	9188.943
535.956	9198.640
536.315	9231.407
536.674	9255.816
537.032	9325.029
537.391	9354.453
537.749	9362.812
538.108	9359.802
538.466	9347.097
538.825	9342.415
539.183	9365.821
539.542	9338.403
539.900	9350.775
540.258	9369.164
540.617	9395.245
540.975	9424.000
541.333	9436.706
541.691	9440.049
542.049	9455.764
542.407	9467.467
542.765	9475.826
543.123	9499.900
543.481	9505.250
543.839	9493.547
544.197	9474.154
544.555	9481.845
544.912	9443.727
545.270	9393.907
545.628	9397.920
545.985	9396.582
546.343	9393.573
546.700	9422.997
547.058	9404.941
547.415	9439.046
547.773	9485.857
548.130	9484.185
548.488	9488.866
548.845	9477.163
549.202	9442.724
549.559	9449.077
549.916	9442.055
550.274	9401.598
550.631	9370.836
550.988	9346.428
551.345	9377.189
551.702	9397.585
552.059	9411.628
552.416	9407.616
552.772	9420.991
553.129	9427.009
553.486	9429.350
553.843	9389.561
554.199	9340.744
554.556	9318.007
554.913	9277.549
555.269	9248.460
555.626	9240.435
555.982	9207.333
556.339	9217.364
556.695	9223.383
557.051	9216.361
557.408	9219.370
557.764	9205.661
558.120	9171.891
558.476	9198.305
558.832	9179.581
559.188	9155.173
559.545	9104.350
559.901	9083.285
560.257	9034.468
560.612	9048.845
560.968	9010.059
561.324	8956.561
561.680	8965.589
562.036	8950.543
562.391	8949.205
562.747	8959.905
563.103	8927.806
563.458	8893.367
563.814	8897.379
564.169	8859.931
564.525	8841.206
564.880	8777.343
565.236	8713.146
565.591	8696.093
565.946	8676.700
566.302	8634.571
566.657	8584.751
567.012	8613.171
567.367	8596.119
567.722	8630.224
568.077	8584.751
568.432	8548.640
568.787	8525.234
569.142	8533.593
569.497	8456.356
569.852	8414.560
570.207	8372.431
570.561	8308.233
570.916	8278.475
571.271	8278.475
571.625	8220.965
571.980	8200.568
572.335	8217.287
572.689	8187.194
573.044	8195.553
573.398	8178.501
573.752	8153.423
574.107	8114.303
574.461	8095.579
574.815	8039.071
575.169	8001.623
575.524	8002.626
575.878	7959.493
576.232	7924.051
576.586	7920.038
576.940	7875.903
577.294	7848.485
577.648	7832.436
578.002	7761.551
578.355	7713.068
578.709	7649.874
579.063	7592.363
579.417	7549.231
579.770	7545.218
580.124	7498.742
580.477	7494.395
580.831	7502.420
581.185	7510.779
581.538	7462.965
581.891	7430.532
582.245	7370.681
582.598	7350.620
582.951	7296.787
583.305	7267.363
583.658	7206.175
584.011	7185.445
584.364	7155.352
584.717	7150.671
585.070	7102.188
585.423	7092.158
585.776	7061.396
586.129	7020.604
586.482	7045.012
586.835	7048.022
587.187	6992.518
587.540	6972.122
587.893	6926.648
588.245	6900.568
588.598	6906.252
588.950	6856.432
589.303	6804.940
589.655	6810.625
590.008	6806.947
590.360	6790.228
590.713	6763.145
591.065	6728.371
591.417	6702.626
591.769	6676.545
592.121	6640.769
592.474	6594.627
592.826	6569.884
593.178	6523.407
593.530	6489.971
593.882	6470.244
594.234	6438.814
594.585	6383.644
594.937	6356.561
595.289	6316.772
595.641	6305.403
595.992	6263.608
596.344	6234.518
596.696	6200.413
597.047	6187.373
597.399	6178.346
597.750	6158.618
598.102	6115.485
598.453	6110.804
598.804	6061.653
599.156	6048.279
599.507	6022.533
599.858	5978.063
600.209	5933.258
600.561	5910.521
600.912	5862.373
601.263	5841.643
601.614	5804.529
601.965	5749.359
602.316	5709.570
602.666	5685.161
603.017	5656.406
603.368	5635.676
603.719	5616.951
604.070	5580.840
604.420	5552.085
604.771	5499.256
605.121	5468.829
605.472	5407.641
605.822	5377.548
606.173	5317.028
606.523	5303.320
606.874	5269.883
607.224	5266.874
607.574	5231.766
607.924	5230.094
608.275	5196.992
608.625	5168.906
608.975	5131.123
609.325	5122.095
609.675	5086.318
610.025	5042.183
610.375	5001.056
610.725	4970.629
611.074	4927.496
611.424	4903.088
611.774	4851.931
612.124	4823.175
612.473	4791.745
612.823	4762.321
613.173	4718.854
613.522	4719.189
613.872	4673.047
614.221	4630.583
614.570	4611.858
614.920	4585.444
615.269	4530.943
615.618	4493.829
615.968	4450.027
616.317	4395.526
616.666	4380.480
617.015	4313.273
617.364	4284.852
617.713	4274.821
618.062	4256.097
618.411	4216.977
618.760	4189.225
619.109	4156.791
619.457	4119.677
619.806	4107.975
620.155	4084.569
620.503	4057.151
620.852	4021.709
621.201	4012.347
621.549	3976.236
621.898	3983.926
622.246	3945.140
622.594	3921.735
622.943	3880.274
623.291	3853.859
623.639	3832.126
623.988	3822.095
624.336	3780.300
624.684	3728.473
625.032	3688.684
625.380	3667.619
625.728	3630.171
626.076	3561.627
626.424	3518.828
626.772	3465.999
627.120	3436.241
627.467	3394.111
627.815	3355.325
628.163	3341.951
628.510	3326.570
628.858	3296.812
629.206	3286.781
629.553	3274.075
629.901	3248.329
630.248	3233.283
630.595	3200.515
630.943	3182.125
631.290	3156.045
631.637	3127.624
631.984	3091.513
632.332	3078.473
632.679	3047.712
633.026	3027.984
633.373	2990.536
633.720	2980.505
634.067	2965.459
634.414	2948.072
634.760	2930.351
635.107	2910.958
635.454	2883.206
635.801	2876.853
636.147	2844.754
636.494	2828.705
636.841	2803.293
637.187	2773.535
637.534	2759.157
637.880	2740.767
638.226	2724.384
638.573	2712.347
638.919	2697.635
639.265	2701.647
639.612	2676.570
639.958	2631.097
640.304	2610.366
640.650	2598.998
640.996	2570.243
641.342	2535.135
641.688	2491.667
642.034	2486.652
642.380	2493.339
642.726	2488.324
643.071	2462.578
643.417	2441.847
643.763	2427.804
644.108	2410.417
644.454	2386.678
644.800	2364.275
645.145	2348.895
645.491	2329.167
645.836	2330.170
646.181	2323.483
646.527	2322.146
646.872	2305.093
647.217	2303.422
647.562	2284.363
647.908	2274.666
648.253	2257.280
648.598	2240.561
648.943	2213.812
649.288	2199.769
649.633	2171.348
649.978	2156.971
650.322	2142.259
650.667	2131.559
651.012	2112.166
651.357	2112.501
651.701	2111.832
652.046	2090.767
652.390	2076.055
652.735	2046.966
653.079	2021.554
653.424	2019.882
653.768	1988.787
654.113	1963.709
654.457	1947.660
654.801	1924.255
655.145	1917.567
655.490	1897.171
655.834	1875.438
656.178	1871.425
656.522	1852.032
656.866	1853.370
657.210	1847.351
657.554	1836.652
657.897	1831.302
658.241	1815.921
658.585	1809.234
658.929	1797.197
659.272	1788.504
659.616	1783.488
659.959	1773.123
660.303	1754.399
660.646	1740.355
660.990	1736.343
661.333	1733.000
661.677	1709.260
662.020	1696.888
662.363	1677.161
662.706	1669.805
663.050	1654.759
663.393	1634.028
663.736	1625.335
664.079	1602.933
664.422	1581.533
664.765	1577.187
665.108	1570.499
665.450	1566.821
665.793	1550.103
666.136	1527.367
666.479	1539.404
666.821	1538.401
667.164	1525.361
667.507	1520.679
667.849	1514.661
668.192	1507.974
668.534	1504.296
668.876	1492.927
669.219	1483.565
669.561	1476.878
669.903	1466.513
670.246	1458.822
670.588	1455.813
670.930	1451.132
671.272	1428.730
671.614	1409.671
671.956	1400.978
672.298	1385.597
672.640	1382.254
672.982	1367.876
673.323	1370.885
673.665	1373.560
674.007	1366.538
674.349	1366.873
674.690	1350.489
675.032	1339.121
675.373	1330.427
675.715	1310.700
676.056	1296.657
676.398	1293.648
676.739	1283.617
677.080	1275.926
677.421	1263.555
677.763	1253.858
678.104	1240.818
678.445	1245.834
678.786	1241.153
679.127	1237.140
679.468	1238.812
679.809	1234.800
680.150	1230.119
680.491	1222.094
680.831	1208.385
681.172	1187.655
681.513	1174.949
681.853	1186.652
682.194	1184.311
682.535	1178.627
682.875	1177.289
683.216	1167.593
683.556	1173.946
683.896	1175.283
684.237	1147.866
684.577	1126.801
684.917	1126.132
685.257	1128.473
685.598	1126.801
685.938	1120.448
686.278	1104.733
686.618	1107.408
686.958	1110.417
687.298	1102.392
687.637	1093.699
687.977	1091.693
688.317	1090.021
688.657	1092.696
688.996	1076.981
689.336	1081.662
689.676	1076.646
690.015	1065.612
690.355	1063.272
690.694	1062.269
691.034	1058.591
691.373	1058.591
691.712	1045.885
692.051	1040.535
692.391	1038.863
692.730	1028.164
693.069	1026.158
693.408	1016.796
693.747	1017.799
694.086	1011.111
694.425	1004.090
694.764	997.737
695.103	1001.749
695.442	988.375
695.780	973.663
696.119	952.932
696.458	949.589
696.796	947.248
697.135	950.926
697.473	943.570
697.812	944.908
698.150	954.604
698.489	958.951
698.827	966.641
699.165	967.644
699.503	960.288
699.842	952.264
700.180	954.939
700.518	950.592
700.856	959.620
701.194	948.251
701.532	934.208
701.870	944.239
702.208	952.932
702.545	943.905
702.883	938.889
703.221	926.518
703.559	914.815
703.896	914.815
704.234	903.447
704.571	899.100
704.909	903.447
705.246	903.112
705.584	904.784
705.921	909.800
706.258	921.502
706.596	920.165
706.933	904.116
707.270	899.769
707.607	900.103
707.944	902.444
708.281	899.769
708.618	895.088
708.955	889.069
709.292	890.741
709.629	878.035
709.966	871.348
710.302	856.302
710.639	841.924
710.976	830.890
711.312	827.212
711.649	827.881
711.985	830.221
712.322	829.553
712.658	843.596
712.994	859.980
713.331	858.308
713.667	861.986
714.003	860.314
714.339	855.299
714.676	855.299
715.012	851.621
715.348	849.949
715.684	850.618
716.020	845.602
716.355	843.930
716.691	840.921
717.027	844.933
717.363	839.584
717.698	831.893
718.034	840.921
718.370	835.906
718.705	828.550
719.041	843.596
719.376	840.587
719.712	837.243
720.047	836.909
720.382	827.547
720.718	830.221
721.053	838.915
721.388	823.869
721.723	804.810
722.058	802.135
722.393	791.435
722.728	789.095
723.063	791.770
723.398	788.761
723.733	795.448
724.068	809.491
724.402	817.516
724.737	829.553
725.072	829.887
725.406	823.534
725.741	823.534
726.075	816.847
726.410	809.157
726.744	798.123
727.079	794.779
727.413	778.730
727.747	773.714
728.081	765.355
728.416	766.358
728.750	770.036
729.084	771.374
729.418	764.018
729.752	775.052
730.086	772.377
730.420	766.358
730.753	769.702
731.087	770.036
731.421	774.717
731.755	779.398
732.088	775.386
732.422	773.714
732.755	778.061
733.089	767.696
733.422	758.668
733.756	755.659
734.089	758.668
734.423	755.324
734.756	763.349
735.089	762.680
735.422	772.711
735.755	775.386
736.088	769.368
736.421	757.999
736.754	748.971
737.087	740.947
737.420	745.962
737.753	739.944
738.086	754.656
738.418	754.321
738.751	755.993
739.084	764.686
739.416	766.358
739.749	760.005
740.081	750.978
740.414	737.937
740.746	735.597
741.079	741.281
741.411	743.622
741.743	738.272
742.075	738.941
742.407	731.919
742.740	724.229
743.072	729.913
743.404	720.885
743.736	720.885
744.068	722.222
744.399	713.863
744.731	722.222
745.063	722.557
745.395	720.885
745.726	718.210
746.058	717.207
746.390	724.563
746.721	734.259
747.053	735.263
747.384	733.925
747.715	735.263
748.047	730.916
748.378	724.897
748.709	723.226
749.040	714.198
749.371	712.860
749.703	716.873
750.034	712.192
750.365	712.526
750.696	712.860
751.026	703.833
751.357	701.826
751.688	698.817
752.019	688.117
752.350	671.399
752.680	668.390
753.011	661.034
753.341	661.034
753.672	664.712
754.002	670.062
754.333	677.418
754.663	691.127
754.993	709.851
755.324	727.907
755.654	725.900
755.984	723.894
756.314	721.554
756.644	729.913
756.974	730.582
757.304	741.281
757.634	734.928
757.964	741.615
758.294	745.293
758.623	746.297
758.953	745.293
759.283	742.619
759.612	710.520
759.942	701.492
760.272	702.495
760.601	704.167
760.930	698.817
761.260	693.802
761.589	687.449
761.918	695.139
762.248	696.477
762.577	696.811
762.906	698.817
763.235	708.179
763.564	706.842
763.893	715.870
764.222	710.854
764.551	710.185
764.880	704.836
765.209	701.492
765.537	691.127
765.866	696.811
766.195	691.127
766.523	692.130
766.852	688.786
767.180	683.771
767.509	690.792
767.837	688.118
768.165	669.728
768.494	674.409
768.822	682.768
769.150	683.102
769.478	697.814
769.806	689.789
770.134	692.130
770.462	694.470
770.790	695.473
771.118	695.473
771.446	700.823
771.774	693.467
772.102	689.121
772.429	689.789
772.757	695.473
773.085	685.108
773.412	675.077
773.740	682.099
774.067	684.774
774.395	687.449
774.722	684.440
775.049	690.792
775.376	690.792
775.704	694.805
776.031	689.789
776.358	682.768
776.685	672.737
777.012	669.393
777.339	672.402
777.666	674.409
777.993	684.774
778.320	679.758
778.646	674.409
778.973	690.124
779.300	695.473
779.626	686.446
779.953	687.114
780.279	684.774
780.606	689.789
780.932	693.802
781.259	691.795
781.585	691.127
781.911	692.130
782.237	692.464
782.564	689.789
782.890	681.765
783.216	679.758
783.542	673.071
783.868	671.399
784.194	669.059
784.519	671.065
784.845	670.396
785.171	674.743
785.497	667.721
785.822	664.712
786.148	673.406
786.474	672.402
786.799	672.737
787.125	650.669
787.450	652.341
787.775	659.697
788.101	657.691
788.426	653.009
788.751	654.681
789.076	644.316
789.401	653.344
789.726	659.362
790.051	664.043
790.376	665.047
790.701	661.369
791.026	654.681
791.351	668.390
791.676	664.712
792.000	647.994
792.325	648.328
792.650	650.669
792.974	654.347
793.299	661.703
793.623	658.694
793.948	663.375
794.272	670.062
794.596	665.381
794.921	667.721
795.245	665.381
795.569	669.728
795.893	663.375
796.217	666.384
796.541	669.059
796.865	671.065
797.189	670.731
797.513	682.768
797.837	677.084
798.160	674.409
798.484	669.059
798.808	665.715
799.131	666.050
799.455	663.375
799.778	646.991
800.102	648.663
800.425	644.316
800.749	657.356
801.072	661.034
801.395	671.065
801.718	675.746
802.042	673.071
802.365	662.372
802.688	675.412
803.011	672.737
803.334	669.059
803.657	659.028
803.979	665.715
804.302	673.740
804.625	681.765
804.948	676.080
805.270	677.084
805.593	683.102
805.915	684.774
806.238	672.068
806.560	670.396
806.883	672.068
807.205	671.734
807.527	668.390
807.850	676.080
808.172	667.387
808.494	670.731
808.816	677.752
809.138	677.084
809.460	691.795
809.782	698.148
810.104	689.455
810.426	691.127
810.747	683.771
811.069	680.427
811.391	682.433
811.712	670.396
812.034	669.393
812.355	675.412
812.677	682.433
812.998	679.090
813.320	683.771
813.641	690.124
813.962	695.473
814.284	688.452
814.605	679.090
814.926	678.087
815.247	684.105
815.568	685.108
815.889	674.409
816.210	672.737
816.531	678.755
816.851	678.087
817.172	677.084
817.493	680.427
817.814	667.387
818.134	670.731
818.455	665.381
818.775	659.362
819.096	658.025
819.416	655.684
819.736	650.669
820.057	656.687
820.377	652.006
820.697	653.344
821.017	661.703
821.337	662.037
821.657	666.384
821.977	666.384
822.297	658.694
822.617	653.009
822.937	662.037
823.257	658.694
823.577	658.025
823.896	649.666
824.216	658.694
824.535	663.375
824.855	668.390
825.174	667.053
825.494	665.047
825.813	671.399
826.132	675.077
826.452	673.071
826.771	674.743
827.090	675.077
827.409	668.390
827.728	660.365
828.047	653.678
828.366	651.003
828.685	642.644
829.004	638.966
829.323	651.338
829.642	648.663
829.960	650.669
830.279	648.663
830.597	653.678
830.916	659.028
831.235	665.381
831.553	652.341
831.871	648.997
832.190	650.335
832.508	662.037
832.826	665.381
833.144	670.731
833.463	668.390
833.781	673.406
834.099	682.768
834.417	684.774
834.734	677.084
835.052	662.706
835.370	657.691
835.688	657.022
836.006	657.691
836.323	646.657
836.641	644.985
836.958	645.653
837.276	653.009
837.593	654.013
837.911	646.657
838.228	632.279
838.545	651.003
838.863	650.669
839.180	644.316
839.497	654.013
839.814	657.022
840.131	660.031
840.448	672.737
840.765	662.372
841.082	667.053
841.399	669.059
841.716	655.016
842.032	653.678
842.349	660.365
842.666	654.013
842.982	647.994
843.299	649.331
843.615	651.338
843.932	650.000
844.248	646.322
844.564	657.022
844.880	655.350
845.197	656.687
845.513	647.660
845.829	640.972
846.145	650.335
846.461	651.003
846.777	644.985
847.093	645.988
847.409	646.657
847.724	648.663
848.040	648.328
848.356	647.325
848.671	653.344
848.987	650.335
849.303	665.381
849.618	664.712
849.933	671.734
850.249	680.093
850.564	686.111
850.879	677.418
851.195	674.074
851.510	674.074
851.825	678.755
852.140	673.740
852.455	672.402
852.770	669.393
853.085	674.409
853.399	675.412
853.714	665.047
854.029	654.013
854.344	661.034
854.658	659.028
854.973	649.331
855.287	643.647
855.602	636.960
855.916	629.938
856.231	664.712
856.545	662.037
856.859	664.378
857.173	675.746
857.488	685.777
857.802	690.792
858.116	697.145
858.430	668.390
858.744	669.393
859.058	668.056
859.371	660.365
859.685	656.687
859.999	658.359
860.313	662.372
860.626	661.369
860.940	654.013
861.253	650.669
861.567	659.028
861.880	648.997
862.193	643.647
862.507	645.653
862.820	648.328
863.133	652.675
863.446	665.047
863.759	659.028
864.073	660.365
864.386	659.697
864.698	662.372
865.011	664.712
865.324	671.399
865.637	665.715
865.950	676.415
866.262	674.743
866.575	678.087
866.887	678.087
867.200	678.755
867.512	668.390
867.825	673.740
868.137	659.028
868.449	656.687
868.762	658.694
869.074	656.687
869.386	654.013
869.698	651.338
870.010	648.328
870.322	648.663
870.634	663.375
870.946	662.037
871.258	659.697
871.570	662.037
871.881	674.409
872.193	670.062
872.504	679.424
872.816	666.718
873.128	674.074
873.439	677.418
873.750	672.068
874.062	663.375
874.373	657.356
874.684	658.025
874.995	661.703
875.307	656.353
875.618	654.013
875.929	651.338
876.240	654.681
876.550	665.381
876.861	665.047
877.172	666.050
877.483	657.691
877.794	654.013
878.104	653.344
878.415	654.347
878.725	652.675
879.036	645.653
879.346	653.678
879.657	665.047
879.967	666.384
880.277	667.387
880.587	665.047
880.898	661.369
881.208	657.691
881.518	649.666
881.828	645.319
882.138	648.997
882.448	650.335
882.757	651.338
883.067	647.325
883.377	654.347
883.687	659.028
883.996	659.028
884.306	649.666
884.615	662.372
884.925	664.043
885.234	664.043
885.543	653.009
885.853	652.341
886.162	647.325
886.471	654.681
886.780	644.316
887.089	640.638
887.398	643.313
887.707	653.344
888.016	649.666
888.325	658.694
888.634	658.694
888.943	658.359
889.251	660.365
889.560	669.393
889.869	675.077
890.177	699.151
890.486	693.802
890.794	693.133
891.102	700.155
891.411	691.795
891.719	693.133
892.027	689.789
892.335	669.728
892.644	665.047
892.952	660.365
893.260	655.016
893.568	656.353
893.875	641.307
894.183	638.632
894.491	644.650
894.799	645.653
895.106	642.644
895.414	645.653
895.722	658.025
896.029	662.706
896.337	660.700
896.644	651.003
896.951	645.653
897.259	657.022
897.566	663.375
897.873	662.372
898.180	658.694
898.487	663.040
898.794	661.703
899.101	677.084
899.408	663.375
899.715	659.697
900.022	647.660
900.329	658.025
900.635	646.991
900.942	650.669
901.248	646.991
901.555	649.331
901.861	647.994
902.168	648.663
902.474	651.672
902.781	663.709
903.087	663.040
903.393	655.016
903.699	663.040
904.005	666.718
904.311	679.090
904.617	674.409
904.923	667.721
905.229	665.715
905.535	666.050
905.841	663.709
906.146	656.687
906.452	651.672
906.758	640.638
907.063	639.635
907.369	643.313
907.674	647.660
907.979	662.037
908.285	659.028
908.590	658.025
908.895	665.715
909.200	667.387
909.506	662.372
909.811	675.746
910.116	656.019
910.421	667.387
910.725	656.019
911.030	662.372
911.335	671.399
911.640	670.062
911.944	655.350
912.249	660.031
912.554	657.022
912.858	670.731
913.163	664.712
913.467	654.681
913.771	658.359
914.076	657.691
914.380	659.362
914.684	662.706
914.988	665.381
915.292	664.378
915.596	673.406
915.900	673.406
916.204	673.740
916.508	674.743
916.812	669.393
917.115	669.059
917.419	666.384
917.723	646.991
918.026	640.304
918.330	641.976
918.633	634.954
918.937	636.291
919.240	633.282
919.543	632.948
919.846	645.319
920.150	653.678
920.453	654.013
920.756	654.013
921.059	643.982
921.362	645.653
921.665	650.335
921.967	646.991
922.270	641.641
922.573	647.994
922.876	656.687
923.178	662.037
923.481	651.003
923.783	653.678
924.086	658.359
924.388	656.019
924.691	654.681
924.993	656.353
925.295	663.709
925.597	657.022
925.899	651.672
926.201	644.316
926.503	652.675
926.805	636.960
927.107	635.288
927.409	625.926
927.711	642.979
928.013	652.675
928.314	650.335
928.616	645.319
928.918	653.344
929.219	652.341
929.520	654.681
929.822	649.331
930.123	643.982
930.425	642.310
930.726	650.000
931.027	656.353
931.328	647.660
931.629	643.647
931.930	637.629
932.231	633.951
932.532	647.994
932.833	643.313
933.134	635.623
933.434	652.675
933.735	643.313
934.036	651.003
934.336	655.016
934.637	646.322
934.937	642.310
935.238	639.301
935.538	627.598
935.838	645.988
936.138	647.325
936.439	650.000
936.739	655.016
937.039	667.387
937.339	677.752
937.639	676.080
937.939	672.068
938.238	665.381
938.538	662.037
938.838	667.721
939.138	662.372
939.437	651.338
939.737	656.019
940.036	660.365
940.336	663.709
940.635	659.362
940.934	646.991
941.234	639.969
941.533	643.982
941.832	644.650
942.131	648.328
942.430	645.319
942.729	651.003
943.028	659.028
943.327	656.019
943.626	658.025
943.925	656.687
944.223	651.338
944.522	656.353
944.821	654.347
945.119	656.019
945.418	661.369
945.716	661.369
946.014	660.031
946.313	658.359
946.611	657.356
946.909	653.009
947.207	646.322
947.505	639.635
947.803	645.653
948.101	634.285
948.399	632.279
948.697	628.601
948.995	624.923
949.293	624.589
949.590	632.279
949.888	622.248
950.186	627.264
950.483	624.923
950.781	625.257
951.078	631.276
951.375	629.938
951.673	635.957
951.970	634.954
952.267	647.994
952.564	651.338
952.861	657.691
953.158	656.687
953.455	659.028
953.752	652.675
954.049	664.043
954.346	658.359
954.643	644.985
954.939	635.957
955.236	632.613
955.532	633.282
955.829	636.960
956.125	624.254
956.422	617.901
956.718	635.623
957.014	650.669
957.311	660.031
957.607	661.369
957.903	662.372
958.199	673.071
958.495	674.074
958.791	669.059
959.087	651.672
959.382	635.957
959.678	642.310
959.974	645.319
960.270	643.647
960.565	649.666
960.861	646.657
961.156	659.028
961.452	678.087
961.747	664.378
962.042	667.053
962.338	671.065
962.633	678.087
962.928	678.755
963.223	677.418
963.518	665.047
963.813	673.406
964.108	664.712
964.403	655.016
964.697	641.976
964.992	649.666
965.287	655.350
965.582	658.694
965.876	657.356
966.171	652.675
966.465	665.381
966.759	673.740
967.054	665.047
967.348	658.359
967.642	661.703
967.936	668.390
968.231	676.080
968.525	666.718
968.819	665.715
969.112	675.077
969.406	671.734
969.700	676.080
969.994	670.062
970.288	661.369
970.581	657.022
970.875	652.341
971.168	648.328
971.462	654.013
971.755	640.304
972.049	647.994
972.342	648.328
972.635	656.687
972.928	655.684
973.222	654.681
973.515	652.006
973.808	655.684
974.101	658.359
974.393	658.694
974.686	703.164
974.979	708.848
975.272	705.504
975.564	703.833
975.857	707.511
976.150	696.142
976.442	701.158
976.735	658.025
977.027	657.022
977.319	662.372
977.612	662.037
977.904	665.047
978.196	664.712
978.488	662.706
978.780	659.362
979.072	661.034
979.364	663.709
979.656	672.068
979.948	677.418
980.239	674.409
980.531	675.412
980.823	666.718
981.114	656.353
981.406	653.678
981.697	652.341
981.989	647.660
982.280	659.362
982.571	656.353
982.862	662.706
983.154	665.047
983.445	666.050
983.736	660.365
984.027	659.362
984.318	658.694
984.609	660.365
984.899	661.034
985.190	671.734
985.481	670.062
985.771	670.731
986.062	669.059
986.353	665.381
986.643	664.712
986.933	669.728
987.224	658.359
987.514	660.365
987.804	661.369
988.094	661.034
988.385	658.694
988.675	665.715
988.965	659.697
989.255	668.724
989.544	666.718
989.834	673.071
990.124	674.074
990.414	671.065
990.703	666.384
990.993	666.050
991.283	661.369
991.572	655.350
991.861	650.335
992.151	646.322
992.440	658.359
992.729	659.028
993.019	656.353
993.308	654.681
993.597	655.684
993.886	651.003
994.175	652.006
994.464	650.000
994.752	661.369
995.041	664.712
995.330	661.703
995.619	667.053
995.907	672.737
996.196	676.080
996.484	666.384
996.773	658.025
997.061	651.338
997.349	657.691
997.638	649.331
997.926	643.982
998.214	638.632
998.502	645.988
998.790	643.313
999.078	652.341
999.366	650.335
999.654	650.000
999.941	642.644
1000.229	645.319
1000.517	635.957
1000.804	659.028
1001.092	655.684
1001.379	653.344
1001.667	668.724
1001.954	683.102
1002.242	685.443
1002.529	690.792
1002.816	664.043
1003.103	665.047
1003.390	671.065
1003.677	665.381
1003.964	670.062
1004.251	658.694
1004.538	660.700
1004.825	665.381
1005.111	669.393
1005.398	656.353
1005.685	657.022
1005.971	649.666
1006.258	662.037
1006.544	659.697
1006.831	662.706
1007.117	658.694
1007.403	663.040
1007.689	658.025
1007.975	647.660
1008.261	644.650
1008.547	643.647
1008.833	642.310
1009.119	646.322
1009.405	655.350
1009.691	664.043
1009.977	666.718
1010.262	668.724
1010.548	659.028
1010.833	650.335
1011.119	644.650
1011.404	639.301
1011.690	635.288
1011.975	647.325
1012.260	649.331
1012.545	659.697
1012.831	664.378
1013.116	665.047
1013.401	668.390
1013.686	661.034
1013.970	654.013
1014.255	653.678
1014.540	651.003
1014.825	652.006
1015.109	652.675
1015.394	656.353
1015.679	660.031
1015.963	652.675
1016.247	652.006
1016.532	656.353
1016.816	652.341
1017.100	662.706
1017.384	660.031
1017.669	655.350
1017.953	674.074
1018.237	675.746
1018.521	687.114
1018.804	689.455
1019.088	674.743
1019.372	665.715
1019.656	681.430
1019.939	664.712
1020.223	642.310
1020.506	627.264
1020.790	630.273
1021.073	632.948
1021.357	638.966
1021.640	630.607
1021.923	636.291
1022.206	656.019
1022.489	655.350
1022.772	654.681
1023.055	653.678
1023.338	646.322
1023.621	641.641
1023.904	637.963
1024.187	632.613
1024.469	641.641
1024.752	631.945
1025.035	627.264
1025.317	702.161
