339.628	615.561
340.007	615.561
340.385	615.561
340.764	546.348
341.143	524.949
341.521	505.556
341.900	493.519
342.278	494.856
342.657	490.175
343.035	472.119
343.413	474.460
343.792	477.469
344.170	479.141
344.548	471.116
344.927	472.454
345.305	479.810
345.683	498.534
346.061	493.519
346.439	502.546
346.818	511.909
347.196	528.292
347.574	534.645
347.952	548.354
348.330	552.701
348.708	571.425
349.085	583.462
349.463	597.840
349.841	607.871
350.219	624.254
350.597	628.601
350.974	640.972
351.352	654.013
351.730	661.034
352.107	661.369
352.485	662.372
352.862	668.724
353.240	675.412
353.617	662.037
353.995	652.341
354.372	639.301
354.750	638.298
355.127	631.610
355.504	626.260
355.881	625.257
356.259	630.942
356.636	632.613
357.013	641.976
357.390	640.304
357.767	640.638
358.144	640.304
358.521	638.966
358.898	651.003
359.275	661.034
359.652	660.031
360.029	659.028
360.406	659.697
360.783	663.375
361.159	666.050
361.536	659.028
361.913	647.660
362.290	643.313
362.666	647.994
363.043	654.013
363.419	650.000
363.796	653.009
364.172	647.325
364.549	653.344
364.925	664.378
365.302	668.724
365.678	668.056
366.054	664.043
366.431	656.019
366.807	657.691
367.183	656.019
367.559	648.663
367.935	645.988
368.312	645.988
368.688	650.000
369.064	655.350
369.440	659.697
369.816	654.681
370.192	659.028
370.567	650.669
370.943	643.313
371.319	633.282
371.695	630.273
372.071	631.610
372.446	637.629
372.822	637.629
373.198	635.288
373.573	643.313
373.949	656.353
374.325	650.669
374.700	648.328
375.075	653.678
375.451	654.681
375.826	659.028
376.202	652.341
376.577	658.359
376.952	666.384
377.328	671.065
377.703	679.090
378.078	675.412
378.453	684.774
378.828	696.811
379.203	688.118
379.578	680.427
379.953	673.071
380.328	668.056
380.703	663.040
381.078	662.037
381.453	650.335
381.828	657.691
382.203	660.031
382.578	656.687
382.952	643.313
383.327	653.678
383.702	643.982
384.076	643.982
384.451	630.942
384.825	631.945
385.200	638.632
385.574	646.657
385.949	637.294
386.323	638.966
386.698	646.657
387.072	650.000
387.446	653.678
387.821	658.359
388.195	660.031
388.569	663.375
388.943	670.396
389.317	687.114
389.691	688.452
390.065	687.114
390.439	680.427
390.813	675.412
391.187	682.433
391.561	673.740
391.935	649.666
392.309	655.016
392.683	656.019
393.056	656.353
393.430	660.700
393.804	654.681
394.178	663.040
394.551	663.375
394.925	659.028
395.298	660.700
395.672	665.715
396.045	667.721
396.419	664.043
396.792	669.059
397.165	678.421
397.539	671.399
397.912	668.390
398.285	667.721
398.659	660.031
399.032	676.749
399.405	663.375
399.778	658.025
400.151	661.369
400.524	662.706
400.897	662.372
401.270	672.737
401.643	664.712
402.016	671.065
402.389	674.409
402.762	674.074
403.134	679.758
403.507	676.749
403.880	677.084
404.253	675.412
404.625	681.430
404.998	677.418
405.370	678.755
405.743	675.412
406.115	683.102
406.488	680.093
406.860	684.440
407.233	683.771
407.605	689.789
407.977	697.145
408.350	697.814
408.722	707.845
409.094	715.870
409.466	713.863
409.838	717.207
410.210	724.563
410.582	731.250
410.954	740.947
411.326	737.269
411.698	747.634
412.070	746.297
412.442	759.337
412.814	762.346
413.186	769.368
413.558	777.392
413.929	780.067
414.301	791.435
414.673	822.865
415.044	824.203
415.416	841.924
415.787	857.639
416.159	879.707
416.530	896.760
416.902	898.097
417.273	899.434
417.645	926.852
418.016	948.586
418.387	960.623
418.758	973.997
419.130	998.071
419.501	1028.498
419.872	1063.272
420.243	1081.996
420.614	1104.733
420.985	1142.516
421.356	1159.903
421.727	1190.330
422.098	1207.382
422.469	1235.803
422.840	1261.883
423.211	1294.316
423.581	1335.108
423.952	1382.588
424.323	1431.405
424.693	1478.215
425.064	1523.354
425.435	1569.162
425.805	1617.979
426.176	1654.424
426.546	1703.910
426.917	1747.043
427.287	1797.197
427.657	1827.958
428.028	1896.168
428.398	1948.329
428.768	2006.173
429.138	2050.309
429.509	2093.108
429.879	2142.593
430.249	2205.119
430.619	2245.911
430.989	2303.087
431.359	2343.545
431.729	2402.727
432.099	2471.940
432.469	2537.475
432.839	2603.010
433.208	2682.254
433.578	2738.092
433.948	2819.008
434.318	2893.571
434.687	2970.140
435.057	3044.703
435.426	3126.956
435.796	3192.825
436.165	3258.026
436.535	3331.920
436.904	3418.520
437.274	3497.429
437.643	3567.980
438.012	3646.220
438.382	3734.158
438.751	3834.466
439.120	3932.769
439.489	4030.402
439.858	4110.315
440.227	4207.949
440.597	4289.199
440.966	4366.771
441.335	4464.070
441.703	4505.866
442.072	4577.419
442.441	4639.611
442.810	4698.458
443.179	4770.681
443.548	4821.504
443.916	4855.609
444.285	4929.503
444.654	4955.248
445.022	5003.397
445.391	5029.477
445.759	5039.173
446.128	5041.514
446.496	5012.759
446.865	4968.957
447.233	4937.862
447.601	4905.094
447.970	4865.974
448.338	4788.402
448.706	4721.529
449.074	4691.102
449.443	4646.966
449.811	4550.670
450.179	4448.355
450.547	4350.387
450.915	4278.165
451.283	4176.184
451.651	4063.839
452.018	3964.199
452.386	3893.648
452.754	3804.039
453.122	3720.783
453.490	3627.496
453.857	3560.958
454.225	3474.024
454.593	3372.378
454.960	3283.103
455.328	3206.200
455.695	3123.612
456.063	3040.022
456.430	2962.115
456.798	2907.280
457.165	2846.426
457.532	2778.550
457.899	2716.359
458.267	2652.496
458.634	2614.044
459.001	2556.868
459.368	2500.695
459.735	2461.240
460.102	2423.792
460.469	2384.337
460.836	2352.573
461.203	2306.096
461.570	2264.301
461.937	2221.837
462.304	2196.091
462.671	2165.999
463.037	2134.569
463.404	2112.166
463.771	2091.101
464.137	2065.690
464.504	2036.266
464.870	2000.489
465.237	1965.047
465.603	1935.623
465.970	1913.889
466.336	1878.113
466.703	1864.070
467.069	1843.005
467.435	1811.909
467.801	1780.813
468.168	1760.417
468.534	1723.637
468.900	1707.254
469.266	1686.523
469.632	1668.468
469.998	1666.796
470.364	1672.146
470.730	1655.762
471.096	1644.394
471.462	1632.356
471.827	1612.963
472.193	1590.227
472.559	1575.849
472.925	1544.085
473.290	1526.029
473.656	1516.333
474.022	1505.299
474.387	1497.608
474.753	1503.293
475.118	1490.253
475.483	1498.946
475.849	1495.268
476.214	1486.909
476.580	1487.578
476.945	1485.571
477.310	1481.559
477.675	1490.253
478.040	1490.921
478.406	1500.618
478.771	1501.621
479.136	1508.642
479.501	1519.676
479.866	1517.002
480.231	1510.983
480.595	1505.299
480.960	1511.986
481.325	1513.658
481.690	1512.320
482.055	1506.971
482.419	1512.320
482.784	1522.017
483.148	1541.410
483.513	1548.432
483.878	1575.515
484.242	1590.896
484.607	1615.973
484.971	1625.335
485.335	1650.412
485.700	1659.105
486.064	1676.158
486.428	1692.542
486.792	1712.269
487.157	1729.322
487.521	1774.126
487.885	1791.179
488.249	1813.915
488.613	1848.689
488.977	1868.082
489.341	1910.212
489.705	1956.353
490.069	1982.434
490.432	2028.241
490.796	2073.046
491.160	2107.820
491.524	2160.649
491.887	2196.091
492.251	2234.209
492.615	2273.663
492.978	2314.455
493.342	2357.588
493.705	2415.767
494.069	2456.559
494.432	2502.033
494.795	2557.871
495.159	2621.734
495.522	2684.260
495.885	2750.798
496.248	2799.281
496.612	2858.797
496.975	2925.670
497.338	2996.220
497.701	3067.774
498.064	3144.008
498.427	3223.252
498.790	3299.152
499.153	3386.755
499.515	3474.024
499.878	3543.571
500.241	3611.447
500.604	3669.291
500.966	3733.154
501.329	3820.757
501.692	3904.682
502.054	3994.626
502.417	4084.235
502.779	4179.194
503.142	4286.190
503.504	4380.145
503.866	4455.711
504.229	4554.014
504.591	4617.208
504.953	4685.084
505.315	4776.365
505.678	4851.262
506.040	4948.227
506.402	5028.139
506.764	5105.043
507.126	5210.367
507.488	5312.013
507.850	5382.563
508.212	5462.142
508.573	5527.677
508.935	5619.961
509.297	5681.149
509.659	5731.303
510.020	5798.510
510.382	5880.429
510.744	5964.019
511.105	6027.214
511.467	6097.096
511.828	6193.726
512.190	6276.982
512.551	6380.635
512.913	6466.900
513.274	6539.457
513.635	6614.688
513.996	6705.635
514.358	6775.851
514.719	6856.098
515.080	6899.231
515.441	6998.871
515.802	7083.799
516.163	7207.178
516.524	7257.667
516.885	7318.855
517.246	7366.000
517.607	7453.603
517.967	7491.386
518.328	7552.240
518.689	7596.710
519.050	7676.288
519.410	7744.498
519.771	7821.402
520.131	7851.494
520.492	7905.995
520.852	7928.398
521.213	7926.726
521.573	7972.533
521.934	8004.967
522.294	8047.431
522.654	8080.198
523.015	8127.343
523.375	8194.884
523.735	8263.763
524.095	8300.877
524.455	8333.310
524.815	8371.093
525.175	8438.969
525.535	8441.644
525.895	8456.021
526.255	8489.792
526.615	8513.197
526.974	8569.370
527.334	8605.481
527.694	8594.782
528.054	8627.883
528.413	8672.688
528.773	8725.852
529.132	8729.864
529.492	8745.579
529.851	8741.232
530.211	8804.427
530.570	8839.535
530.930	8862.271
531.289	8871.968
531.648	8918.779
532.007	8940.178
532.367	8983.979
532.726	8960.908
533.085	8971.942
533.444	8979.298
533.803	8988.660
534.162	9006.381
534.521	9012.400
534.880	9051.855
535.239	9107.693
535.597	9135.780
535.956	9159.519
536.315	9194.293
536.674	9214.020
537.032	9251.135
537.391	9250.466
537.749	9259.828
538.108	9269.525
538.466	9300.286
538.825	9305.301
539.183	9298.614
539.542	9325.029
539.900	9325.029
540.258	9351.109
540.617	9370.836
540.975	9380.867
541.333	9368.161
541.691	9411.294
542.049	9380.198
542.407	9409.622
542.765	9384.211
543.123	9377.189
543.481	9346.762
543.839	9368.161
544.197	9357.462
544.555	9358.131
544.912	9374.849
545.270	9425.003
545.628	9416.310
545.985	9413.300
546.343	9378.861
546.700	9342.081
547.058	9337.400
547.415	9298.614
547.773	9256.819
548.130	9287.580
548.488	9325.029
548.845	9346.428
549.202	9374.849
549.559	9393.239
549.916	9417.313
550.274	9405.276
550.631	9388.223
550.988	9364.483
551.345	9366.155
551.702	9362.812
552.059	9354.453
552.416	9336.063
552.772	9346.762
553.129	9321.351
553.486	9300.955
553.843	9281.896
554.199	9250.466
554.556	9223.383
554.913	9203.321
555.269	9177.909
555.626	9187.271
555.982	9163.532
556.339	9123.408
556.695	9109.699
557.051	9109.365
557.408	9087.631
557.764	9070.245
558.120	9037.811
558.476	9020.090
558.832	9048.845
559.188	9036.808
559.545	9015.409
559.901	9017.081
560.257	9023.100
560.612	9011.397
560.968	9021.762
561.324	8979.967
561.680	8959.571
562.036	8951.546
562.391	8918.110
562.747	8876.649
563.103	8853.578
563.458	8805.095
563.814	8773.331
564.169	8769.319
564.525	8748.254
564.880	8723.177
565.236	8706.458
565.591	8694.756
565.946	8669.010
566.302	8630.893
566.657	8578.398
567.012	8556.330
567.367	8553.321
567.722	8503.501
568.077	8452.678
568.432	8441.309
568.787	8428.269
569.142	8394.499
569.497	8359.390
569.852	8295.527
570.207	8312.914
570.561	8286.165
570.916	8271.788
571.271	8277.472
571.625	8294.190
571.980	8272.456
572.335	8247.045
572.689	8179.838
573.044	8146.067
573.398	8085.882
573.752	8068.495
574.107	8025.028
574.461	7987.580
574.815	7949.462
575.169	7957.487
575.524	7947.122
575.878	7926.726
576.232	7870.219
576.586	7850.491
576.940	7833.773
577.294	7818.392
577.648	7785.291
578.002	7760.548
578.355	7763.891
578.709	7750.517
579.063	7700.362
579.417	7654.555
579.770	7631.818
580.124	7590.357
580.477	7557.924
580.831	7499.745
581.185	7437.888
581.538	7429.529
581.891	7401.777
582.245	7357.976
582.598	7335.239
582.951	7299.128
583.305	7276.391
583.658	7269.704
584.011	7235.265
584.364	7188.454
584.717	7160.702
585.070	7096.504
585.423	7067.080
585.776	7044.009
586.129	7003.552
586.482	6969.112
586.835	6947.044
587.187	6913.608
587.540	6901.905
587.893	6885.856
588.245	6843.058
588.598	6818.984
588.950	6793.906
589.303	6770.835
589.655	6768.495
590.008	6733.721
590.360	6700.285
590.713	6685.573
591.065	6668.186
591.417	6623.382
591.769	6608.001
592.121	6575.234
592.474	6563.865
592.826	6521.736
593.178	6486.962
593.530	6439.148
593.882	6395.012
594.234	6371.273
594.585	6328.474
594.937	6285.676
595.289	6263.608
595.641	6251.237
595.992	6218.469
596.344	6229.503
596.696	6170.321
597.047	6145.578
597.399	6123.510
597.750	6102.111
598.102	6053.628
598.453	6027.883
598.804	5998.459
599.156	6001.468
599.507	5986.756
599.858	5973.047
600.209	5947.636
600.561	5912.528
600.912	5905.172
601.263	5858.695
601.614	5822.918
601.965	5796.838
602.316	5760.058
602.666	5709.570
603.017	5703.886
603.368	5687.167
603.719	5671.118
604.070	5625.979
604.420	5596.221
604.771	5551.082
605.121	5514.637
605.472	5468.160
605.822	5406.637
606.173	5347.455
606.523	5309.672
606.874	5244.137
607.224	5220.398
607.574	5198.664
607.924	5160.547
608.275	5125.439
608.625	5118.417
608.975	5108.386
609.325	5088.659
609.675	5050.542
610.025	5029.477
610.375	5000.387
610.725	4987.013
611.074	4937.527
611.424	4894.060
611.774	4835.881
612.124	4800.773
612.473	4744.935
612.823	4704.811
613.173	4647.970
613.522	4626.905
613.872	4587.784
614.221	4574.410
614.570	4536.293
614.920	4515.896
615.269	4498.175
615.618	4459.389
615.968	4403.551
616.317	4364.430
616.666	4334.338
617.015	4307.589
617.364	4261.112
617.713	4200.259
618.062	4165.485
618.411	4139.739
618.760	4111.653
619.109	4082.563
619.457	4055.480
619.806	4061.498
620.155	4062.501
620.503	4050.799
620.852	4023.381
621.201	3998.972
621.549	3981.251
621.898	3941.797
622.246	3879.939
622.594	3842.825
622.943	3798.689
623.291	3770.269
623.639	3720.783
623.988	3679.657
624.336	3663.941
624.684	3644.883
625.032	3597.069
625.380	3569.317
625.728	3555.274
626.076	3535.546
626.424	3508.129
626.772	3479.039
627.120	3456.971
627.467	3437.244
627.815	3406.483
628.163	3364.353
628.510	3335.932
628.858	3304.168
629.206	3271.066
629.553	3251.338
629.901	3235.958
630.248	3232.614
630.595	3214.224
630.943	3198.175
631.290	3185.135
631.637	3164.739
631.984	3126.287
632.332	3088.504
632.679	3052.727
633.026	3034.003
633.373	3014.944
633.720	2991.873
634.067	2970.474
634.414	2944.060
634.760	2928.679
635.107	2908.617
635.454	2866.488
635.801	2840.073
636.147	2817.671
636.494	2797.275
636.841	2768.854
637.187	2763.504
637.534	2743.442
637.880	2722.377
638.226	2702.984
638.573	2670.217
638.919	2650.490
639.265	2640.459
639.612	2610.032
639.958	2591.642
640.304	2589.970
640.650	2567.902
640.996	2552.521
641.342	2540.150
641.688	2520.423
642.034	2503.704
642.380	2485.649
642.726	2449.203
643.071	2433.488
643.417	2424.126
643.763	2398.715
644.108	2379.656
644.454	2363.272
644.800	2334.852
645.145	2325.155
645.491	2306.096
645.836	2268.648
646.181	2246.580
646.527	2234.209
646.872	2217.825
647.217	2219.497
647.562	2226.853
647.908	2211.806
648.253	2217.156
648.598	2211.472
648.943	2189.070
649.288	2163.992
649.633	2145.603
649.978	2113.504
650.322	2085.752
650.667	2059.337
651.012	2035.932
651.357	2029.579
651.701	2027.238
652.046	2015.870
652.390	2012.192
652.735	2005.505
653.079	2006.842
653.424	1993.802
653.768	1990.793
654.113	1968.725
654.457	1950.335
654.801	1929.939
655.145	1920.242
655.490	1898.843
655.834	1879.116
656.178	1859.723
656.522	1862.732
656.866	1850.026
657.210	1852.701
657.554	1844.677
657.897	1839.327
658.241	1846.683
658.585	1837.655
658.929	1809.234
659.272	1790.844
659.616	1772.120
659.959	1747.711
660.303	1731.996
660.646	1715.947
660.990	1698.895
661.333	1690.870
661.677	1676.492
662.020	1655.093
662.363	1656.431
662.706	1639.712
663.050	1620.988
663.393	1615.304
663.736	1603.267
664.079	1607.279
664.422	1599.589
664.765	1585.546
665.108	1574.512
665.450	1567.156
665.793	1550.772
666.136	1545.757
666.479	1528.704
666.821	1514.995
667.164	1507.305
667.507	1494.934
667.849	1477.881
668.192	1472.197
668.534	1461.163
668.876	1456.816
669.219	1461.163
669.561	1448.457
669.903	1451.132
670.246	1442.439
670.588	1430.402
670.930	1412.012
671.272	1390.613
671.614	1370.551
671.956	1365.870
672.298	1350.155
672.640	1344.471
672.982	1335.108
673.323	1336.446
673.665	1331.765
674.007	1312.037
674.349	1302.007
674.690	1309.028
675.032	1310.031
675.373	1304.013
675.715	1291.307
676.056	1293.648
676.398	1295.319
676.739	1283.951
677.080	1264.558
677.421	1258.874
677.763	1245.499
678.104	1245.834
678.445	1236.472
678.786	1237.140
679.127	1241.821
679.468	1243.159
679.809	1230.787
680.150	1233.462
680.491	1212.732
680.831	1193.004
681.172	1191.333
681.513	1187.320
681.853	1180.967
682.194	1166.590
682.535	1148.869
682.875	1158.231
683.216	1163.915
683.556	1137.835
683.896	1127.469
684.237	1113.092
684.577	1121.117
684.917	1119.445
685.257	1111.754
685.598	1113.761
685.938	1123.792
686.278	1111.420
686.618	1105.402
686.958	1093.030
687.298	1095.036
687.637	1090.355
687.977	1085.674
688.317	1079.656
688.657	1090.355
688.996	1091.024
689.336	1086.343
689.676	1075.978
690.015	1073.637
690.355	1066.281
690.694	1050.566
691.034	1038.529
691.373	1031.842
691.712	1036.857
692.051	1042.876
692.391	1034.851
692.730	1027.161
693.069	1028.164
693.408	1025.823
693.747	1028.833
694.086	1014.789
694.425	1010.108
694.764	1004.090
695.103	997.403
695.442	1001.081
695.780	998.071
696.119	995.062
696.458	999.743
696.796	993.056
697.135	989.044
697.473	996.065
697.812	989.044
698.150	976.338
698.489	958.282
698.827	950.258
699.165	951.595
699.503	951.929
699.842	942.567
700.180	950.257
700.518	950.926
700.856	963.966
701.194	955.273
701.532	953.267
701.870	955.942
702.208	949.254
702.545	936.549
702.883	933.874
703.221	913.812
703.559	920.834
703.896	917.490
704.234	900.772
704.571	901.441
704.909	892.413
705.246	893.416
705.584	901.441
705.921	895.756
706.258	878.704
706.596	885.391
706.933	880.041
707.270	886.729
707.607	878.704
707.944	882.048
708.281	880.041
708.618	882.716
708.955	870.011
709.292	870.679
709.629	867.670
709.966	871.348
710.302	868.004
710.639	868.673
710.976	862.320
711.312	876.363
711.649	867.670
711.985	859.980
712.322	852.624
712.658	848.277
712.994	850.283
713.331	850.618
713.667	845.936
714.003	842.927
714.339	850.283
714.676	846.271
715.012	843.262
715.348	831.225
715.684	835.906
716.020	832.896
716.355	850.618
716.691	841.924
717.027	846.271
717.363	848.946
717.698	846.271
718.034	836.240
718.370	829.887
718.705	814.172
719.041	808.154
719.376	813.169
719.712	801.466
720.047	807.485
720.382	813.503
720.718	815.844
721.053	817.516
721.388	827.212
721.723	812.166
722.058	811.832
722.393	805.479
722.728	795.782
723.063	797.788
723.398	798.791
723.733	786.086
724.068	796.785
724.402	800.798
724.737	797.120
725.072	807.819
725.406	800.798
725.741	794.445
726.075	805.813
726.410	799.460
726.744	800.129
727.079	806.147
727.413	790.432
727.747	791.435
728.081	788.092
728.416	777.727
728.750	781.405
729.084	771.039
729.418	773.046
729.752	783.411
730.086	784.748
730.420	789.764
730.753	777.727
731.087	768.699
731.421	780.067
731.755	773.714
732.088	775.720
732.422	775.052
732.755	768.364
733.089	777.058
733.422	790.767
733.756	781.739
734.089	773.714
734.423	768.699
734.756	768.364
735.089	773.380
735.422	782.073
735.755	773.046
736.088	763.683
736.421	769.368
736.754	764.352
737.087	761.008
737.420	754.321
737.753	742.284
738.086	734.928
738.418	739.275
738.751	743.956
739.084	757.665
739.416	755.324
739.749	760.674
740.081	771.039
740.414	776.389
740.746	777.392
741.079	767.696
741.411	765.021
741.743	762.680
742.075	758.334
742.407	746.631
742.740	746.297
743.072	739.609
743.404	735.263
743.736	723.894
744.068	723.560
744.399	720.551
744.731	724.897
745.063	715.535
745.395	722.222
745.726	729.244
746.058	728.575
746.390	724.563
746.721	723.226
747.053	711.857
747.384	708.514
747.715	706.842
748.047	695.808
748.378	697.480
748.709	709.182
749.040	713.863
749.371	723.894
749.703	725.566
750.034	724.897
750.365	728.575
750.696	724.229
751.026	712.192
751.357	703.498
751.688	697.145
752.019	694.136
752.350	698.483
752.680	700.823
753.011	701.492
753.341	699.820
753.672	701.826
754.002	701.492
754.333	708.514
754.663	713.863
754.993	715.535
755.324	715.201
755.654	714.866
755.984	718.544
756.314	722.891
756.644	721.554
756.974	715.201
757.304	730.582
757.634	720.551
757.964	713.863
758.294	710.520
758.623	705.504
758.953	701.826
759.283	705.839
759.612	682.099
759.942	690.124
760.272	694.136
760.601	696.142
760.930	700.155
761.260	699.151
761.589	691.127
761.918	699.151
762.248	701.826
762.577	704.167
762.906	706.507
763.235	702.161
763.564	705.170
763.893	711.857
764.222	713.195
764.551	709.182
764.880	710.185
765.209	709.851
765.537	704.836
765.866	711.188
766.195	702.161
766.523	706.173
766.852	700.823
767.180	704.167
767.509	695.473
767.837	701.826
768.165	685.108
768.494	684.440
768.822	667.053
769.150	672.737
769.478	665.047
769.806	666.718
770.134	665.715
770.462	674.074
770.790	675.746
771.118	687.449
771.446	686.780
771.774	686.111
772.102	683.436
772.429	684.105
772.757	681.096
773.085	680.762
773.412	678.087
773.740	677.752
774.067	685.777
774.395	687.449
774.722	689.455
775.049	701.826
775.376	702.829
775.704	696.811
776.031	695.808
776.358	695.473
776.685	694.805
777.012	691.127
777.339	676.749
777.666	666.718
777.993	674.074
778.320	678.755
778.646	675.077
778.973	681.096
779.300	691.461
779.626	698.148
779.953	700.155
780.279	698.817
780.606	698.148
780.932	693.133
781.259	694.136
781.585	684.105
781.911	681.430
782.237	685.108
782.564	681.765
782.890	681.096
783.216	681.430
783.542	676.415
783.868	676.415
784.194	676.080
784.519	675.412
784.845	679.424
785.171	681.765
785.497	688.118
785.822	678.087
786.148	675.077
786.474	656.687
786.799	658.694
787.125	647.660
787.450	639.635
787.775	633.282
788.101	647.994
788.426	646.322
788.751	661.369
789.076	661.703
789.401	666.384
789.726	670.396
790.051	666.718
790.376	655.350
790.701	654.681
791.026	656.353
791.351	662.706
791.676	673.071
792.000	670.062
792.325	675.746
792.650	686.780
792.974	690.458
793.299	690.458
793.623	677.752
793.948	662.037
794.272	658.025
794.596	660.700
794.921	664.043
795.245	668.390
795.569	670.396
795.893	675.077
796.217	683.771
796.541	684.774
796.865	682.099
797.189	671.734
797.513	662.706
797.837	661.369
798.160	659.028
798.484	657.022
798.808	663.709
799.131	664.378
799.455	661.034
799.778	655.350
800.102	655.350
800.425	654.013
800.749	651.338
801.072	648.663
801.395	645.988
801.718	649.331
802.042	667.721
802.365	663.709
802.688	675.077
803.011	675.746
803.334	667.053
803.657	666.384
803.979	675.412
804.302	674.409
804.625	667.721
804.948	650.000
805.270	651.003
805.593	653.344
805.915	656.687
806.238	642.979
806.560	641.641
806.883	650.000
807.205	670.731
807.527	674.074
807.850	680.427
808.172	679.758
808.494	679.758
808.816	676.415
809.138	674.074
809.460	674.074
809.782	669.393
810.104	676.749
810.426	676.080
810.747	684.105
811.069	682.768
811.391	681.096
811.712	672.402
812.034	677.084
812.355	664.712
812.677	662.372
812.998	664.043
813.320	668.056
813.641	672.068
813.962	665.381
814.284	653.678
814.605	657.356
814.926	652.675
815.247	649.331
815.568	635.288
815.889	634.954
816.210	641.641
816.531	653.009
816.851	655.684
817.172	661.034
817.493	661.034
817.814	671.399
818.134	667.721
818.455	664.378
818.775	664.378
819.096	666.050
819.416	668.724
819.736	658.025
820.057	655.684
820.377	655.684
820.697	666.050
821.017	654.013
821.337	657.356
821.657	659.028
821.977	671.065
822.297	677.084
822.617	685.108
822.937	677.752
823.257	694.470
823.577	685.108
823.896	677.752
824.216	676.080
824.535	669.393
824.855	671.065
825.174	668.724
825.494	663.709
825.813	661.369
826.132	664.043
826.452	655.350
826.771	652.341
827.090	640.638
827.409	629.938
827.728	631.945
828.047	635.957
828.366	628.601
828.685	641.641
829.004	644.985
829.323	650.669
829.642	662.372
829.960	652.341
830.279	651.338
830.597	659.697
830.916	657.691
831.235	660.365
831.553	658.025
831.871	649.666
832.190	651.003
832.508	653.678
832.826	653.678
833.144	648.663
833.463	646.657
833.781	637.629
834.099	650.669
834.417	657.022
834.734	649.331
835.052	644.316
835.370	642.310
835.688	645.653
836.006	658.694
836.323	648.663
836.641	642.644
836.958	641.307
837.276	644.985
837.593	647.325
837.911	639.635
838.228	644.316
838.545	659.362
838.863	667.387
839.180	669.059
839.497	672.068
839.814	679.758
840.131	694.470
840.448	690.458
840.765	680.762
841.082	664.712
841.399	664.043
841.716	663.709
842.032	657.691
842.349	649.666
842.666	643.982
842.982	644.985
843.299	652.006
843.615	655.350
843.932	647.994
844.248	657.022
844.564	651.338
844.880	658.359
845.197	648.663
845.513	659.028
845.829	653.678
846.145	661.703
846.461	656.019
846.777	659.362
847.093	658.025
847.409	666.384
847.724	658.694
848.040	666.384
848.356	659.028
848.671	659.697
848.987	663.709
849.303	665.715
849.618	666.384
849.933	674.743
850.249	669.393
850.564	679.758
850.879	667.053
851.195	662.706
851.510	658.694
851.825	663.375
852.140	663.375
852.455	668.390
852.770	663.709
853.085	674.409
853.399	665.715
853.714	668.390
854.029	660.700
854.344	648.328
854.658	655.684
854.973	646.991
855.287	642.979
855.602	651.003
855.916	646.991
856.231	675.746
856.545	676.080
856.859	667.053
857.173	672.402
857.488	674.409
857.802	674.409
858.116	676.080
858.430	651.672
858.744	667.721
859.058	674.074
859.371	679.090
859.685	682.768
859.999	675.746
860.313	676.415
860.626	674.409
860.940	667.053
861.253	659.028
861.567	657.356
861.880	656.687
862.193	664.378
862.507	659.697
862.820	666.050
863.133	664.712
863.446	677.084
863.759	679.758
864.073	680.093
864.386	684.105
864.698	693.467
865.011	687.783
865.324	692.130
865.637	685.777
865.950	680.093
866.262	677.084
866.575	678.755
866.887	661.034
867.200	661.034
867.512	655.016
867.825	657.691
868.137	664.712
868.449	662.037
868.762	664.043
869.074	684.105
869.386	690.124
869.698	689.121
870.010	681.430
870.322	682.768
870.634	687.114
870.946	681.430
871.258	672.068
871.570	661.369
871.881	667.387
872.193	665.715
872.504	667.387
872.816	667.387
873.128	666.718
873.439	666.050
873.750	666.718
874.062	660.700
874.373	659.028
874.684	650.669
874.995	646.322
875.307	646.322
875.618	648.663
875.929	655.016
876.240	663.709
876.550	665.381
876.861	662.706
877.172	665.381
877.483	663.709
877.794	660.365
878.104	652.006
878.415	648.663
878.725	651.003
879.036	653.678
879.346	653.344
879.657	661.034
879.967	663.709
880.277	659.697
880.587	655.684
880.898	657.022
881.208	658.359
881.518	655.684
881.828	654.013
882.138	661.369
882.448	665.047
882.757	663.709
883.067	665.047
883.377	661.369
883.687	661.703
883.996	639.301
884.306	633.282
884.615	637.294
884.925	636.960
885.234	643.982
885.543	646.322
885.853	647.994
886.162	664.043
886.471	666.718
886.780	675.746
887.089	678.755
887.398	668.390
887.707	659.362
888.016	661.369
888.325	661.034
888.634	660.031
888.943	645.653
889.251	645.319
889.560	650.669
889.869	666.384
890.177	674.074
890.486	680.762
890.794	683.771
891.102	682.433
891.411	687.114
891.719	686.111
892.027	678.087
892.335	673.406
892.644	672.402
892.952	658.694
893.260	663.040
893.568	660.700
893.875	657.356
894.183	664.043
894.491	665.047
894.799	663.040
895.106	669.059
895.414	665.381
895.722	672.068
896.029	679.090
896.337	676.749
896.644	675.746
896.951	673.071
897.259	674.743
897.566	671.734
897.873	659.362
898.180	648.328
898.487	638.632
898.794	631.945
899.101	632.948
899.408	636.960
899.715	648.663
900.022	650.000
900.329	665.047
900.635	671.065
900.942	671.734
901.248	668.056
901.555	652.675
901.861	648.663
902.168	649.666
902.474	645.988
902.781	654.681
903.087	658.025
903.393	654.681
903.699	671.065
904.005	672.068
904.311	676.415
904.617	670.062
904.923	661.369
905.229	662.037
905.535	670.062
905.841	661.369
906.146	662.372
906.452	658.359
906.758	652.341
907.063	661.034
907.369	660.365
907.674	661.034
907.979	669.393
908.285	668.390
908.590	668.056
908.895	675.746
909.200	665.715
909.506	662.372
909.811	656.687
910.116	657.356
910.421	665.381
910.725	667.053
911.030	670.396
911.335	675.412
911.640	682.099
911.944	683.102
912.249	674.743
912.554	665.715
912.858	667.387
913.163	662.037
913.467	664.043
913.771	659.697
914.076	654.347
914.380	648.997
914.684	658.025
914.988	657.356
915.292	659.697
915.596	653.344
915.900	647.325
916.204	656.687
916.508	654.681
916.812	652.341
917.115	649.331
917.419	648.328
917.723	656.353
918.026	663.375
918.330	653.344
918.633	667.721
918.937	658.025
919.240	646.322
919.543	650.669
919.846	652.006
920.150	660.365
920.453	670.731
920.756	663.375
921.059	674.409
921.362	691.795
921.665	697.145
921.967	687.783
922.270	672.737
922.573	673.071
922.876	673.406
923.178	661.034
923.481	652.675
923.783	648.663
924.086	660.031
924.388	661.703
924.691	657.691
924.993	661.034
925.295	669.728
925.597	666.384
925.899	657.691
926.201	641.307
926.503	642.644
926.805	653.009
927.107	657.356
927.409	656.353
927.711	664.043
928.013	669.059
928.314	674.743
928.616	678.087
928.918	665.715
929.219	671.399
929.520	678.421
929.822	674.409
930.123	670.731
930.425	666.718
930.726	666.718
931.027	677.418
931.328	663.709
931.629	652.341
931.930	647.994
932.231	652.006
932.532	658.025
932.833	659.028
933.134	650.669
933.434	652.006
933.735	647.994
934.036	655.350
934.336	647.994
934.637	643.982
934.937	644.316
935.238	650.669
935.538	643.982
935.838	649.666
936.138	646.657
936.439	650.335
936.739	663.375
937.039	657.356
937.339	645.319
937.639	656.353
937.939	662.372
938.238	663.709
938.538	663.375
938.838	652.675
939.138	645.319
939.437	658.359
939.737	655.350
940.036	649.331
940.336	660.365
940.635	661.369
940.934	658.025
941.234	669.728
941.533	670.731
941.832	670.396
942.131	676.415
942.430	662.706
942.729	656.687
943.028	660.700
943.327	659.028
943.626	649.666
943.925	654.347
944.223	655.684
944.522	659.362
944.821	669.728
945.119	674.743
945.418	681.430
945.716	687.114
946.014	675.746
946.313	672.068
946.611	665.715
946.909	658.025
947.207	654.681
947.505	643.647
947.803	642.310
948.101	640.972
948.399	644.985
948.697	650.669
948.995	658.694
949.293	661.034
949.590	666.718
949.888	662.706
950.186	674.074
950.483	662.037
950.781	664.712
951.078	658.359
951.375	664.378
951.673	659.697
951.970	658.694
952.267	663.375
952.564	661.703
952.861	655.016
953.158	653.009
953.455	641.641
953.752	635.288
954.049	638.966
954.346	629.270
954.643	630.273
954.939	633.951
955.236	635.288
955.532	633.282
955.829	640.972
956.125	641.976
956.422	647.994
956.718	655.350
957.014	659.697
957.311	664.378
957.607	673.740
957.903	677.418
958.199	682.099
958.495	684.440
958.791	689.789
959.087	681.430
959.382	670.062
959.678	679.758
959.974	686.111
960.270	679.424
960.565	659.028
960.861	653.344
961.156	656.019
961.452	672.068
961.747	657.691
962.042	648.997
962.338	651.003
962.633	659.362
962.928	659.697
963.223	662.372
963.518	655.684
963.813	651.672
964.108	649.666
964.403	649.331
964.697	650.000
964.992	648.997
965.287	639.301
965.582	643.313
965.876	643.313
966.171	642.979
966.465	635.957
966.759	646.657
967.054	649.331
967.348	661.703
967.642	662.037
967.936	666.384
968.231	665.047
968.525	666.384
968.819	665.715
969.112	650.669
969.406	644.650
969.700	640.638
969.994	638.632
970.288	647.325
970.581	650.000
970.875	647.325
971.168	664.043
971.462	656.687
971.755	657.022
972.049	665.047
972.342	655.684
972.635	651.672
972.928	646.322
973.222	645.988
973.515	662.372
973.808	656.353
974.101	656.687
974.393	663.709
974.686	712.526
974.979	716.873
975.272	712.192
975.564	702.829
975.857	709.851
976.150	706.173
976.442	709.182
976.735	670.731
977.027	674.743
977.319	677.752
977.612	677.084
977.904	674.074
978.196	677.418
978.488	674.409
978.780	671.065
979.072	658.025
979.364	652.341
979.656	668.056
979.948	668.724
980.239	667.721
980.531	659.028
980.823	656.687
981.114	666.718
981.406	664.712
981.697	652.675
981.989	653.009
982.280	648.997
982.571	658.694
982.862	665.381
983.154	660.031
983.445	669.059
983.736	675.746
984.027	674.409
984.318	667.053
984.609	660.031
984.899	645.319
985.190	647.660
985.481	637.629
985.771	634.954
986.062	633.951
986.353	640.304
986.643	637.629
986.933	646.657
987.224	649.331
987.514	654.681
987.804	649.331
988.094	660.031
988.385	664.043
988.675	677.418
988.965	685.443
989.255	682.768
989.544	674.409
989.834	675.746
990.124	676.749
990.414	682.433
990.703	668.056
990.993	665.715
991.283	670.731
991.572	683.102
991.861	681.096
992.151	664.043
992.440	675.077
992.729	688.786
993.019	679.424
993.308	668.724
993.597	665.381
993.886	663.709
994.175	669.393
994.464	637.294
994.752	626.595
995.041	630.942
995.330	643.313
995.619	636.626
995.907	642.979
996.196	641.307
996.484	642.644
996.773	647.325
997.061	654.013
997.349	643.647
997.638	645.653
997.926	644.316
998.214	648.997
998.502	654.013
998.790	648.328
999.078	634.954
999.366	638.298
999.654	642.310
999.941	642.979
1000.229	640.304
1000.517	643.647
1000.804	660.365
1001.092	662.037
1001.379	666.718
1001.667	665.715
1001.954	663.040
1002.242	660.031
1002.529	661.034
1002.816	651.003
1003.103	659.362
1003.390	662.706
1003.677	659.697
1003.964	661.369
1004.251	666.384
1004.538	654.681
1004.825	662.372
1005.111	654.347
1005.398	650.000
1005.685	657.022
1005.971	647.660
1006.258	645.319
1006.544	647.325
1006.831	632.613
1007.117	634.285
1007.403	632.613
1007.689	630.942
1007.975	639.635
1008.261	638.632
1008.547	649.331
1008.833	651.338
1009.119	657.022
1009.405	655.350
1009.691	653.009
1009.977	651.338
1010.262	659.697
1010.548	656.687
1010.833	662.372
1011.119	665.381
1011.404	666.050
1011.690	667.721
1011.975	671.734
1012.260	671.734
1012.545	678.087
1012.831	678.421
1013.116	670.731
1013.401	671.399
1013.686	671.734
1013.970	674.409
1014.255	662.372
1014.540	668.724
1014.825	662.706
1015.109	668.056
1015.394	664.712
1015.679	669.728
1015.963	658.694
1016.247	669.728
1016.532	655.016
1016.816	658.025
1017.100	642.310
1017.384	643.313
1017.669	639.301
1017.953	645.653
1018.237	637.294
1018.521	661.034
1018.804	663.040
1019.088	667.053
1019.372	669.059
1019.656	661.369
1019.939	657.691
1020.223	659.697
1020.506	646.657
1020.790	644.316
1021.073	653.344
1021.357	652.341
1021.640	657.022
1021.923	657.022
1022.206	661.703
1022.489	647.994
1022.772	650.669
1023.055	648.663
1023.338	654.013
1023.621	648.997
1023.904	653.678
1024.187	653.678
1024.469	661.034
1024.752	667.053
1025.035	676.415
1025.317	662.372
