339.628	566.410
340.007	566.410
340.385	566.410
340.764	527.289
341.143	520.936
341.521	513.246
341.900	493.184
342.278	482.819
342.657	470.113
343.035	458.745
343.413	449.048
343.792	436.677
344.170	432.665
344.548	444.702
344.927	445.036
345.305	460.417
345.683	473.791
346.061	472.788
346.439	486.497
346.818	493.184
347.196	502.546
347.574	518.261
347.952	535.983
348.330	551.029
348.708	571.091
349.085	581.790
349.463	595.834
349.841	593.159
350.219	603.524
350.597	605.196
350.974	601.852
351.352	611.883
351.730	616.230
352.107	616.230
352.485	629.270
352.862	635.957
353.240	633.616
353.617	648.328
353.995	647.994
354.372	645.653
354.750	643.313
355.127	644.985
355.504	649.666
355.881	654.681
356.259	652.341
356.636	660.700
357.013	670.396
357.390	675.746
357.767	677.752
358.144	680.427
358.521	677.084
358.898	673.740
359.275	666.384
359.652	659.697
360.029	654.013
360.406	650.000
360.783	648.328
361.159	646.991
361.536	641.307
361.913	643.313
362.290	641.976
362.666	646.991
363.043	650.335
363.419	647.660
363.796	642.979
364.172	633.616
364.549	623.586
364.925	623.920
365.302	623.586
365.678	613.889
366.054	608.539
366.431	618.570
366.807	627.264
367.183	628.601
367.559	629.604
367.935	631.276
368.312	638.298
368.688	636.291
369.064	628.935
369.440	630.273
369.816	636.626
370.192	640.638
370.567	634.285
370.943	634.954
371.319	632.613
371.695	635.288
372.071	632.279
372.446	632.613
372.822	621.914
373.198	620.576
373.573	616.564
373.949	621.579
374.325	624.254
374.700	628.601
375.075	628.601
375.451	639.635
375.826	647.994
376.202	647.994
376.577	657.356
376.952	648.663
377.328	653.344
377.703	655.016
378.078	651.338
378.453	654.347
378.828	658.025
379.203	644.316
379.578	659.697
379.953	655.350
380.328	651.672
380.703	657.356
381.078	646.657
381.453	639.969
381.828	643.647
382.203	633.616
382.578	631.945
382.952	624.254
383.327	623.251
383.702	633.951
384.076	641.641
384.451	639.969
384.825	634.620
385.200	634.954
385.574	653.009
385.949	648.663
386.323	649.666
386.698	644.985
387.072	650.335
387.446	664.712
387.821	670.731
388.195	662.037
388.569	660.365
388.943	652.341
389.317	655.016
389.691	649.331
390.065	642.979
390.439	643.647
390.813	633.951
391.187	635.957
391.561	643.313
391.935	643.313
392.309	645.988
392.683	643.313
393.056	638.632
393.430	645.988
393.804	641.976
394.178	640.638
394.551	626.260
394.925	626.929
395.298	631.945
395.672	644.985
396.045	642.979
396.419	655.016
396.792	653.678
397.165	660.700
397.539	661.034
397.912	663.040
398.285	662.372
398.659	667.053
399.032	661.703
399.405	658.359
399.778	654.681
400.151	663.040
400.524	670.062
400.897	658.694
401.270	658.359
401.643	652.341
402.016	657.022
402.389	665.715
402.762	660.031
403.134	653.009
403.507	655.684
403.880	654.681
404.253	659.028
404.625	659.028
404.998	663.375
405.370	659.028
405.743	658.694
406.115	660.031
406.488	658.025
406.860	664.712
407.233	676.080
407.605	686.446
407.977	687.449
408.350	694.805
408.722	694.136
409.094	700.823
409.466	701.492
409.838	698.148
410.210	699.820
410.582	713.195
410.954	713.195
411.326	710.520
411.698	711.523
412.070	719.548
412.442	719.882
412.814	727.238
413.186	737.269
413.558	752.984
413.929	772.377
414.301	788.426
414.673	808.154
415.044	818.184
415.416	829.887
415.787	843.930
416.159	865.329
416.530	884.388
416.902	903.112
417.273	912.809
417.645	940.561
418.016	955.273
418.387	984.362
418.758	999.409
419.130	1037.192
419.501	1064.944
419.872	1086.009
420.243	1109.080
420.614	1139.172
420.985	1158.900
421.356	1172.608
421.727	1180.633
422.098	1207.048
422.469	1246.502
422.840	1284.285
423.211	1317.053
423.581	1358.179
423.952	1410.340
424.323	1474.872
424.693	1514.661
425.064	1555.119
425.435	1607.948
425.805	1663.118
426.176	1709.929
426.546	1755.402
426.917	1798.535
427.287	1843.673
427.657	1874.435
428.028	1919.239
428.398	1952.676
428.768	1992.130
429.138	2039.944
429.509	2078.061
429.879	2145.937
430.249	2208.128
430.619	2262.964
430.989	2319.137
431.359	2383.668
431.729	2442.182
432.099	2508.386
432.469	2557.871
432.839	2630.762
433.208	2692.619
433.578	2770.860
433.948	2831.714
434.318	2921.992
434.687	2990.870
435.057	3059.749
435.426	3142.671
435.796	3219.240
436.165	3314.199
436.535	3402.136
436.904	3484.723
437.274	3588.376
437.643	3694.368
438.012	3768.263
438.382	3871.246
438.751	3959.852
439.120	4062.836
439.489	4151.442
439.858	4217.645
440.227	4300.233
440.597	4390.511
440.966	4461.395
441.335	4549.667
441.703	4600.156
442.072	4659.004
442.441	4742.928
442.810	4819.832
443.179	4886.704
443.548	4952.239
443.916	4992.028
444.285	5064.585
444.654	5122.095
445.022	5140.485
445.391	5159.878
445.759	5175.928
446.128	5157.538
446.496	5130.789
446.865	5089.328
447.233	5045.192
447.601	5024.461
447.970	4981.663
448.338	4936.524
448.706	4883.361
449.074	4825.182
449.443	4758.978
449.811	4670.037
450.179	4568.391
450.547	4478.114
450.915	4387.501
451.283	4318.288
451.651	4238.376
452.018	4153.448
452.386	4057.486
452.754	3957.177
453.122	3871.915
453.490	3747.866
453.857	3646.555
454.225	3526.184
454.593	3433.566
454.960	3363.684
455.328	3299.487
455.695	3199.512
456.063	3154.373
456.430	3067.774
456.798	3009.260
457.165	2940.382
457.532	2868.494
457.899	2806.971
458.267	2739.096
458.634	2668.879
459.001	2617.722
459.368	2574.924
459.735	2527.444
460.102	2494.008
460.469	2445.860
460.836	2415.098
461.203	2381.662
461.570	2344.214
461.937	2313.118
462.304	2274.666
462.671	2217.156
463.037	2179.039
463.404	2138.247
463.771	2102.470
464.137	2076.390
464.504	2028.576
464.870	2003.499
465.237	1997.480
465.603	1967.387
465.970	1954.347
466.336	1924.589
466.703	1898.843
467.069	1887.141
467.435	1852.367
467.801	1823.612
468.168	1809.903
468.534	1786.497
468.900	1776.467
469.266	1742.027
469.632	1722.969
469.998	1713.941
470.364	1698.895
470.730	1678.164
471.096	1671.477
471.462	1650.746
471.827	1634.363
472.193	1616.976
472.559	1602.933
472.925	1591.899
473.290	1597.917
473.656	1577.187
474.022	1569.162
474.387	1571.503
474.753	1564.147
475.118	1555.788
475.483	1547.094
475.849	1526.029
476.214	1514.327
476.580	1506.636
476.945	1496.605
477.310	1498.946
477.675	1510.649
478.040	1511.652
478.406	1505.968
478.771	1520.679
479.136	1519.676
479.501	1538.735
479.866	1540.072
480.231	1542.079
480.595	1559.131
480.960	1567.490
481.325	1571.168
481.690	1582.871
482.055	1590.896
482.419	1600.592
482.784	1604.270
483.148	1597.248
483.513	1608.951
483.878	1615.638
484.242	1640.716
484.607	1653.087
484.971	1670.139
485.335	1696.220
485.700	1729.990
486.064	1748.380
486.428	1778.138
486.792	1796.194
487.157	1823.277
487.521	1840.330
487.885	1861.060
488.249	1883.128
488.613	1909.877
488.977	1954.347
489.341	1988.118
489.705	2014.198
490.069	2047.634
490.432	2079.733
490.796	2107.485
491.160	2162.655
491.524	2181.045
491.887	2221.503
492.251	2268.648
492.615	2317.130
492.978	2362.604
493.342	2411.755
493.705	2452.213
494.069	2517.413
494.432	2583.283
494.795	2642.799
495.159	2710.340
495.522	2781.560
495.885	2854.116
496.248	2939.044
496.612	2999.898
496.975	3047.712
497.338	3132.640
497.701	3215.896
498.064	3287.115
498.427	3355.994
498.790	3406.817
499.153	3487.064
499.515	3578.010
499.878	3629.168
500.241	3693.031
500.604	3756.894
500.966	3839.816
501.329	3928.422
501.692	4004.991
502.054	4090.922
502.417	4180.866
502.779	4296.555
503.142	4408.566
503.504	4500.181
503.866	4598.484
504.229	4682.743
504.591	4762.321
504.953	4854.271
505.315	4930.506
505.678	5015.768
506.040	5107.383
506.402	5194.652
506.764	5302.651
507.126	5390.588
507.488	5486.884
507.850	5554.760
508.212	5630.660
508.573	5730.635
508.935	5815.897
509.297	5879.426
509.659	5987.425
510.020	6064.997
510.382	6163.634
510.744	6277.986
511.105	6345.527
511.467	6424.771
511.828	6519.729
512.190	6587.271
512.551	6665.511
512.913	6732.049
513.274	6795.913
513.635	6887.862
513.996	6985.162
514.358	7049.694
514.719	7126.597
515.080	7222.224
515.441	7314.843
515.802	7381.381
516.163	7432.538
516.524	7510.445
516.885	7596.710
517.246	7661.576
517.607	7717.749
517.967	7785.291
518.328	7864.200
518.689	7950.465
519.050	7991.592
519.410	8062.477
519.771	8114.303
520.131	8166.463
520.492	8186.191
520.852	8241.026
521.213	8287.837
521.573	8366.412
521.934	8378.783
522.294	8429.607
522.654	8461.705
523.015	8516.875
523.375	8538.943
523.735	8565.692
524.095	8565.023
524.455	8617.852
524.815	8633.233
525.175	8660.317
525.535	8681.381
525.895	8735.882
526.255	8774.334
526.615	8797.739
526.974	8856.253
527.334	8913.429
527.694	8958.233
528.054	9021.762
528.413	9025.774
528.773	9066.901
529.132	9115.718
529.492	9130.764
529.851	9140.461
530.211	9203.990
530.570	9212.349
530.930	9232.076
531.289	9247.457
531.648	9248.794
532.007	9263.172
532.367	9302.292
532.726	9302.961
533.085	9319.010
533.444	9319.010
533.803	9322.354
534.162	9365.152
534.521	9341.412
534.880	9359.802
535.239	9377.858
535.597	9407.282
535.956	9480.841
536.315	9523.640
536.674	9560.420
537.032	9603.887
537.391	9602.884
537.749	9621.274
538.108	9643.007
538.466	9622.611
538.825	9605.559
539.183	9598.537
539.542	9623.948
539.900	9635.651
540.258	9635.317
540.617	9593.856
540.975	9609.905
541.333	9630.970
541.691	9637.992
542.049	9618.599
542.407	9617.930
542.765	9616.927
543.123	9645.348
543.481	9638.995
543.839	9640.667
544.197	9610.240
544.555	9636.320
544.912	9625.620
545.270	9642.004
545.628	9668.419
545.985	9653.372
546.343	9669.756
546.700	9694.499
547.058	9703.861
547.415	9721.582
547.773	9720.245
548.130	9683.799
548.488	9711.551
548.845	9692.158
549.202	9701.855
549.559	9653.372
549.916	9653.372
550.274	9618.933
550.631	9654.710
550.988	9652.369
551.345	9640.332
551.702	9596.865
552.059	9606.562
552.416	9609.571
552.772	9630.970
553.129	9617.261
553.486	9603.552
553.843	9617.930
554.199	9615.589
554.556	9612.580
554.913	9608.902
555.269	9592.853
555.626	9550.389
555.982	9549.051
556.339	9508.594
556.695	9509.597
557.051	9528.655
557.408	9475.826
557.764	9452.755
558.120	9477.163
558.476	9454.427
558.832	9447.740
559.188	9434.699
559.545	9404.273
559.901	9419.988
560.257	9396.248
560.612	9357.127
560.968	9334.725
561.324	9315.332
561.680	9303.629
562.036	9280.893
562.391	9267.184
562.747	9254.813
563.103	9236.757
563.458	9218.367
563.814	9196.299
564.169	9155.173
564.525	9119.730
564.880	9071.582
565.236	9013.403
565.591	8981.304
565.946	8939.843
566.302	8926.803
566.657	8877.986
567.012	8908.079
567.367	8865.281
567.722	8840.538
568.077	8814.792
568.432	8785.368
568.787	8730.533
569.142	8727.189
569.497	8626.880
569.852	8616.515
570.207	8595.450
570.561	8563.017
570.916	8507.847
571.271	8492.801
571.625	8447.328
571.980	8441.644
572.335	8415.898
572.689	8425.260
573.044	8377.112
573.398	8370.759
573.752	8337.657
574.107	8297.199
574.461	8266.772
574.815	8224.977
575.169	8166.463
575.524	8171.813
575.878	8176.829
576.232	8152.755
576.586	8124.334
576.940	8076.520
577.294	8052.112
577.648	8023.356
578.002	7970.527
578.355	7916.026
578.709	7893.290
579.063	7893.624
579.417	7871.222
579.770	7886.602
580.124	7843.470
580.477	7831.767
580.831	7796.659
581.185	7738.814
581.538	7712.734
581.891	7709.390
582.245	7643.855
582.598	7635.162
582.951	7596.041
583.305	7586.011
583.658	7585.008
584.011	7557.590
584.364	7489.714
584.717	7453.938
585.070	7389.740
585.423	7373.356
585.776	7329.555
586.129	7281.407
586.482	7221.556
586.835	7152.677
587.187	7137.296
587.540	7151.674
587.893	7092.826
588.245	7076.777
588.598	7042.003
588.950	7048.022
589.303	7032.307
589.655	6989.508
590.008	6946.041
590.360	6922.970
590.713	6868.135
591.065	6844.061
591.417	6789.560
591.769	6795.244
592.121	6769.498
592.474	6742.415
592.826	6735.393
593.178	6719.344
593.530	6704.966
593.882	6702.291
594.234	6683.567
594.585	6649.462
594.937	6617.363
595.289	6589.945
595.641	6563.865
595.992	6511.036
596.344	6443.829
596.696	6409.390
597.047	6381.303
597.399	6371.941
597.750	6337.836
598.102	6293.032
598.453	6246.890
598.804	6236.859
599.156	6187.708
599.507	6177.677
599.858	6131.535
600.209	6095.758
600.561	6074.693
600.912	6086.062
601.263	6072.353
601.614	6057.641
601.965	6007.152
602.316	5974.050
602.666	5941.617
603.017	5896.478
603.368	5841.977
603.719	5790.820
604.070	5769.421
604.420	5746.015
604.771	5732.306
605.121	5696.864
605.472	5669.781
605.822	5630.660
606.173	5583.181
606.523	5549.076
606.874	5499.925
607.224	5424.693
607.574	5401.622
607.924	5355.814
608.275	5316.694
608.625	5290.948
608.975	5246.144
609.325	5208.026
609.675	5190.305
610.025	5152.188
610.375	5141.823
610.725	5122.764
611.074	5079.966
611.424	5048.536
611.774	5027.471
612.124	4988.350
612.473	4926.159
612.823	4871.992
613.173	4834.544
613.522	4799.770
613.872	4749.281
614.221	4709.492
614.570	4682.075
614.920	4654.322
615.269	4617.877
615.618	4585.444
615.968	4553.679
616.317	4524.924
616.666	4483.798
617.015	4450.361
617.364	4427.625
617.713	4400.207
618.062	4367.774
618.411	4327.985
618.760	4284.852
619.109	4259.106
619.457	4214.636
619.806	4203.602
620.155	4162.141
620.503	4116.334
620.852	4085.572
621.201	4088.916
621.549	4051.802
621.898	4035.084
622.246	3981.586
622.594	3967.877
622.943	3940.125
623.291	3915.382
623.639	3854.528
623.988	3826.776
624.336	3780.300
624.684	3731.148
625.032	3677.316
625.380	3653.911
625.728	3643.880
626.076	3632.177
626.424	3595.397
626.772	3579.013
627.120	3562.964
627.467	3546.580
627.815	3523.175
628.163	3466.668
628.510	3423.869
628.858	3400.130
629.206	3377.393
629.553	3346.297
629.901	3323.226
630.248	3294.137
630.595	3285.778
630.943	3275.078
631.290	3240.639
631.637	3208.206
631.984	3201.184
632.332	3188.813
632.679	3157.717
633.026	3106.225
633.373	3074.126
633.720	3068.777
634.067	3049.384
634.414	3013.273
634.760	2977.496
635.107	2956.765
635.454	2953.756
635.801	2915.639
636.147	2887.887
636.494	2853.782
636.841	2838.401
637.187	2822.352
637.534	2797.609
637.880	2779.219
638.226	2769.188
638.573	2729.733
638.919	2727.393
639.265	2699.641
639.612	2687.938
639.958	2661.858
640.304	2642.130
640.650	2625.078
640.996	2608.360
641.342	2581.611
641.688	2545.165
642.034	2512.398
642.380	2504.373
642.726	2477.959
643.071	2461.240
643.417	2444.522
643.763	2421.451
644.108	2433.823
644.454	2423.123
644.800	2405.402
645.145	2401.724
645.491	2375.978
645.836	2369.291
646.181	2368.957
646.527	2355.248
646.872	2340.201
647.217	2329.167
647.562	2307.099
647.908	2315.124
648.253	2300.412
648.598	2263.632
648.943	2236.215
649.288	2213.478
649.633	2178.704
649.978	2157.640
650.322	2134.569
650.667	2128.550
651.012	2107.485
651.357	2089.095
651.701	2071.708
652.046	2073.715
652.390	2069.702
652.735	2039.944
653.079	2022.892
653.424	2015.870
653.768	1996.477
654.113	1985.109
654.457	1958.694
654.801	1946.657
655.145	1933.617
655.490	1914.893
655.834	1894.496
656.178	1893.493
656.522	1888.144
656.866	1888.812
657.210	1886.137
657.554	1864.738
657.897	1859.388
658.241	1856.714
658.585	1832.639
658.929	1823.946
659.272	1809.568
659.616	1782.485
659.959	1782.151
660.303	1762.423
660.646	1743.699
660.990	1739.018
661.333	1729.990
661.677	1704.244
662.020	1688.529
662.363	1682.845
662.706	1671.143
663.050	1668.133
663.393	1653.087
663.736	1630.350
664.079	1625.335
664.422	1618.648
664.765	1598.586
665.108	1594.908
665.450	1577.855
665.793	1564.481
666.136	1551.106
666.479	1542.079
666.821	1526.364
667.164	1526.698
667.507	1517.002
667.849	1524.692
668.192	1516.333
668.534	1501.621
668.876	1503.293
669.219	1501.286
669.561	1495.937
669.903	1475.541
670.246	1451.801
670.588	1450.798
670.930	1445.114
671.272	1435.751
671.614	1422.377
671.956	1399.975
672.298	1394.625
672.640	1381.250
672.982	1362.526
673.323	1342.464
673.665	1340.793
674.007	1330.762
674.349	1340.124
674.690	1324.743
675.032	1319.393
675.373	1317.722
675.715	1326.081
676.056	1306.353
676.398	1293.982
676.739	1272.583
677.080	1284.285
677.421	1280.607
677.763	1276.261
678.104	1267.902
678.445	1244.162
678.786	1242.490
679.127	1237.140
679.468	1224.435
679.809	1222.763
680.150	1229.116
680.491	1228.113
680.831	1247.506
681.172	1245.165
681.513	1244.496
681.853	1239.815
682.194	1235.134
682.535	1219.419
682.875	1214.069
683.216	1202.367
683.556	1192.670
683.896	1166.590
684.237	1154.553
684.577	1145.525
684.917	1134.825
685.257	1123.123
685.598	1112.089
685.938	1106.739
686.278	1112.758
686.618	1112.423
686.958	1110.751
687.298	1112.758
687.637	1127.804
687.977	1126.132
688.317	1131.482
688.657	1135.494
688.996	1123.123
689.336	1115.098
689.676	1102.392
690.015	1085.340
690.355	1079.321
690.694	1062.603
691.034	1050.566
691.373	1043.210
691.712	1037.192
692.051	1035.854
692.391	1021.811
692.730	1022.480
693.069	1021.142
693.408	1010.108
693.747	1004.090
694.086	1012.449
694.425	1003.755
694.764	994.728
695.103	973.663
695.442	968.313
695.780	974.666
696.119	974.332
696.458	948.586
696.796	949.254
697.135	951.595
697.473	961.626
697.812	957.279
698.150	950.592
698.489	947.583
698.827	946.245
699.165	935.211
699.503	935.546
699.842	934.208
700.180	941.230
700.518	941.564
700.856	937.886
701.194	941.564
701.532	944.573
701.870	940.895
702.208	940.227
702.545	934.542
702.883	923.509
703.221	917.490
703.559	915.149
703.896	912.809
704.234	909.800
704.571	910.803
704.909	903.447
705.246	901.106
705.584	900.438
705.921	892.747
706.258	892.747
706.596	888.400
706.933	863.992
707.270	860.648
707.607	865.664
707.944	862.320
708.281	856.302
708.618	860.983
708.955	862.320
709.292	871.348
709.629	875.026
709.966	875.695
710.302	869.007
710.639	875.360
710.976	861.317
711.312	869.676
711.649	870.011
711.985	865.664
712.322	854.296
712.658	867.001
712.994	876.029
713.331	876.698
713.667	859.645
714.003	859.311
714.339	864.326
714.676	865.664
715.012	852.958
715.348	843.930
715.684	828.215
716.020	821.862
716.355	815.844
716.691	812.166
717.027	809.491
717.363	813.838
717.698	810.160
718.034	822.197
718.370	819.856
718.705	819.187
719.041	815.844
719.376	810.160
719.712	799.460
720.047	798.791
720.382	788.761
720.718	780.736
721.053	784.748
721.388	777.727
721.723	767.696
722.058	770.036
722.393	762.680
722.728	761.343
723.063	776.055
723.398	770.705
723.733	784.414
724.068	795.113
724.402	802.804
724.737	800.129
725.072	809.157
725.406	805.813
725.741	799.794
726.075	784.414
726.410	777.727
726.744	774.049
727.079	768.030
727.413	758.668
727.747	754.321
728.081	750.309
728.416	738.606
728.750	744.959
729.084	739.609
729.418	738.941
729.752	742.953
730.086	750.978
730.420	760.674
730.753	775.386
731.087	771.708
731.421	774.049
731.755	775.720
732.088	773.714
732.422	757.999
732.755	756.327
733.089	752.649
733.422	752.315
733.756	752.315
734.089	747.300
734.423	743.622
734.756	750.978
735.089	734.259
735.422	733.591
735.755	728.241
736.088	707.176
736.421	712.526
736.754	712.192
737.087	712.526
737.420	717.541
737.753	717.541
738.086	715.870
738.418	728.241
738.751	730.916
739.084	724.897
739.416	714.532
739.749	717.207
740.081	706.507
740.414	705.839
740.746	707.511
741.079	713.863
741.411	718.210
741.743	733.591
742.075	742.619
742.407	744.290
742.740	746.631
743.072	749.306
743.404	744.290
743.736	735.597
744.068	719.548
744.399	720.216
744.731	716.204
745.063	720.885
745.395	706.842
745.726	699.820
746.058	707.845
746.390	713.863
746.721	700.155
747.053	707.511
747.384	703.498
747.715	710.854
748.047	705.504
748.378	701.826
748.709	697.814
749.040	702.495
749.371	703.164
749.703	706.842
750.034	705.170
750.365	714.866
750.696	715.535
751.026	716.204
751.357	711.857
751.688	703.833
752.019	694.470
752.350	685.443
752.680	681.096
753.011	675.077
753.341	678.421
753.672	675.077
754.002	678.087
754.333	684.105
754.663	696.811
754.993	696.811
755.324	700.489
755.654	691.795
755.984	699.486
756.314	697.480
756.644	691.795
756.974	692.464
757.304	692.799
757.634	692.799
757.964	689.455
758.294	692.130
758.623	688.452
758.953	690.124
759.283	685.777
759.612	680.093
759.942	674.074
760.272	674.409
760.601	669.393
760.930	670.396
761.260	670.731
761.589	668.056
761.918	671.065
762.248	671.399
762.577	668.724
762.906	669.728
763.235	668.724
763.564	672.737
763.893	674.743
764.222	674.074
764.551	675.077
764.880	682.433
765.209	678.421
765.537	683.771
765.866	678.755
766.195	678.755
766.523	672.737
766.852	677.418
767.180	678.087
767.509	681.765
767.837	675.746
768.165	667.721
768.494	662.706
768.822	669.728
769.150	666.384
769.478	673.740
769.806	674.743
770.134	680.093
770.462	691.461
770.790	692.130
771.118	692.130
771.446	690.458
771.774	681.430
772.102	668.390
772.429	662.706
772.757	660.700
773.085	657.691
773.412	652.341
773.740	653.344
774.067	657.356
774.395	668.724
774.722	679.090
775.049	673.740
775.376	673.740
775.704	675.077
776.031	668.390
776.358	663.709
776.685	658.694
777.012	657.022
777.339	663.375
777.666	670.062
777.993	681.430
778.320	685.443
778.646	685.108
778.973	682.099
779.300	671.399
779.626	660.365
779.953	657.356
780.279	653.344
780.606	658.359
780.932	655.350
781.259	663.709
781.585	660.700
781.911	672.068
782.237	671.399
782.564	663.040
782.890	669.728
783.216	669.059
783.542	662.037
783.868	664.043
784.194	656.019
784.519	656.687
784.845	651.672
785.171	645.319
785.497	640.638
785.822	646.322
786.148	648.328
786.474	649.331
786.799	642.979
787.125	649.666
787.450	647.994
787.775	659.362
788.101	650.000
788.426	652.675
788.751	659.362
789.076	667.387
789.401	668.056
789.726	667.721
790.051	660.031
790.376	668.390
790.701	664.043
791.026	660.365
791.351	655.684
791.676	648.328
792.000	653.344
792.325	649.331
792.650	643.982
792.974	645.988
793.299	640.304
793.623	637.294
793.948	646.991
794.272	642.979
794.596	650.000
794.921	649.331
795.245	648.328
795.569	654.347
795.893	662.706
796.217	649.666
796.541	650.669
796.865	648.663
797.189	649.331
797.513	653.344
797.837	657.356
798.160	654.347
798.484	665.715
798.808	661.034
799.131	665.047
799.455	665.381
799.778	662.372
800.102	651.003
800.425	647.325
800.749	645.653
801.072	644.316
801.395	643.313
801.718	651.003
802.042	639.969
802.365	636.626
802.688	642.979
803.011	636.960
803.334	644.985
803.657	646.322
803.979	635.957
804.302	646.657
804.625	653.678
804.948	657.356
805.270	666.050
805.593	662.372
805.915	657.691
806.238	665.715
806.560	672.402
806.883	675.412
807.205	665.715
807.527	661.369
807.850	664.043
808.172	673.406
808.494	664.378
808.816	660.365
809.138	654.681
809.460	659.362
809.782	656.687
810.104	653.678
810.426	636.626
810.747	629.270
811.069	626.260
811.391	629.604
811.712	622.248
812.034	619.573
812.355	625.257
812.677	638.632
812.998	648.663
813.320	648.997
813.641	640.304
813.962	651.672
814.284	652.341
814.605	648.997
814.926	638.966
815.247	635.623
815.568	631.276
815.889	630.607
816.210	628.935
816.531	628.601
816.851	621.245
817.172	620.242
817.493	626.260
817.814	622.248
818.134	629.270
818.455	624.589
818.775	631.945
819.096	636.626
819.416	644.316
819.736	639.969
820.057	648.663
820.377	644.650
820.697	644.316
821.017	640.638
821.337	644.650
821.657	635.623
821.977	625.926
822.297	620.576
822.617	631.276
822.937	630.273
823.257	628.935
823.577	625.926
823.896	627.932
824.216	635.288
824.535	637.629
824.855	628.267
825.174	634.285
825.494	642.310
825.813	643.647
826.132	648.997
826.452	652.006
826.771	643.313
827.090	642.979
827.409	635.288
827.728	635.623
828.047	638.632
828.366	642.310
828.685	640.638
829.004	654.347
829.323	663.709
829.642	670.062
829.960	661.369
830.279	660.031
830.597	648.328
830.916	649.666
831.235	652.006
831.553	652.341
831.871	647.994
832.190	658.359
832.508	658.694
832.826	671.399
833.144	667.721
833.463	661.703
833.781	660.365
834.099	654.681
834.417	648.997
834.734	640.304
835.052	636.960
835.370	643.982
835.688	643.982
836.006	642.644
836.323	646.991
836.641	656.019
836.958	662.706
837.276	659.362
837.593	660.365
837.911	658.025
838.228	655.016
838.545	653.344
838.863	647.660
839.180	648.328
839.497	653.009
839.814	642.644
840.131	646.322
840.448	651.672
840.765	651.672
841.082	644.650
841.399	632.279
841.716	633.951
842.032	634.620
842.349	630.942
842.666	628.601
842.982	632.613
843.299	639.635
843.615	655.016
843.932	649.331
844.248	657.356
844.564	661.703
844.880	650.669
845.197	647.994
845.513	633.616
845.829	623.920
846.145	619.573
846.461	615.561
846.777	623.920
847.093	629.604
847.409	633.282
847.724	643.647
848.040	648.328
848.356	649.666
848.671	653.009
848.987	651.338
849.303	653.678
849.618	651.338
849.933	652.006
850.249	646.322
850.564	647.325
850.879	638.632
851.195	633.951
851.510	635.288
851.825	631.610
852.140	625.592
852.455	637.294
852.770	642.979
853.085	657.356
853.399	646.657
853.714	641.307
854.029	648.328
854.344	657.022
854.658	650.669
854.973	641.641
855.287	634.285
855.602	643.647
855.916	651.672
856.231	677.752
856.545	663.709
856.859	661.034
857.173	664.043
857.488	665.381
857.802	663.709
858.116	665.381
858.430	643.982
858.744	656.687
859.058	663.709
859.371	660.031
859.685	651.672
859.999	648.997
860.313	639.635
860.626	627.264
860.940	625.257
861.253	619.908
861.567	626.260
861.880	631.610
862.193	628.601
862.507	631.610
862.820	631.610
863.133	633.951
863.446	635.288
863.759	623.251
864.073	622.917
864.386	621.579
864.698	623.251
865.011	626.595
865.324	614.892
865.637	608.205
865.950	619.239
866.262	629.938
866.575	634.285
866.887	629.270
867.200	633.282
867.512	636.960
867.825	643.313
868.137	653.678
868.449	647.325
868.762	649.331
869.074	663.040
869.386	663.040
869.698	667.387
870.010	666.050
870.322	656.019
870.634	656.353
870.946	662.372
871.258	659.028
871.570	647.660
871.881	646.991
872.193	638.966
872.504	641.307
872.816	630.942
873.128	623.251
873.439	615.895
873.750	626.260
874.062	628.267
874.373	636.291
874.684	636.291
874.995	643.313
875.307	644.316
875.618	647.660
875.929	644.985
876.240	632.613
876.550	625.592
876.861	623.920
877.172	619.239
877.483	610.545
877.794	598.508
878.104	601.852
878.415	601.852
878.725	601.183
879.036	606.533
879.346	611.214
879.657	629.938
879.967	645.319
880.277	646.991
880.587	648.997
880.898	651.672
881.208	653.678
881.518	655.684
881.828	645.988
882.138	635.957
882.448	635.623
882.757	641.307
883.067	647.994
883.377	648.328
883.687	645.988
883.996	651.338
884.306	654.681
884.615	649.666
884.925	652.675
885.234	652.675
885.543	641.307
885.853	634.620
886.162	628.935
886.471	627.264
886.780	628.935
887.089	616.898
887.398	614.892
887.707	624.923
888.016	630.607
888.325	624.923
888.634	634.620
888.943	629.604
889.251	640.304
889.560	636.291
889.869	626.260
890.177	636.291
890.486	648.328
890.794	650.000
891.102	656.019
891.411	656.687
891.719	653.009
892.027	657.022
892.335	652.675
892.644	643.982
892.952	631.610
893.260	630.942
893.568	636.291
893.875	636.626
894.183	633.951
894.491	627.932
894.799	631.276
895.106	638.298
895.414	644.985
895.722	641.641
896.029	650.335
896.337	649.331
896.644	646.322
896.951	639.635
897.259	633.951
897.566	634.285
897.873	639.301
898.180	640.638
898.487	641.307
898.794	648.997
899.101	662.037
899.408	665.381
899.715	658.025
900.022	656.019
900.329	647.325
900.635	646.322
900.942	645.319
901.248	650.335
901.555	648.663
901.861	646.322
902.168	642.310
902.474	650.335
902.781	648.997
903.087	651.672
903.393	636.291
903.699	629.938
904.005	628.935
904.311	624.589
904.617	618.236
904.923	624.254
905.229	627.598
905.535	632.613
905.841	643.982
906.146	634.620
906.452	629.938
906.758	629.270
907.063	631.610
907.369	623.251
907.674	623.251
907.979	632.948
908.285	642.644
908.590	654.013
908.895	654.013
909.200	643.982
909.506	646.991
909.811	647.994
910.116	627.598
910.421	641.641
910.725	634.620
911.030	638.966
911.335	648.328
911.640	645.653
911.944	650.335
912.249	653.678
912.554	641.307
912.858	638.298
913.163	630.273
913.467	625.926
913.771	627.598
914.076	619.573
914.380	615.895
914.684	627.932
914.988	628.267
915.292	632.279
915.596	639.635
915.900	641.307
916.204	650.335
916.508	660.365
916.812	657.691
917.115	664.712
917.419	674.743
917.723	676.749
918.026	680.427
918.330	674.743
918.633	679.090
918.937	676.415
919.240	682.099
919.543	681.430
919.846	675.746
920.150	660.365
920.453	662.037
920.756	661.369
921.059	651.003
921.362	645.319
921.665	633.951
921.967	627.598
922.270	626.929
922.573	619.908
922.876	611.549
923.178	616.564
923.481	618.905
923.783	619.573
924.086	621.914
924.388	629.938
924.691	632.279
924.993	637.294
925.295	635.623
925.597	634.620
925.899	641.976
926.201	636.626
926.503	647.325
926.805	642.310
927.107	636.291
927.409	640.304
927.711	636.960
928.013	632.948
928.314	637.963
928.616	632.613
928.918	641.641
929.219	640.972
929.520	643.313
929.822	648.997
930.123	651.672
930.425	656.687
930.726	658.359
931.027	655.684
931.328	667.053
931.629	663.709
931.930	655.684
932.231	656.353
932.532	653.678
932.833	642.979
933.134	647.994
933.434	640.972
933.735	636.291
934.036	634.954
934.336	629.270
934.637	629.270
934.937	636.291
935.238	633.282
935.538	632.613
935.838	641.641
936.138	655.350
936.439	662.037
936.739	671.399
937.039	671.734
937.339	676.080
937.639	681.765
937.939	674.409
938.238	665.381
938.538	661.034
938.838	650.000
939.138	646.657
939.437	634.954
939.737	632.279
940.036	636.960
940.336	632.279
940.635	642.310
940.934	641.976
941.234	643.982
941.533	646.991
941.832	647.994
942.131	634.620
942.430	638.298
942.729	625.592
943.028	636.960
943.327	640.638
943.626	641.641
943.925	629.604
944.223	643.313
944.522	647.660
944.821	653.009
945.119	644.316
945.418	635.288
945.716	637.294
946.014	645.988
946.313	641.641
946.611	640.972
946.909	635.623
947.207	632.613
947.505	632.948
947.803	629.938
948.101	628.935
948.399	630.273
948.697	629.938
948.995	632.948
949.293	637.963
949.590	644.316
949.888	645.653
950.186	635.623
950.483	648.997
950.781	643.982
951.078	649.331
951.375	645.988
951.673	637.963
951.970	632.279
952.267	653.344
952.564	641.307
952.861	648.328
953.158	646.322
953.455	643.647
953.752	641.976
954.049	639.635
954.346	626.595
954.643	622.248
954.939	609.542
955.236	605.196
955.532	620.242
955.829	631.610
956.125	631.945
956.422	631.276
956.718	623.586
957.014	630.607
957.311	629.604
957.607	616.564
957.903	611.214
958.199	626.929
958.495	632.613
958.791	642.644
959.087	644.985
959.382	647.994
959.678	647.660
959.974	645.319
960.270	643.982
960.565	647.660
960.861	644.985
961.156	646.657
961.452	647.994
961.747	653.009
962.042	666.050
962.338	655.016
962.633	651.338
962.928	658.359
963.223	658.025
963.518	655.350
963.813	653.344
964.108	646.991
964.403	657.356
964.697	652.006
964.992	650.669
965.287	655.684
965.582	656.019
965.876	658.359
966.171	658.694
966.465	650.669
966.759	653.678
967.054	651.003
967.348	647.660
967.642	651.003
967.936	648.328
968.231	645.653
968.525	649.331
968.819	642.979
969.112	647.660
969.406	640.638
969.700	650.000
969.994	653.344
970.288	647.994
970.581	647.994
970.875	640.972
971.168	631.276
971.462	639.301
971.755	631.945
972.049	632.279
972.342	638.966
972.635	642.644
972.928	659.362
973.222	659.362
973.515	655.350
973.808	651.672
974.101	633.951
974.393	636.960
974.686	680.762
974.979	679.758
975.272	681.430
975.564	682.768
975.857	678.087
976.150	692.464
976.442	687.114
976.735	639.635
977.027	637.294
977.319	641.976
977.612	634.954
977.904	636.960
978.196	636.626
978.488	641.641
978.780	643.982
979.072	632.613
979.364	633.282
979.656	632.948
979.948	636.291
980.239	638.298
980.531	629.270
980.823	629.604
981.114	640.638
981.406	644.650
981.697	655.684
981.989	663.375
982.280	654.013
982.571	652.341
982.862	641.641
983.154	645.988
983.445	643.982
983.736	647.325
984.027	645.319
984.318	643.647
984.609	650.669
984.899	656.687
985.190	659.362
985.481	654.347
985.771	635.288
986.062	634.620
986.353	645.988
986.643	652.341
986.933	647.325
987.224	642.979
987.514	644.985
987.804	660.031
988.094	647.325
988.385	647.994
988.675	641.307
988.965	647.994
989.255	645.653
989.544	648.328
989.834	641.976
990.124	644.316
990.414	639.635
990.703	630.273
990.993	631.276
991.283	636.626
991.572	637.963
991.861	636.291
992.151	642.310
992.440	658.359
992.729	661.034
993.019	665.047
993.308	659.362
993.597	648.663
993.886	658.359
994.175	656.019
994.464	639.635
994.752	643.982
995.041	636.626
995.330	637.294
995.619	642.979
995.907	633.282
996.196	635.623
996.484	630.607
996.773	625.257
997.061	630.942
997.349	622.917
997.638	622.583
997.926	622.583
998.214	623.251
998.502	636.626
998.790	640.304
999.078	641.641
999.366	656.019
999.654	661.034
999.941	667.387
1000.229	663.375
1000.517	659.362
1000.804	669.393
1001.092	667.053
1001.379	661.369
1001.667	667.721
1001.954	667.053
1002.242	665.715
1002.529	665.381
1002.816	654.681
1003.103	643.313
1003.390	649.331
1003.677	641.641
1003.964	633.282
1004.251	639.969
1004.538	622.917
1004.825	624.254
1005.111	623.920
1005.398	612.217
1005.685	606.533
1005.971	602.186
1006.258	596.837
1006.544	611.214
1006.831	613.555
1007.117	615.895
1007.403	627.598
1007.689	629.270
1007.975	644.316
1008.261	641.641
1008.547	646.657
1008.833	642.310
1009.119	649.331
1009.405	639.635
1009.691	647.994
1009.977	645.653
1010.262	643.313
1010.548	629.270
1010.833	631.945
1011.119	626.260
1011.404	631.276
1011.690	624.923
1011.975	619.239
1012.260	620.242
1012.545	626.595
1012.831	629.270
1013.116	636.291
1013.401	637.963
1013.686	640.638
1013.970	644.650
1014.255	659.028
1014.540	657.022
1014.825	650.335
1015.109	656.353
1015.394	664.043
1015.679	660.365
1015.963	658.694
1016.247	648.328
1016.532	655.016
1016.816	662.372
1017.100	651.003
1017.384	632.613
1017.669	631.276
1017.953	627.598
1018.237	625.926
1018.521	641.641
1018.804	638.966
1019.088	641.976
1019.372	645.319
1019.656	650.335
1019.939	654.013
1020.223	658.025
1020.506	652.675
1020.790	654.681
1021.073	645.653
1021.357	646.322
1021.640	634.954
1021.923	635.288
1022.206	637.629
1022.489	622.248
1022.772	624.923
1023.055	624.254
1023.338	622.917
1023.621	635.288
1023.904	630.607
1024.187	621.579
1024.469	627.598
1024.752	601.518
1025.035	596.837
1025.317	660.031
