339.628	528.961
340.007	528.961
340.385	528.961
340.764	466.435
341.143	458.745
341.521	444.367
341.900	434.002
342.278	437.011
342.657	431.996
343.035	425.978
343.413	425.309
343.792	412.937
344.170	413.940
344.548	416.615
344.927	414.275
345.305	420.962
345.683	429.990
346.061	445.036
346.439	455.401
346.818	459.414
347.196	483.153
347.574	492.516
347.952	515.587
348.330	532.639
348.708	549.692
349.085	557.382
349.463	566.410
349.841	554.707
350.219	574.769
350.597	569.753
350.974	569.753
351.352	574.769
351.730	590.149
352.107	602.521
352.485	616.898
352.862	616.230
353.240	629.604
353.617	628.267
353.995	622.583
354.372	616.898
354.750	616.564
355.127	614.892
355.504	610.545
355.881	608.874
356.259	608.539
356.636	619.573
357.013	630.607
357.390	639.635
357.767	632.279
358.144	639.301
358.521	631.276
358.898	639.969
359.275	634.620
359.652	627.598
360.029	619.573
360.406	617.567
360.783	608.874
361.159	600.515
361.536	589.815
361.913	591.152
362.290	588.143
362.666	587.809
363.043	592.824
363.419	599.512
363.796	609.542
364.172	620.242
364.549	615.561
364.925	617.233
365.302	619.239
365.678	615.895
366.054	603.189
366.431	589.815
366.807	583.128
367.183	584.800
367.559	587.474
367.935	581.456
368.312	579.115
368.688	586.806
369.064	604.193
369.440	598.508
369.816	592.156
370.192	591.821
370.567	600.849
370.943	608.539
371.319	607.202
371.695	596.502
372.071	606.867
372.446	616.898
372.822	609.542
373.198	599.846
373.573	601.518
373.949	602.521
374.325	613.889
374.700	608.205
375.075	606.533
375.451	608.874
375.826	612.552
376.202	608.205
376.577	607.202
376.952	598.843
377.328	612.217
377.703	619.908
378.078	626.260
378.453	626.595
378.828	632.279
379.203	634.620
379.578	647.660
379.953	636.291
380.328	631.276
380.703	628.935
381.078	633.282
381.453	637.294
381.828	639.969
382.203	631.945
382.578	629.938
382.952	625.257
383.327	620.911
383.702	618.570
384.076	607.536
384.451	604.861
384.825	610.211
385.200	618.905
385.574	625.257
385.949	640.304
386.323	640.304
386.698	637.294
387.072	628.935
387.446	618.570
387.821	614.892
388.195	612.886
388.569	605.530
388.943	605.864
389.317	615.227
389.691	625.257
390.065	638.632
390.439	634.620
390.813	630.273
391.187	631.276
391.561	635.623
391.935	639.301
392.309	638.966
392.683	634.620
393.056	641.307
393.430	643.313
393.804	641.307
394.178	639.301
394.551	626.595
394.925	633.282
395.298	632.948
395.672	642.644
396.045	651.672
396.419	657.356
396.792	656.019
397.165	673.406
397.539	679.424
397.912	682.433
398.285	671.065
398.659	670.396
399.032	689.789
399.405	693.467
399.778	698.148
400.151	698.148
400.524	707.845
400.897	715.535
401.270	717.207
401.643	701.826
402.016	708.514
402.389	708.179
402.762	705.839
403.134	700.489
403.507	700.823
403.880	711.523
404.253	725.566
404.625	721.219
404.998	726.569
405.370	727.572
405.743	738.941
406.115	753.987
406.488	761.677
406.860	762.680
407.233	779.733
407.605	779.733
407.977	792.439
408.350	801.466
408.722	796.117
409.094	796.451
409.466	800.798
409.838	819.856
410.210	836.240
410.582	846.605
410.954	855.299
411.326	874.692
411.698	886.060
412.070	899.434
412.442	901.106
412.814	913.812
413.186	935.880
413.558	956.610
413.929	973.663
414.301	990.047
414.673	1015.458
415.044	1040.201
415.416	1060.931
415.787	1086.009
416.159	1100.721
416.530	1125.798
416.902	1154.218
417.273	1177.289
417.645	1201.364
418.016	1218.416
418.387	1237.809
418.758	1283.282
419.130	1321.400
419.501	1363.529
419.872	1392.953
420.243	1432.742
420.614	1475.541
420.985	1518.005
421.356	1543.416
421.727	1576.852
422.098	1611.960
422.469	1655.093
422.840	1695.217
423.211	1741.693
423.581	1767.773
423.952	1824.280
424.323	1863.066
424.693	1898.509
425.064	1946.991
425.435	1990.793
425.805	2030.582
426.176	2096.451
426.546	2130.222
426.917	2181.379
427.287	2232.202
427.657	2289.044
428.028	2346.220
428.398	2412.758
428.768	2479.296
429.138	2554.862
429.509	2613.041
429.879	2699.306
430.249	2778.216
430.619	2866.822
430.989	2937.707
431.359	3005.917
431.729	3073.123
432.099	3162.064
432.469	3233.952
432.839	3322.558
433.208	3396.117
433.578	3489.070
433.948	3595.063
434.318	3686.009
434.687	3778.628
435.057	3874.590
435.426	3962.193
435.796	4057.486
436.165	4159.801
436.535	4246.735
436.904	4339.019
437.274	4456.046
437.643	4563.042
438.012	4651.313
438.382	4739.250
438.751	4838.222
439.120	4936.524
439.489	5055.557
439.858	5156.869
440.227	5265.202
440.597	5384.570
440.966	5505.274
441.335	5627.317
441.703	5732.641
442.072	5830.943
442.441	5931.921
442.810	5991.771
443.179	6059.981
443.548	6128.860
443.916	6166.309
444.285	6202.754
444.654	6229.837
445.022	6230.506
445.391	6245.887
445.759	6264.277
446.128	6266.952
446.496	6254.915
446.865	6254.580
447.233	6240.871
447.601	6227.831
447.970	6197.739
448.338	6166.643
448.706	6110.804
449.074	6075.696
449.443	6001.802
449.811	5919.549
450.179	5830.943
450.547	5763.402
450.915	5624.976
451.283	5519.318
451.651	5413.325
452.018	5316.025
452.386	5248.484
452.754	5150.182
453.122	5050.876
453.490	4987.347
453.857	4889.045
454.225	4797.429
454.593	4722.198
454.960	4617.543
455.328	4550.336
455.695	4487.476
456.063	4422.944
456.430	4374.461
456.798	4306.251
457.165	4250.747
457.532	4212.630
457.899	4164.482
458.267	4105.300
458.634	4064.507
459.001	4040.433
459.368	4027.728
459.735	3984.261
460.102	3944.137
460.469	3917.388
460.836	3902.676
461.203	3886.961
461.570	3864.224
461.937	3850.850
462.304	3861.550
462.671	3862.887
463.037	3855.531
463.404	3859.209
463.771	3846.169
464.137	3828.113
464.504	3824.101
464.870	3799.358
465.237	3795.011
465.603	3794.677
465.970	3777.959
466.336	3797.352
466.703	3831.123
467.069	3809.055
467.435	3831.123
467.801	3835.804
468.168	3829.451
468.534	3829.785
468.900	3814.070
469.266	3809.723
469.632	3838.479
469.998	3840.485
470.364	3833.798
470.730	3877.265
471.096	3919.060
471.462	3913.376
471.827	3917.388
472.193	3934.775
472.559	3946.143
472.925	3990.279
473.290	3994.291
473.656	3995.294
474.022	4030.068
474.387	4069.523
474.753	4088.916
475.118	4114.996
475.483	4139.405
475.849	4166.154
476.214	4166.488
476.580	4208.618
476.945	4215.974
477.310	4247.404
477.675	4294.214
478.040	4324.307
478.406	4365.099
478.771	4439.328
479.136	4489.482
479.501	4559.029
479.866	4630.583
480.231	4698.793
480.595	4786.061
480.960	4879.014
481.325	4991.360
481.690	5100.362
482.055	5221.401
482.419	5305.326
482.784	5429.040
483.148	5537.373
483.513	5640.357
483.878	5735.650
484.242	5855.686
484.607	5974.385
484.971	6117.826
485.335	6254.915
485.700	6394.009
486.064	6528.757
486.428	6683.901
486.792	6821.993
487.157	6966.103
487.521	7108.541
487.885	7216.875
488.249	7326.211
488.613	7479.015
488.977	7625.131
489.341	7743.161
489.705	7865.203
490.069	7996.942
490.432	8178.501
490.796	8333.979
491.160	8492.132
491.524	8624.874
491.887	8775.003
492.251	8921.119
492.615	9091.309
492.978	9208.671
493.342	9379.195
493.705	9504.247
494.069	9625.955
494.432	9778.089
494.795	9904.813
495.159	10046.917
495.522	10190.358
495.885	10355.867
496.248	10540.101
496.612	10755.096
496.975	10954.376
497.338	11200.132
497.701	11426.161
498.064	11646.506
498.427	11849.798
498.790	12071.814
499.153	12287.812
499.515	12464.356
499.878	12645.914
500.241	12838.841
500.604	13029.428
500.966	13191.259
501.329	13350.081
501.692	13507.232
502.054	13759.675
502.417	13964.639
502.779	14202.371
503.142	14406.332
503.504	14643.060
503.866	14823.616
504.229	15030.920
504.591	15218.498
504.953	15386.347
505.315	15503.709
505.678	15685.602
506.040	15839.408
506.402	16064.768
506.764	16241.980
507.126	16361.013
507.488	16583.364
507.850	16737.505
508.212	16967.212
508.573	17168.498
508.935	17353.066
509.297	17578.761
509.659	17851.600
510.020	18053.555
510.382	18357.156
510.744	18578.838
511.105	18852.346
511.467	19134.548
511.828	19456.873
512.190	19700.958
512.551	20010.577
512.913	20345.608
513.274	20659.909
513.635	20983.237
513.996	21317.599
514.358	21618.860
514.719	21931.488
515.080	22225.058
515.441	22457.775
515.802	22777.090
516.163	23134.189
516.524	23462.199
516.885	23798.567
517.246	24154.329
517.607	24518.783
517.967	24830.743
518.328	25091.546
518.689	25360.373
519.050	25567.343
519.410	25844.864
519.771	26110.682
520.131	26336.377
520.492	26671.408
520.852	26963.975
521.213	27145.868
521.573	27435.091
521.934	27579.535
522.294	27780.153
522.654	28015.878
523.015	28179.716
523.375	28372.308
523.735	28612.046
524.095	28815.673
524.455	29109.577
524.815	29352.324
525.175	29553.610
525.535	29756.568
525.895	29997.978
526.255	30193.914
526.615	30321.640
526.974	30464.078
527.334	30646.640
527.694	30772.026
528.054	30994.043
528.413	31138.153
528.773	31353.482
529.132	31539.053
529.492	31721.949
529.851	31891.805
530.211	32169.660
530.570	32292.371
530.930	32455.874
531.289	32609.347
531.648	32879.511
532.007	33066.754
532.367	33258.678
532.726	33404.460
533.085	33561.276
533.444	33679.640
533.803	33756.878
534.162	33774.599
534.521	33824.753
534.880	33845.818
535.239	33956.158
535.597	34019.687
535.956	34148.750
536.315	34344.687
536.674	34462.717
537.032	34647.619
537.391	34775.011
537.749	34751.271
538.108	34833.190
538.466	34819.147
538.825	34760.968
539.183	34884.347
539.542	34850.577
539.900	34858.936
540.258	34901.065
540.617	34846.564
540.975	34940.520
541.333	34948.879
541.691	34881.338
542.049	34877.326
542.407	34882.341
542.765	35013.411
543.123	35156.518
543.481	35261.508
543.839	35474.497
544.197	35658.730
544.555	35855.335
544.912	36111.122
545.270	36286.663
545.628	36617.681
545.985	36875.140
546.343	37110.197
546.700	37420.485
547.058	37803.330
547.415	38204.230
547.773	38562.666
548.130	38864.261
548.488	39188.258
548.845	39447.055
549.202	39748.315
549.559	40016.139
549.916	40263.233
550.274	40408.012
550.631	40541.757
550.988	40688.207
551.345	40998.495
551.702	41200.116
552.059	41392.708
552.416	41655.183
552.772	41980.517
553.129	42316.886
553.486	42602.765
553.843	42839.160
554.199	43044.124
554.556	43204.952
554.913	43363.105
555.269	43549.011
555.626	43690.111
555.982	43864.983
556.339	44035.508
556.695	44213.388
557.051	44387.925
557.408	44508.296
557.764	44589.880
558.120	44637.025
558.476	44722.288
558.832	44712.591
559.188	44710.585
559.545	44735.997
559.901	44635.688
560.257	44730.312
560.612	44817.915
560.968	44826.609
561.324	44868.070
561.680	44914.880
562.036	45005.493
562.391	45199.423
562.747	45216.475
563.103	45300.066
563.458	45346.208
563.814	45493.661
564.169	45701.300
564.525	45792.581
564.880	45870.822
565.236	46017.607
565.591	46194.485
565.946	46358.322
566.302	46462.978
566.657	46409.145
567.012	46502.432
567.367	46441.244
567.722	46420.179
568.077	46442.247
568.432	46471.671
568.787	46376.043
569.142	46495.411
569.497	46478.693
569.852	46492.067
570.207	46496.079
570.561	46405.802
570.916	46280.750
571.271	46253.332
571.625	46127.278
571.980	46023.291
572.335	46065.421
572.689	45970.128
573.044	45969.459
573.398	46102.869
573.752	46167.067
574.107	46164.726
574.461	46061.743
574.815	45968.121
575.169	46013.929
575.524	45970.462
575.878	45775.194
576.232	45666.861
576.586	45599.654
576.940	45599.989
577.294	45595.642
577.648	45562.874
578.002	45540.806
578.355	45503.024
578.709	45468.584
579.063	45469.253
579.417	45550.169
579.770	45706.316
580.124	45773.523
580.477	45805.287
580.831	45951.738
581.185	46154.361
581.538	46354.644
581.891	46526.841
582.245	46506.445
582.598	46565.627
582.951	46678.307
583.305	46876.918
583.658	46928.410
584.011	47013.672
584.364	47174.500
584.717	47440.318
585.070	47779.696
585.423	48085.638
585.776	48385.226
586.129	48763.390
586.482	49129.851
586.835	49510.355
587.187	49893.869
587.540	50294.435
587.893	50711.719
588.245	51153.745
588.598	51592.429
588.950	51966.246
589.303	52158.838
589.655	52422.650
590.008	52592.506
590.360	52774.734
590.713	52857.321
591.065	52920.850
591.417	53057.270
591.769	53318.072
592.121	53533.402
592.474	53561.154
592.826	53672.831
593.178	53816.941
593.530	54033.273
593.882	54171.030
594.234	54140.603
594.585	54145.619
594.937	54260.639
595.289	54379.004
595.641	54431.833
595.992	54435.511
596.344	54405.084
596.696	54520.773
597.047	54623.757
597.399	54792.610
597.750	54909.971
598.102	55040.372
598.453	55139.678
598.804	55316.221
599.156	55448.629
599.507	55451.972
599.858	55491.093
600.209	55556.293
600.561	55574.683
600.912	55567.661
601.263	55587.389
601.614	55688.032
601.965	55870.259
602.316	55947.497
602.666	55936.463
603.017	55940.475
603.368	56009.688
603.719	56056.165
604.070	56150.121
604.420	56275.841
604.771	56379.493
605.121	56454.056
605.472	56625.249
605.822	56709.174
606.173	56795.105
606.523	56768.356
606.874	56757.657
607.224	56758.994
607.574	56758.325
607.924	56895.748
608.275	56943.562
608.625	56900.095
608.975	56849.606
609.325	56693.794
609.675	56542.996
610.025	56397.214
610.375	56094.616
610.725	55855.213
611.074	55660.280
611.424	55616.813
611.774	55472.034
612.124	55328.927
612.473	55151.380
612.823	54944.410
613.173	54762.183
613.522	54618.741
613.872	54382.013
614.221	54225.866
614.570	54146.956
614.920	54016.221
615.269	53850.711
615.618	53731.678
615.968	53576.869
616.317	53321.082
616.666	53039.549
617.015	52664.394
617.364	52409.276
617.713	52180.572
618.062	51873.293
618.411	51512.851
618.760	51283.812
619.109	51040.397
619.457	50832.423
619.806	50702.022
620.155	50509.429
620.503	50379.028
620.852	50405.108
621.201	50319.846
621.549	50256.317
621.898	50087.799
622.246	49853.411
622.594	49729.362
622.943	49586.924
623.291	49341.168
623.639	49091.734
623.988	48907.166
624.336	48915.859
624.684	48656.060
625.032	48370.514
625.380	48180.262
625.728	48143.817
626.076	48034.814
626.424	47967.273
626.772	47767.659
627.120	47777.021
627.467	47844.897
627.815	47954.568
628.163	47871.980
628.510	47959.249
628.858	48013.750
629.206	48102.021
629.553	48326.378
629.901	48495.566
630.248	48577.150
630.595	48636.667
630.943	48648.704
631.290	48670.437
631.637	48774.089
631.984	48841.296
632.332	48755.699
632.679	48768.405
633.026	48815.550
633.373	48797.160
633.720	48905.828
634.067	48914.856
634.414	48857.346
634.760	48976.713
635.107	48935.252
635.454	48957.654
635.801	49028.539
636.147	48892.454
636.494	48704.876
636.841	48356.137
637.187	47950.221
637.534	47704.465
637.880	47541.965
638.226	47410.226
638.573	47298.549
638.919	47210.277
639.265	47277.818
639.612	47415.241
639.958	47311.923
640.304	47012.669
640.650	46851.506
640.996	46631.830
641.342	46522.828
641.688	46326.558
642.034	46262.695
642.380	46298.471
642.726	46339.932
643.071	46210.200
643.417	46183.116
643.763	46155.364
644.108	46202.844
644.454	45999.217
644.800	45785.225
645.145	45718.687
645.491	45587.617
645.836	45461.563
646.181	45301.069
646.527	45114.829
646.872	45097.108
647.217	45019.201
647.562	44891.809
647.908	44720.616
648.253	44537.720
648.598	44281.933
648.943	44020.796
649.288	43797.776
649.633	43767.349
649.978	43640.960
650.322	43598.496
650.667	43482.472
651.012	43380.492
651.357	43392.529
651.701	43197.596
652.046	42945.152
652.390	42732.164
652.735	42552.611
653.079	42406.829
653.424	42284.453
653.768	42065.780
654.113	41942.734
654.457	41742.786
654.801	41486.999
655.145	41117.863
655.490	40830.311
655.834	40473.547
656.178	40197.029
656.522	40020.151
656.866	39820.872
657.210	39776.401
657.554	39774.395
657.897	39686.124
658.241	39676.761
658.585	39514.930
658.929	39108.346
659.272	38856.571
659.616	38455.336
659.959	38161.432
660.303	37903.638
660.646	37663.566
660.990	37429.513
661.333	37352.944
661.677	37130.927
662.020	37022.260
662.363	36867.784
662.706	36635.402
663.050	36375.269
663.393	36122.825
663.736	35841.626
664.079	35622.954
664.422	35395.587
664.765	35123.416
665.108	34893.041
665.450	34646.281
665.793	34431.621
666.136	34136.045
666.479	33811.379
666.821	33535.196
667.164	33304.820
667.507	33112.896
667.849	32929.666
668.192	32718.014
668.534	32515.391
668.876	32227.171
669.219	31942.963
669.561	31642.705
669.903	31362.510
670.246	31060.915
670.588	30825.524
670.930	30627.916
671.272	30512.895
671.614	30361.429
671.956	30253.430
672.298	30080.565
672.640	30015.364
672.982	29948.826
673.323	29794.351
673.665	29734.834
674.007	29558.291
674.349	29341.624
674.690	29189.155
675.032	29008.934
675.373	28795.277
675.715	28716.367
676.056	28529.793
676.398	28438.846
676.739	28383.342
677.080	28308.111
677.421	28193.424
677.763	28049.649
678.104	27959.705
678.445	27942.318
678.786	27928.275
679.127	27831.645
679.468	27780.821
679.809	27845.688
680.150	27926.938
680.491	27896.511
680.831	27903.867
681.172	27888.486
681.513	27947.668
681.853	27901.861
682.194	27783.162
682.535	27719.968
682.875	27679.844
683.216	27540.081
683.556	27391.624
683.896	27298.337
684.237	27272.591
684.577	27212.740
684.917	27179.973
685.257	27106.413
685.598	27044.221
685.938	27015.466
686.278	26913.151
686.618	26721.228
686.958	26489.514
687.298	26210.322
687.637	26009.705
687.977	25831.490
688.317	25695.739
688.657	25547.950
688.996	25519.530
689.336	25496.124
689.676	25421.896
690.015	25395.147
690.355	25300.857
690.694	25170.455
691.034	25071.484
691.373	24832.081
691.712	24612.405
692.051	24498.722
692.391	24353.274
692.730	24221.535
693.069	23994.838
693.408	23704.946
693.747	23547.461
694.086	23475.239
694.425	23348.516
694.764	23230.486
695.103	23105.100
695.442	22977.373
695.780	22837.276
696.119	22691.494
696.458	22457.440
696.796	22234.755
697.135	21947.203
697.473	21650.624
697.812	21401.524
698.150	21217.291
698.489	20965.516
698.827	20778.607
699.165	20587.687
699.503	20388.407
699.842	20252.990
700.180	20014.590
700.518	19753.453
700.856	19590.284
701.194	19337.840
701.532	19121.842
701.870	18912.866
702.208	18735.988
702.545	18687.172
702.883	18563.123
703.221	18374.877
703.559	18164.229
703.896	17916.132
704.234	17652.989
704.571	17404.892
704.909	17123.359
705.246	16995.967
705.584	16850.520
705.921	16767.932
706.258	16682.670
706.596	16581.692
706.933	16452.629
707.270	16347.973
707.607	16208.544
707.944	16137.994
708.281	16099.542
708.618	16122.947
708.955	16108.570
709.292	16019.630
709.629	15896.584
709.966	15789.923
710.302	15660.524
710.639	15510.730
710.976	15313.122
711.312	15203.786
711.649	15148.282
711.985	15122.536
712.322	15017.212
712.658	14894.501
712.994	14750.390
713.331	14632.361
713.667	14486.244
714.003	14296.995
714.339	14129.480
714.676	13987.376
715.012	13862.993
715.348	13768.369
715.684	13661.707
716.020	13568.086
716.355	13548.358
716.691	13461.090
717.027	13371.481
717.363	13280.200
717.698	13250.107
718.034	13152.808
718.370	13052.165
718.705	12912.736
719.041	12860.909
719.376	12800.724
719.712	12756.254
720.047	12598.769
720.382	12508.492
720.718	12470.040
721.053	12428.245
721.388	12341.979
721.723	12310.549
722.058	12215.256
722.393	12152.061
722.728	12066.130
723.063	11970.503
723.398	11850.467
723.733	11736.449
724.068	11596.351
724.402	11437.195
724.737	11331.871
725.072	11257.977
725.406	11149.643
725.741	11058.363
726.075	10956.382
726.410	10827.653
726.744	10776.161
727.079	10709.288
727.413	10624.695
727.747	10536.423
728.081	10433.105
728.416	10328.784
728.750	10252.884
729.084	10161.937
729.418	10034.211
729.752	9933.902
730.086	9848.306
730.420	9737.297
730.753	9678.784
731.087	9609.571
731.421	9514.278
731.755	9391.901
732.088	9246.454
732.422	9135.111
732.755	9102.009
733.089	9047.174
733.422	8996.351
733.756	8898.048
734.089	8863.943
734.423	8855.918
734.756	8801.752
735.089	8747.919
735.422	8673.022
735.755	8618.856
736.088	8645.270
736.421	8598.794
736.754	8538.609
737.087	8509.185
737.420	8447.996
737.753	8439.637
738.086	8399.514
738.418	8336.319
738.751	8370.759
739.084	8364.072
739.416	8379.118
739.749	8355.044
740.081	8325.620
740.414	8315.923
740.746	8259.416
741.079	8147.070
741.411	8060.471
741.743	7952.137
742.075	7920.038
742.407	7866.541
742.740	7807.024
743.072	7779.606
743.404	7778.603
743.736	7797.996
744.068	7790.640
744.399	7738.814
744.731	7697.688
745.063	7644.858
745.395	7607.744
745.726	7566.283
746.058	7515.126
746.390	7509.442
746.721	7519.473
747.053	7504.426
747.384	7483.696
747.715	7502.754
748.047	7524.154
748.378	7494.061
748.709	7428.192
749.040	7374.694
749.371	7342.261
749.703	7323.536
750.034	7243.289
750.365	7164.714
750.696	7170.064
751.026	7200.157
751.357	7200.491
751.688	7199.822
752.019	7177.420
752.350	7213.865
752.680	7224.565
753.011	7191.798
753.341	7140.974
753.672	7107.538
754.002	7067.080
754.333	7034.313
754.663	6949.385
754.993	6905.583
755.324	6881.509
755.654	6854.760
755.984	6838.377
756.314	6802.934
756.644	6795.244
756.974	6804.606
757.304	6820.655
757.634	6799.591
757.964	6779.529
758.294	6741.746
758.623	6688.917
758.953	6646.118
759.283	6603.989
759.612	6551.159
759.942	6522.070
760.272	6498.999
760.601	6486.293
760.930	6488.299
761.260	6493.315
761.589	6500.671
761.918	6486.293
762.248	6484.287
762.577	6426.108
762.906	6380.300
763.235	6338.839
763.564	6300.053
763.893	6263.608
764.222	6208.104
764.551	6127.857
764.880	6114.482
765.209	6096.761
765.537	6081.715
765.866	6046.272
766.195	5991.771
766.523	5975.388
766.852	5965.022
767.180	5912.528
767.509	5861.370
767.837	5826.262
768.165	5807.872
768.494	5785.136
768.822	5781.792
769.150	5750.028
769.478	5746.015
769.806	5734.312
770.134	5737.990
770.462	5701.879
770.790	5647.713
771.118	5570.141
771.446	5544.729
771.774	5518.983
772.102	5456.123
772.429	5378.885
772.757	5308.669
773.085	5284.595
773.412	5251.159
773.740	5176.596
774.067	5094.678
774.395	5069.266
774.722	5038.839
775.049	5005.068
775.376	4953.911
775.704	4869.317
776.031	4838.890
776.358	4829.528
776.685	4813.145
777.012	4779.708
777.339	4758.643
777.666	4725.542
777.993	4723.201
778.320	4694.446
778.646	4635.933
778.973	4555.351
779.300	4486.138
779.626	4436.318
779.953	4397.867
780.279	4345.372
780.606	4267.131
780.932	4203.602
781.259	4149.435
781.585	4094.266
781.911	4037.758
782.237	3995.629
782.564	3936.781
782.890	3899.667
783.216	3853.525
783.542	3811.061
783.868	3773.278
784.194	3717.439
784.519	3668.623
784.845	3629.502
785.171	3593.391
785.497	3585.701
785.822	3551.261
786.148	3514.482
786.474	3480.042
786.799	3421.529
787.125	3371.375
787.450	3318.545
787.775	3250.001
788.101	3217.902
788.426	3158.386
788.751	3107.228
789.076	3086.164
789.401	3076.467
789.726	3058.077
790.051	3037.681
790.376	2997.223
790.701	3008.926
791.026	3007.923
791.351	2975.155
791.676	2942.722
792.000	2902.933
792.325	2877.856
792.650	2830.711
792.974	2769.857
793.299	2735.418
793.623	2691.616
793.948	2633.437
794.272	2607.691
794.596	2561.884
794.921	2548.509
795.245	2532.125
795.569	2490.999
795.893	2460.237
796.217	2436.832
796.541	2394.368
796.865	2388.015
797.189	2343.545
797.513	2311.446
797.837	2265.639
798.160	2237.218
798.484	2217.825
798.808	2202.444
799.131	2160.314
799.455	2148.277
799.778	2111.498
800.102	2092.773
800.425	2063.349
800.749	2033.591
801.072	1994.805
801.395	1968.391
801.718	1939.970
802.042	1923.252
802.365	1903.524
802.688	1887.141
803.011	1870.422
803.334	1856.045
803.657	1821.940
803.979	1800.875
804.302	1782.151
804.625	1760.417
804.948	1744.702
805.270	1726.312
805.593	1726.312
805.915	1726.981
806.238	1718.288
806.560	1700.901
806.883	1700.566
807.205	1686.189
807.527	1687.192
807.850	1673.149
808.172	1659.440
808.494	1642.387
808.816	1634.028
809.138	1623.997
809.460	1625.335
809.782	1601.595
810.104	1585.546
810.426	1586.549
810.747	1595.242
811.069	1596.245
811.391	1595.911
811.712	1589.558
812.034	1604.604
812.355	1615.304
812.677	1612.629
812.998	1623.997
813.320	1637.038
813.641	1628.344
813.962	1646.734
814.284	1650.078
814.605	1659.774
814.926	1670.808
815.247	1687.526
815.568	1710.263
815.889	1728.987
816.210	1736.678
816.531	1751.389
816.851	1754.399
817.172	1778.807
817.493	1778.473
817.814	1773.792
818.134	1792.516
818.455	1807.228
818.775	1811.240
819.096	1847.686
819.416	1858.720
819.736	1883.797
820.057	1909.877
820.377	1920.577
820.697	1950.335
821.017	1985.777
821.337	1988.452
821.657	2002.495
821.977	2005.170
822.297	2012.526
822.617	2041.616
822.937	2035.932
823.257	2034.260
823.577	2061.343
823.896	2065.356
824.216	2084.414
824.535	2096.451
824.855	2098.457
825.174	2113.838
825.494	2139.250
825.813	2136.240
826.132	2169.342
826.452	2173.020
826.771	2165.664
827.090	2174.358
827.409	2182.717
827.728	2194.419
828.047	2208.463
828.366	2196.426
828.685	2205.119
829.004	2232.537
829.323	2247.917
829.642	2254.939
829.960	2244.908
830.279	2243.571
830.597	2269.317
830.916	2286.703
831.235	2305.762
831.553	2311.446
831.871	2320.474
832.190	2342.208
832.508	2350.901
832.826	2335.186
833.144	2337.192
833.463	2335.855
833.781	2345.551
834.099	2350.567
834.417	2346.889
834.734	2358.591
835.052	2384.003
835.370	2381.997
835.688	2386.678
836.006	2385.340
836.323	2414.430
836.641	2427.804
836.958	2441.847
837.276	2455.222
837.593	2476.621
837.911	2487.655
838.228	2492.336
838.545	2485.315
838.863	2503.036
839.180	2497.352
839.497	2499.358
839.814	2491.333
840.131	2492.002
840.448	2505.042
840.765	2498.355
841.082	2492.336
841.399	2508.051
841.716	2501.030
842.032	2499.023
842.349	2495.680
842.666	2483.308
842.982	2478.627
843.299	2467.928
843.615	2454.219
843.932	2469.934
844.248	2484.646
844.564	2475.284
844.880	2487.655
845.197	2494.677
845.513	2496.349
845.829	2496.349
846.145	2471.940
846.461	2468.262
846.777	2486.652
847.093	2477.290
847.409	2448.535
847.724	2428.139
848.040	2412.424
848.356	2411.086
848.671	2398.715
848.987	2374.975
849.303	2365.279
849.618	2384.337
849.933	2393.699
850.249	2394.368
850.564	2379.656
850.879	2361.935
851.195	2351.570
851.510	2335.855
851.825	2328.499
852.140	2325.489
852.455	2315.459
852.770	2308.771
853.085	2304.425
853.399	2285.366
853.714	2274.666
854.029	2276.004
854.344	2246.580
854.658	2229.527
854.973	2203.782
855.287	2188.401
855.602	2192.079
855.916	2196.091
856.231	2192.079
856.545	2175.026
856.859	2155.968
857.173	2164.327
857.488	2156.971
857.802	2156.971
858.116	2138.915
858.430	2097.789
858.744	2096.451
859.058	2092.105
859.371	2080.736
859.685	2061.343
859.999	2047.634
860.313	2036.266
860.626	2029.244
860.940	2025.901
861.253	2021.220
861.567	2002.830
861.880	2009.851
862.193	1976.081
862.507	1959.363
862.820	1958.694
863.133	1941.976
863.446	1934.954
863.759	1926.261
864.073	1901.184
864.386	1889.481
864.698	1880.788
865.011	1858.385
865.324	1851.364
865.637	1834.646
865.950	1827.624
866.262	1828.293
866.575	1816.924
866.887	1798.535
867.200	1770.448
867.512	1739.018
867.825	1714.944
868.137	1714.944
868.449	1694.882
868.762	1683.180
869.074	1654.759
869.386	1643.390
869.698	1626.338
870.010	1623.329
870.322	1584.208
870.634	1556.791
870.946	1545.757
871.258	1534.723
871.570	1519.342
871.881	1506.971
872.193	1489.918
872.504	1479.219
872.816	1462.166
873.128	1444.111
873.439	1433.077
873.750	1414.687
874.062	1389.275
874.373	1359.851
874.684	1331.430
874.995	1312.372
875.307	1278.601
875.618	1257.202
875.929	1239.815
876.240	1228.447
876.550	1205.376
876.861	1177.624
877.172	1154.553
877.483	1135.160
877.794	1127.135
878.104	1113.092
878.415	1100.052
878.725	1087.346
879.036	1084.002
879.346	1079.656
879.657	1077.650
879.967	1060.263
880.277	1046.554
880.587	1033.848
880.898	1011.111
881.208	994.059
881.518	965.973
881.828	957.948
882.138	948.920
882.448	938.220
882.757	924.177
883.067	926.183
883.377	920.499
883.687	912.809
883.996	891.075
884.306	879.373
884.615	866.333
884.925	854.964
885.234	841.255
885.543	823.200
885.853	824.872
886.162	823.534
886.471	812.835
886.780	805.479
887.089	806.147
887.398	818.853
887.707	823.869
888.016	820.191
888.325	813.503
888.634	810.828
888.943	807.819
889.251	807.150
889.560	798.457
889.869	809.157
890.177	818.853
890.486	819.522
890.794	824.872
891.102	824.872
891.411	819.856
891.719	814.172
892.027	797.120
892.335	788.092
892.644	798.123
892.952	798.457
893.260	810.494
893.568	821.528
893.875	823.200
894.183	831.893
894.491	835.237
894.799	837.243
895.106	846.605
895.414	849.949
895.722	845.936
896.029	835.906
896.337	837.577
896.644	834.568
896.951	827.212
897.259	831.225
897.566	832.562
897.873	840.587
898.180	856.636
898.487	860.648
898.794	871.682
899.101	880.041
899.408	868.339
899.715	873.354
900.022	873.354
900.329	869.342
900.635	871.014
900.942	874.357
901.248	875.695
901.555	874.023
901.861	861.317
902.168	858.308
902.474	871.014
902.781	871.682
903.087	872.351
903.393	864.326
903.699	865.664
904.005	876.363
904.311	883.385
904.617	882.716
904.923	874.357
905.229	871.682
905.535	883.385
905.841	883.719
906.146	880.376
906.452	874.023
906.758	871.014
907.063	865.329
907.369	855.633
907.674	863.992
907.979	876.698
908.285	873.689
908.590	875.026
908.895	876.363
909.200	890.407
909.506	891.410
909.811	878.035
910.116	862.989
910.421	865.329
910.725	873.020
911.030	868.339
911.335	870.345
911.640	875.695
911.944	863.658
912.249	867.001
912.554	848.611
912.858	853.292
913.163	853.627
913.467	846.271
913.771	842.927
914.076	846.605
914.380	838.915
914.684	865.998
914.988	851.621
915.292	840.252
915.596	839.918
915.900	834.234
916.204	847.274
916.508	860.314
916.812	848.946
917.115	850.283
917.419	857.305
917.723	855.967
918.026	863.992
918.330	850.283
918.633	837.577
918.937	833.231
919.240	835.571
919.543	833.565
919.846	828.884
920.150	812.166
920.453	806.482
920.756	828.215
921.059	839.918
921.362	839.584
921.665	839.584
921.967	851.286
922.270	863.992
922.573	881.045
922.876	859.645
923.178	841.255
923.481	832.228
923.783	832.896
924.086	825.875
924.388	821.528
924.691	813.503
924.993	822.197
925.295	837.577
925.597	853.961
925.899	855.967
926.201	851.621
926.503	851.286
926.805	847.608
927.107	850.283
927.409	839.584
927.711	827.547
928.013	826.543
928.314	825.540
928.616	834.568
928.918	837.577
929.219	831.559
929.520	836.240
929.822	834.568
930.123	831.225
930.425	839.249
930.726	830.556
931.027	837.243
931.328	839.584
931.629	839.918
931.930	839.584
932.231	845.602
932.532	833.231
932.833	836.574
933.134	827.881
933.434	821.862
933.735	822.865
934.036	823.200
934.336	821.194
934.637	828.215
934.937	825.875
935.238	829.887
935.538	834.903
935.838	836.574
936.138	835.237
936.439	836.574
936.739	842.258
937.039	839.584
937.339	837.243
937.639	847.608
937.939	853.627
938.238	844.265
938.538	842.593
938.838	844.265
939.138	843.930
939.437	851.621
939.737	839.918
940.036	839.918
940.336	854.630
940.635	848.277
940.934	843.262
941.234	856.970
941.533	855.633
941.832	863.992
942.131	843.596
942.430	836.909
942.729	843.262
943.028	849.614
943.327	843.596
943.626	840.921
943.925	835.237
944.223	848.611
944.522	852.289
944.821	863.992
945.119	851.621
945.418	833.565
945.716	832.228
946.014	832.228
946.313	821.194
946.611	818.853
946.909	802.469
947.207	807.150
947.505	817.850
947.803	823.869
948.101	821.528
948.399	829.218
948.697	833.231
948.995	827.547
949.293	822.531
949.590	811.497
949.888	799.126
950.186	788.092
950.483	777.392
950.781	769.702
951.078	772.042
951.375	785.751
951.673	801.132
951.970	796.451
952.267	794.779
952.564	796.785
952.861	797.788
953.158	803.807
953.455	789.429
953.752	789.095
954.049	793.442
954.346	795.448
954.643	795.782
954.939	781.739
955.236	770.705
955.532	766.024
955.829	754.656
956.125	745.962
956.422	745.628
956.718	741.281
957.014	745.962
957.311	746.631
957.607	740.612
957.903	743.956
958.199	751.981
958.495	740.947
958.791	732.253
959.087	723.560
959.382	720.551
959.678	723.226
959.974	713.195
960.270	703.164
960.565	715.870
960.861	722.557
961.156	726.569
961.452	725.232
961.747	729.913
962.042	724.229
962.338	728.241
962.633	725.566
962.928	724.563
963.223	721.554
963.518	724.563
963.813	712.860
964.108	712.860
964.403	713.863
964.697	718.210
964.992	711.523
965.287	706.842
965.582	688.118
965.876	696.142
966.171	693.802
966.465	684.105
966.759	664.712
967.054	661.034
967.348	664.712
967.642	677.752
967.936	665.381
968.231	672.737
968.525	673.740
968.819	675.412
969.112	668.724
969.406	666.050
969.700	659.028
969.994	665.047
970.288	656.687
970.581	647.325
970.875	650.000
971.168	661.703
971.462	661.703
971.755	663.375
972.049	661.034
972.342	658.025
972.635	654.681
972.928	655.350
973.222	646.322
973.515	640.972
973.808	638.632
974.101	630.273
974.393	630.273
974.686	688.118
974.979	690.792
975.272	689.455
975.564	684.774
975.857	690.124
976.150	682.099
976.442	671.399
976.735	614.558
977.027	609.877
977.319	598.508
977.612	604.193
977.904	602.521
978.196	608.205
978.488	608.874
978.780	605.864
979.072	599.512
979.364	610.880
979.656	597.505
979.948	589.815
980.239	592.824
980.531	600.515
980.823	600.515
981.114	595.165
981.406	598.508
981.697	603.189
981.989	607.202
982.280	601.852
982.571	608.539
982.862	608.205
983.154	605.864
983.445	601.852
983.736	616.564
984.027	611.883
984.318	611.549
984.609	611.214
984.899	614.223
985.190	615.227
985.481	618.570
985.771	614.892
986.062	621.245
986.353	629.938
986.643	627.598
986.933	635.623
987.224	643.647
987.514	637.629
987.804	630.607
988.094	630.273
988.385	633.951
988.675	632.613
988.965	632.613
989.255	626.595
989.544	628.935
989.834	637.629
990.124	630.607
990.414	623.586
990.703	628.935
990.993	618.570
991.283	610.545
991.572	611.549
991.861	606.533
992.151	604.193
992.440	627.932
992.729	624.254
993.019	625.926
993.308	642.644
993.597	645.988
993.886	641.976
994.175	647.325
994.464	615.561
994.752	616.230
995.041	613.889
995.330	622.917
995.619	622.583
995.907	619.908
996.196	614.558
996.484	611.883
996.773	603.524
997.061	606.867
997.349	596.168
997.638	597.840
997.926	605.196
998.214	618.236
998.502	630.607
998.790	635.957
999.078	642.644
999.366	638.966
999.654	636.626
999.941	635.623
1000.229	624.254
1000.517	626.260
1000.804	630.607
1001.092	633.282
1001.379	632.279
1001.667	632.613
1001.954	634.285
1002.242	634.954
1002.529	632.948
1002.816	626.929
1003.103	608.539
1003.390	603.189
1003.677	602.855
1003.964	602.186
1004.251	604.193
1004.538	602.186
1004.825	602.521
1005.111	610.545
1005.398	621.579
1005.685	616.230
1005.971	612.552
1006.258	602.521
1006.544	597.171
1006.831	601.852
1007.117	606.533
1007.403	607.202
1007.689	610.211
1007.975	612.217
1008.261	616.898
1008.547	619.908
1008.833	616.898
1009.119	614.558
1009.405	613.889
1009.691	614.892
1009.977	611.549
1010.262	619.908
1010.548	616.898
1010.833	615.561
1011.119	617.567
1011.404	612.217
1011.690	615.895
1011.975	615.561
1012.260	604.193
1012.545	601.518
1012.831	599.512
1013.116	604.527
1013.401	604.193
1013.686	588.812
1013.970	602.186
1014.255	611.214
1014.540	617.567
1014.825	621.579
1015.109	607.202
1015.394	602.521
1015.679	617.233
1015.963	598.174
1016.247	592.490
1016.532	592.824
1016.816	585.803
1017.100	600.849
1017.384	601.518
1017.669	603.189
1017.953	618.905
1018.237	625.257
1018.521	638.966
1018.804	639.635
1019.088	622.248
1019.372	617.901
1019.656	607.871
1019.939	591.152
1020.223	582.125
1020.506	573.431
1020.790	571.759
1021.073	580.787
1021.357	587.809
1021.640	592.490
1021.923	603.524
1022.206	608.205
1022.489	592.824
1022.772	593.493
1023.055	594.162
1023.338	587.809
1023.621	594.830
1023.904	592.490
1024.187	599.177
1024.469	609.542
1024.752	603.858
1025.035	643.647
1025.317	610.880
