339.628	470.448
340.007	470.448
340.385	470.448
340.764	453.395
341.143	449.717
341.521	442.027
341.900	438.683
342.278	443.030
342.657	441.024
343.035	441.693
343.413	446.039
343.792	443.030
344.170	439.018
344.548	438.015
344.927	445.036
345.305	449.383
345.683	449.383
346.061	435.674
346.439	444.702
346.818	460.751
347.196	480.479
347.574	488.838
347.952	500.875
348.330	512.912
348.708	542.670
349.085	558.385
349.463	568.750
349.841	575.103
350.219	578.112
350.597	582.793
350.974	593.159
351.352	597.505
351.730	595.165
352.107	601.183
352.485	590.484
352.862	600.180
353.240	593.827
353.617	590.484
353.995	579.450
354.372	578.781
354.750	574.769
355.127	585.803
355.504	576.775
355.881	583.462
356.259	580.453
356.636	587.474
357.013	589.481
357.390	586.471
357.767	587.474
358.144	592.490
358.521	590.149
358.898	599.177
359.275	595.499
359.652	590.149
360.029	591.152
360.406	573.431
360.783	566.410
361.159	568.081
361.536	573.431
361.913	573.431
362.290	575.437
362.666	580.453
363.043	602.521
363.419	609.542
363.796	607.202
364.172	598.843
364.549	603.858
364.925	603.189
365.302	594.830
365.678	587.474
366.054	586.137
366.431	583.128
366.807	579.115
367.183	577.778
367.559	577.778
367.935	585.468
368.312	588.812
368.688	584.131
369.064	579.115
369.440	585.134
369.816	591.487
370.192	595.165
370.567	598.508
370.943	589.481
371.319	590.484
371.695	598.508
372.071	590.484
372.446	585.134
372.822	584.131
373.198	579.450
373.573	589.146
373.949	595.165
374.325	591.821
374.700	598.843
375.075	601.852
375.451	594.830
375.826	588.812
376.202	583.462
376.577	581.122
376.952	593.159
377.328	592.824
377.703	583.796
378.078	593.493
378.453	613.555
378.828	622.248
379.203	617.567
379.578	617.233
379.953	616.898
380.328	620.242
380.703	616.564
381.078	597.171
381.453	588.143
381.828	587.809
382.203	578.112
382.578	580.787
382.952	585.134
383.327	579.784
383.702	584.465
384.076	579.784
384.451	588.812
384.825	593.493
385.200	587.474
385.574	584.465
385.949	601.518
386.323	597.505
386.698	595.165
387.072	594.830
387.446	591.152
387.821	594.830
388.195	607.202
388.569	587.140
388.943	596.168
389.317	607.871
389.691	604.193
390.065	604.527
390.439	598.843
390.813	572.094
391.187	577.778
391.561	564.069
391.935	551.363
392.309	542.336
392.683	547.685
393.056	555.376
393.430	573.766
393.804	575.103
394.178	585.134
394.551	591.152
394.925	604.527
395.298	610.545
395.672	607.202
396.045	608.874
396.419	613.555
396.792	611.214
397.165	622.248
397.539	612.886
397.912	603.189
398.285	603.858
398.659	604.861
399.032	615.561
399.405	624.254
399.778	611.549
400.151	619.573
400.524	624.589
400.897	621.579
401.270	615.561
401.643	606.867
402.016	604.527
402.389	611.883
402.762	613.889
403.134	618.905
403.507	623.586
403.880	627.598
404.253	636.960
404.625	630.273
404.998	620.576
405.370	620.576
405.743	612.886
406.115	622.583
406.488	612.886
406.860	607.536
407.233	611.214
407.605	618.570
407.977	616.898
408.350	620.576
408.722	622.917
409.094	636.626
409.466	633.951
409.838	646.991
410.210	660.365
410.582	670.731
410.954	677.752
411.326	682.768
411.698	693.133
412.070	708.848
412.442	716.538
412.814	717.207
413.186	729.913
413.558	739.609
413.929	739.944
414.301	750.643
414.673	760.005
415.044	774.717
415.416	791.435
415.787	801.801
416.159	823.200
416.530	838.581
416.902	851.955
417.273	872.351
417.645	885.726
418.016	908.128
418.387	926.183
418.758	948.251
419.130	975.669
419.501	1003.421
419.872	1027.161
420.243	1056.919
420.614	1081.662
420.985	1126.801
421.356	1157.228
421.727	1188.992
422.098	1227.444
422.469	1274.923
422.840	1315.715
423.211	1350.155
423.581	1378.241
423.952	1410.674
424.323	1456.482
424.693	1493.931
425.064	1512.320
425.435	1550.103
425.805	1600.926
426.176	1639.712
426.546	1686.189
426.917	1722.634
427.287	1770.114
427.657	1821.271
428.028	1868.751
428.398	1921.245
428.768	1971.734
429.138	2028.576
429.509	2096.117
429.879	2158.308
430.249	2218.493
430.619	2270.654
430.989	2314.790
431.359	2372.634
431.729	2432.820
432.099	2490.330
432.469	2538.478
432.839	2601.004
433.208	2668.879
433.578	2743.108
433.948	2811.652
434.318	2887.218
434.687	2965.124
435.057	3038.684
435.426	3128.628
435.796	3215.227
436.165	3293.802
436.535	3375.721
436.904	3427.882
437.274	3505.454
437.643	3589.044
438.012	3661.267
438.382	3742.851
438.751	3849.513
439.120	3933.772
439.489	4041.436
439.858	4138.402
440.227	4232.692
440.597	4331.329
440.966	4428.628
441.335	4475.104
441.703	4566.051
442.072	4652.316
442.441	4697.121
442.810	4795.423
443.179	4850.927
443.548	4903.757
443.916	4952.574
444.285	4985.675
444.654	5018.443
445.022	5064.585
445.391	5047.867
445.759	5050.207
446.128	5042.517
446.496	5047.532
446.865	5038.170
447.233	5018.443
447.601	4978.319
447.970	4950.567
448.338	4912.450
448.706	4862.964
449.074	4823.175
449.443	4775.027
449.811	4687.424
450.179	4606.174
450.547	4527.265
450.915	4440.999
451.283	4358.746
451.651	4250.078
452.018	4141.411
452.386	4048.124
452.754	3979.579
453.122	3872.249
453.490	3782.640
453.857	3676.982
454.225	3592.054
454.593	3493.751
454.960	3423.869
455.328	3316.205
455.695	3242.311
456.063	3144.343
456.430	3069.445
456.798	2997.558
457.165	2924.667
457.532	2855.119
457.899	2797.609
458.267	2731.405
458.634	2683.591
459.001	2635.109
459.368	2568.571
459.735	2525.772
460.102	2472.943
460.469	2437.501
460.836	2383.000
461.203	2341.204
461.570	2315.124
461.937	2296.066
462.304	2269.651
462.671	2229.193
463.037	2183.051
463.404	2171.348
463.771	2152.624
464.137	2111.163
464.504	2088.761
464.870	2062.681
465.237	2032.254
465.603	2013.529
465.970	1975.078
466.336	1938.298
466.703	1900.515
467.069	1859.388
467.435	1833.977
467.801	1818.596
468.168	1804.553
468.534	1785.160
468.900	1760.083
469.266	1733.668
469.632	1716.281
469.998	1687.526
470.364	1667.465
470.730	1639.378
471.096	1627.007
471.462	1616.976
471.827	1598.586
472.193	1580.196
472.559	1585.546
472.925	1567.825
473.290	1561.137
473.656	1554.450
474.022	1539.069
474.387	1544.085
474.753	1546.760
475.118	1521.348
475.483	1523.689
475.849	1518.339
476.214	1509.980
476.580	1500.283
476.945	1497.943
477.310	1491.590
477.675	1488.246
478.040	1478.550
478.406	1461.832
478.771	1460.494
479.136	1486.240
479.501	1487.243
479.866	1496.271
480.231	1501.621
480.595	1522.017
480.960	1539.069
481.325	1546.425
481.690	1542.079
482.055	1547.428
482.419	1547.428
482.784	1560.803
483.148	1567.156
483.513	1558.128
483.878	1568.159
484.242	1586.214
484.607	1608.617
484.971	1625.669
485.335	1650.078
485.700	1660.109
486.064	1696.554
486.428	1710.932
486.792	1731.328
487.157	1752.393
487.521	1773.457
487.885	1799.538
488.249	1824.949
488.613	1863.066
488.977	1912.552
489.341	1939.970
489.705	1989.455
490.069	2026.904
490.432	2047.300
490.796	2097.120
491.160	2142.593
491.524	2180.376
491.887	2229.527
492.251	2270.654
492.615	2325.489
492.978	2400.721
493.342	2444.857
493.705	2493.674
494.069	2550.515
494.432	2600.670
494.795	2643.468
495.159	2702.650
495.522	2740.767
495.885	2804.631
496.248	2869.162
496.612	2929.013
496.975	3000.232
497.338	3063.761
497.701	3128.293
498.064	3203.190
498.427	3260.032
498.790	3332.254
499.153	3406.817
499.515	3468.340
499.878	3560.289
500.241	3652.573
500.604	3738.839
500.966	3844.163
501.329	3932.434
501.692	4034.749
502.054	4137.398
502.417	4234.363
502.779	4337.013
503.142	4426.287
503.504	4532.949
503.866	4604.168
504.229	4672.378
504.591	4754.297
504.953	4813.145
505.315	4879.348
505.678	4973.638
506.040	5053.885
506.402	5148.175
506.764	5252.831
507.126	5352.136
507.488	5454.786
507.850	5519.986
508.212	5585.187
508.573	5638.351
508.935	5757.049
509.297	5850.002
509.659	5944.961
510.020	6024.539
510.382	6142.569
510.744	6244.549
511.105	6374.282
511.467	6451.185
511.828	6540.794
512.190	6597.301
512.551	6685.573
512.913	6787.219
513.274	6874.488
513.635	6959.750
513.996	7034.313
514.358	7099.179
514.719	7192.132
515.080	7288.763
515.441	7340.254
515.802	7421.504
516.163	7473.999
516.524	7539.869
516.885	7622.790
517.246	7680.301
517.607	7740.486
517.967	7821.067
518.328	7852.832
518.689	7910.342
519.050	7969.858
519.410	8021.685
519.771	8098.588
520.131	8142.724
520.492	8182.513
520.852	8283.825
521.213	8351.031
521.573	8380.455
521.934	8419.910
522.294	8460.034
522.654	8501.160
523.015	8508.516
523.375	8527.575
523.735	8575.388
524.095	8633.568
524.455	8658.645
524.815	8708.130
525.175	8743.907
525.535	8840.872
525.895	8892.364
526.255	8913.763
526.615	8952.549
526.974	8987.657
527.334	9010.059
527.694	9041.155
528.054	9031.459
528.413	9048.845
528.773	9063.892
529.132	9050.517
529.492	9078.938
529.851	9111.371
530.211	9163.866
530.570	9228.398
530.930	9238.429
531.289	9256.484
531.648	9337.734
532.007	9388.557
532.367	9423.331
532.726	9439.715
533.085	9456.767
533.444	9478.835
533.803	9517.956
534.162	9491.207
534.521	9476.829
534.880	9476.495
535.239	9482.179
535.597	9479.838
535.956	9507.925
536.315	9503.912
536.674	9539.020
537.032	9577.472
537.391	9603.218
537.749	9651.032
538.108	9708.877
538.466	9709.211
538.825	9709.880
539.183	9742.981
539.542	9756.022
539.900	9740.975
540.258	9727.601
540.617	9682.128
540.975	9728.270
541.333	9781.433
541.691	9771.737
542.049	9792.133
542.407	9825.569
542.765	9827.909
543.123	9840.950
543.481	9832.256
543.839	9818.882
544.197	9843.959
544.555	9848.974
544.912	9846.299
545.270	9845.631
545.628	9861.346
545.985	9853.321
546.343	9883.079
546.700	9900.132
547.058	9887.426
547.415	9879.401
547.773	9889.098
548.130	9891.773
548.488	9886.757
548.845	9860.343
549.202	9836.603
549.559	9829.916
549.916	9842.287
550.274	9818.213
550.631	9800.826
550.988	9811.860
551.345	9802.498
551.702	9773.074
552.059	9764.715
552.416	9711.217
552.772	9710.214
553.129	9713.892
553.486	9698.846
553.843	9692.158
554.199	9693.496
554.556	9655.044
554.913	9683.465
555.269	9685.471
555.626	9677.446
555.982	9662.735
556.339	9648.023
556.695	9629.633
557.051	9615.924
557.408	9609.237
557.764	9577.807
558.120	9554.067
558.476	9536.680
558.832	9534.339
559.188	9537.683
559.545	9555.739
559.901	9526.315
560.257	9504.247
560.612	9475.826
560.968	9458.774
561.324	9435.034
561.680	9383.542
562.036	9345.090
562.391	9337.400
562.747	9311.989
563.103	9280.558
563.458	9234.416
563.814	9209.005
564.169	9208.336
564.525	9202.652
564.880	9156.844
565.236	9148.151
565.591	9150.492
565.946	9112.374
566.302	9109.365
566.657	9083.619
567.012	9061.551
567.367	9020.759
567.722	9004.375
568.077	8997.688
568.432	8996.685
568.787	8943.187
569.142	8930.147
569.497	8884.674
569.852	8877.986
570.207	8824.823
570.561	8757.616
570.916	8740.229
571.271	8705.790
571.625	8647.276
571.980	8607.487
572.335	8577.729
572.689	8573.717
573.044	8545.296
573.398	8481.098
573.752	8438.300
574.107	8398.511
574.461	8361.397
574.815	8326.289
575.169	8283.156
575.524	8262.091
575.878	8253.398
576.232	8236.345
576.586	8234.005
576.940	8202.240
577.294	8175.826
577.648	8174.823
578.002	8125.671
578.355	8116.978
578.709	8098.922
579.063	8029.041
579.417	8006.973
579.770	7990.255
580.124	7952.472
580.477	7949.462
580.831	7891.952
581.185	7858.850
581.538	7865.537
581.891	7843.135
582.245	7805.018
582.598	7757.204
582.951	7715.409
583.305	7669.267
583.658	7629.143
584.011	7588.017
584.364	7557.590
584.717	7530.172
585.070	7499.745
585.423	7468.315
585.776	7466.309
586.129	7411.139
586.482	7384.725
586.835	7381.381
587.187	7332.564
587.540	7332.898
587.893	7299.462
588.245	7283.413
588.598	7285.419
588.950	7270.373
589.303	7199.488
589.655	7187.451
590.008	7122.919
590.360	7108.876
590.713	7080.789
591.065	7054.040
591.417	6979.477
591.769	6997.867
592.121	6980.481
592.474	6972.790
592.826	6929.658
593.178	6889.534
593.530	6862.785
593.882	6866.463
594.234	6808.953
594.585	6780.532
594.937	6731.046
595.289	6720.681
595.641	6680.223
595.992	6643.109
596.344	6612.013
596.696	6579.246
597.047	6534.107
597.399	6520.064
597.750	6460.882
598.102	6415.408
598.453	6380.635
598.804	6343.521
599.156	6298.382
599.507	6253.243
599.858	6216.797
600.209	6183.027
600.561	6170.655
600.912	6160.959
601.263	6143.906
601.614	6128.526
601.965	6121.504
602.316	6070.681
602.666	6049.616
603.017	6018.855
603.368	5968.032
603.719	5934.930
604.070	5908.850
604.420	5853.680
604.771	5831.612
605.121	5804.529
605.472	5753.037
605.822	5695.526
606.173	5637.013
606.523	5600.233
606.874	5588.196
607.224	5565.794
607.574	5502.265
607.924	5479.528
608.275	5464.817
608.625	5451.442
608.975	5430.377
609.325	5386.241
609.675	5365.511
610.025	5354.143
610.375	5319.703
610.725	5280.583
611.074	5244.806
611.424	5187.630
611.774	5154.528
612.124	5097.352
612.473	5052.214
612.823	5020.115
613.173	4978.988
613.522	4939.868
613.872	4898.741
614.221	4861.293
614.570	4798.767
614.920	4784.055
615.269	4745.269
615.618	4725.542
615.968	4670.372
616.317	4635.264
616.666	4599.821
617.015	4591.462
617.364	4540.974
617.713	4498.175
618.062	4465.408
618.411	4441.668
618.760	4396.529
619.109	4357.074
619.457	4318.288
619.806	4307.589
620.155	4274.487
620.503	4215.974
620.852	4184.543
621.201	4159.132
621.549	4121.683
621.898	4085.907
622.246	4043.777
622.594	4031.071
622.943	4002.650
623.291	3957.846
623.639	3931.766
623.988	3899.667
624.336	3865.562
624.684	3826.776
625.032	3788.993
625.380	3761.241
625.728	3746.863
626.076	3725.798
626.424	3701.056
626.772	3666.951
627.120	3621.812
627.467	3582.691
627.815	3570.320
628.163	3530.531
628.510	3496.760
628.858	3461.318
629.206	3435.238
629.553	3431.225
629.901	3414.507
630.248	3395.783
630.595	3367.697
630.943	3344.960
631.290	3321.889
631.637	3293.134
631.984	3251.673
632.332	3249.667
632.679	3225.927
633.026	3222.583
633.373	3189.481
633.720	3174.770
634.067	3169.085
634.414	3161.729
634.760	3114.919
635.107	3070.114
635.454	3031.328
635.801	3010.263
636.147	2978.499
636.494	2950.078
636.841	2916.976
637.187	2896.914
637.534	2875.850
637.880	2858.797
638.226	2844.754
638.573	2829.373
638.919	2799.615
639.265	2767.851
639.612	2734.080
639.958	2708.334
640.304	2693.622
640.650	2678.576
640.996	2650.490
641.342	2627.419
641.688	2619.394
642.034	2607.357
642.380	2578.267
642.726	2546.168
643.071	2538.144
643.417	2515.073
643.763	2508.051
644.108	2495.680
644.454	2474.281
644.800	2492.336
645.145	2509.389
645.491	2472.274
645.836	2462.578
646.181	2442.516
646.527	2429.476
646.872	2411.421
647.217	2381.662
647.562	2343.211
647.908	2322.480
648.253	2324.152
648.598	2301.415
648.943	2270.988
649.288	2270.654
649.633	2260.957
649.978	2235.212
650.322	2218.493
650.667	2184.723
651.012	2180.711
651.357	2167.002
651.701	2151.621
652.046	2123.535
652.390	2114.841
652.735	2090.433
653.079	2082.408
653.424	2070.705
653.768	2044.291
654.113	2013.195
654.457	2011.523
654.801	1992.465
655.145	1994.136
655.490	1995.808
655.834	1969.728
656.178	1974.743
656.522	1972.737
656.866	1948.329
657.210	1947.660
657.554	1923.586
657.897	1906.199
658.241	1895.500
658.585	1879.450
658.929	1864.070
659.272	1851.029
659.616	1836.317
659.959	1838.324
660.303	1814.250
660.646	1796.194
660.990	1773.792
661.333	1761.086
661.677	1754.733
662.020	1727.984
662.363	1713.607
662.706	1697.557
663.050	1695.551
663.393	1688.864
663.736	1675.155
664.079	1658.102
664.422	1656.431
664.765	1648.406
665.108	1639.378
665.450	1628.344
665.793	1614.970
666.136	1601.595
666.479	1604.270
666.821	1601.930
667.164	1599.923
667.507	1591.230
667.849	1570.499
668.192	1563.478
668.534	1558.462
668.876	1537.063
669.219	1514.995
669.561	1492.927
669.903	1492.927
670.246	1504.964
670.588	1501.955
670.930	1489.584
671.272	1474.203
671.614	1480.890
671.956	1480.222
672.298	1467.182
672.640	1452.804
672.982	1445.782
673.323	1434.414
673.665	1452.470
674.007	1438.092
674.349	1418.365
674.690	1402.315
675.032	1393.622
675.373	1384.928
675.715	1387.938
676.056	1368.879
676.398	1358.848
676.739	1365.201
677.080	1351.492
677.421	1346.142
677.763	1331.096
678.104	1316.384
678.445	1304.013
678.786	1293.982
679.127	1295.654
679.468	1301.672
679.809	1301.672
680.150	1299.332
680.491	1293.982
680.831	1284.620
681.172	1273.920
681.513	1256.533
681.853	1251.518
682.194	1240.150
682.535	1234.131
682.875	1232.794
683.216	1234.800
683.556	1236.806
683.896	1219.419
684.237	1215.072
684.577	1193.339
684.917	1194.676
685.257	1189.661
685.598	1178.627
685.938	1180.299
686.278	1185.649
686.618	1183.642
686.958	1195.011
687.298	1202.032
687.637	1195.011
687.977	1191.667
688.317	1175.952
688.657	1162.912
688.996	1157.562
689.336	1152.547
689.676	1136.163
690.015	1145.191
690.355	1130.813
690.694	1139.172
691.034	1146.528
691.373	1144.522
691.712	1138.503
692.051	1128.473
692.391	1115.098
692.730	1134.157
693.069	1120.782
693.408	1108.411
693.747	1101.724
694.086	1100.052
694.425	1105.067
694.764	1107.408
695.103	1089.018
695.442	1087.012
695.780	1087.012
696.119	1075.643
696.458	1071.965
696.796	1062.938
697.135	1054.913
697.473	1053.575
697.812	1044.548
698.150	1049.897
698.489	1044.882
698.827	1044.882
699.165	1044.882
699.503	1045.216
699.842	1050.232
700.180	1065.278
700.518	1057.253
700.856	1056.919
701.194	1051.235
701.532	1047.891
701.870	1029.167
702.208	1020.808
702.545	999.743
702.883	992.053
703.221	982.356
703.559	975.335
703.896	965.304
704.234	972.325
704.571	966.976
704.909	971.657
705.246	967.310
705.584	970.988
705.921	969.985
706.258	964.301
706.596	949.923
706.933	948.586
707.270	933.539
707.607	938.889
707.944	945.911
708.281	930.196
708.618	930.196
708.955	934.877
709.292	935.211
709.629	941.564
709.966	927.521
710.302	919.496
710.639	921.837
710.976	923.509
711.312	922.171
711.649	909.800
711.985	897.763
712.322	905.453
712.658	897.763
712.994	899.769
713.331	880.376
713.667	885.391
714.003	895.422
714.339	901.775
714.676	886.394
715.012	888.735
715.348	884.722
715.684	895.422
716.020	881.379
716.355	871.348
716.691	860.983
717.027	873.689
717.363	866.667
717.698	863.992
718.034	859.311
718.370	857.305
718.705	858.642
719.041	855.633
719.376	836.240
719.712	833.231
720.047	833.899
720.382	824.537
720.718	824.537
721.053	818.184
721.388	827.547
721.723	832.562
722.058	837.912
722.393	833.565
722.728	844.933
723.063	835.237
723.398	831.893
723.733	829.218
724.068	839.249
724.402	834.903
724.737	831.225
725.072	829.887
725.406	838.246
725.741	841.590
726.075	838.581
726.410	824.537
726.744	815.844
727.079	808.822
727.413	799.126
727.747	782.742
728.081	776.389
728.416	761.677
728.750	763.683
729.084	756.662
729.418	759.002
729.752	765.021
730.086	776.055
730.420	765.355
730.753	780.067
731.087	768.699
731.421	783.076
731.755	783.411
732.088	779.398
732.422	772.711
732.755	782.408
733.089	770.036
733.422	773.046
733.756	762.012
734.089	760.340
734.423	756.327
734.756	747.968
735.089	732.588
735.422	742.619
735.755	736.600
736.088	725.900
736.421	716.204
736.754	719.548
737.087	732.253
737.420	744.290
737.753	735.597
738.086	745.628
738.418	759.002
738.751	767.361
739.084	759.337
739.416	756.996
739.749	750.309
740.081	752.984
740.414	739.275
740.746	725.566
741.079	722.557
741.411	718.544
741.743	708.179
742.075	709.517
742.407	700.155
742.740	709.182
743.072	719.548
743.404	703.498
743.736	697.480
744.068	705.170
744.399	704.501
744.731	700.823
745.063	695.808
745.395	686.111
745.726	702.829
746.058	714.866
746.390	706.507
746.721	705.839
747.053	716.204
747.384	712.192
747.715	719.548
748.047	713.863
748.378	718.210
748.709	716.873
749.040	713.529
749.371	705.839
749.703	700.489
750.034	693.467
750.365	700.155
750.696	692.799
751.026	698.483
751.357	693.802
751.688	690.792
752.019	688.118
752.350	693.467
752.680	673.071
753.011	678.755
753.341	671.399
753.672	675.077
754.002	677.752
754.333	680.762
754.663	673.406
754.993	689.455
755.324	677.418
755.654	673.406
755.984	675.077
756.314	678.087
756.644	681.430
756.974	681.430
757.304	698.483
757.634	693.802
757.964	700.155
758.294	697.814
758.623	687.114
758.953	683.771
759.283	689.455
759.612	665.715
759.942	674.074
760.272	670.062
760.601	673.406
760.930	677.084
761.260	684.440
761.589	683.771
761.918	675.412
762.248	673.071
762.577	676.415
762.906	670.396
763.235	668.056
763.564	658.694
763.893	650.335
764.222	654.681
764.551	644.316
764.880	636.960
765.209	632.948
765.537	635.623
765.866	639.969
766.195	627.598
766.523	628.935
766.852	629.270
767.180	633.951
767.509	641.307
767.837	634.620
768.165	629.604
768.494	637.294
768.822	643.313
769.150	659.028
769.478	662.037
769.806	655.016
770.134	659.028
770.462	653.009
770.790	653.678
771.118	640.304
771.446	626.595
771.774	620.242
772.102	612.552
772.429	614.892
772.757	627.264
773.085	624.254
773.412	634.620
773.740	633.616
774.067	639.301
774.395	647.660
774.722	656.353
775.049	651.672
775.376	657.356
775.704	652.341
776.031	649.666
776.358	644.985
776.685	642.310
777.012	631.610
777.339	626.929
777.666	625.926
777.993	619.239
778.320	625.592
778.646	621.914
778.973	626.260
779.300	624.589
779.626	638.632
779.953	631.276
780.279	634.620
780.606	637.294
780.932	644.985
781.259	645.988
781.585	644.316
781.911	630.273
782.237	638.966
782.564	639.635
782.890	639.969
783.216	623.251
783.542	619.573
783.868	623.586
784.194	621.914
784.519	623.586
784.845	630.273
785.171	625.592
785.497	643.647
785.822	642.310
786.148	644.985
786.474	649.331
786.799	648.663
787.125	639.969
787.450	632.948
787.775	625.257
788.101	625.592
788.426	615.561
788.751	615.561
789.076	613.220
789.401	617.233
789.726	613.555
790.051	612.886
790.376	609.542
790.701	620.576
791.026	617.233
791.351	616.898
791.676	615.561
792.000	617.567
792.325	606.867
792.650	600.515
792.974	601.518
793.299	612.552
793.623	605.864
793.948	607.536
794.272	608.539
794.596	615.895
794.921	628.601
795.245	615.227
795.569	605.530
795.893	605.196
796.217	603.858
796.541	618.905
796.865	621.914
797.189	618.236
797.513	623.586
797.837	614.892
798.160	618.236
798.484	619.239
798.808	614.558
799.131	614.558
799.455	608.539
799.778	608.539
800.102	619.908
800.425	617.901
800.749	611.883
801.072	608.874
801.395	609.208
801.718	612.217
802.042	615.227
802.365	611.214
802.688	609.208
803.011	611.214
803.334	614.223
803.657	613.220
803.979	612.886
804.302	602.186
804.625	597.171
804.948	608.205
805.270	618.236
805.593	617.233
805.915	623.586
806.238	621.579
806.560	623.586
806.883	629.270
807.205	625.926
807.527	617.901
807.850	619.239
808.172	614.558
808.494	617.567
808.816	615.561
809.138	616.898
809.460	623.920
809.782	620.576
810.104	616.230
810.426	617.567
810.747	626.929
811.069	629.604
811.391	627.264
811.712	610.545
812.034	625.926
812.355	625.592
812.677	609.208
812.998	589.146
813.320	598.843
813.641	601.852
813.962	606.533
814.284	589.481
814.605	583.796
814.926	595.834
815.247	615.895
815.568	612.552
815.889	605.530
816.210	604.193
816.531	606.199
816.851	612.217
817.172	601.852
817.493	581.456
817.814	576.775
818.134	573.097
818.455	580.787
818.775	588.812
819.096	588.812
819.416	594.830
819.736	606.199
820.057	606.199
820.377	612.217
820.697	608.205
821.017	596.837
821.337	598.508
821.657	601.518
821.977	598.508
822.297	587.474
822.617	581.122
822.937	580.453
823.257	584.131
823.577	586.471
823.896	592.156
824.216	586.137
824.535	597.171
824.855	602.186
825.174	606.533
825.494	617.567
825.813	613.220
826.132	606.199
826.452	604.193
826.771	606.199
827.090	608.205
827.409	606.199
827.728	598.508
828.047	604.861
828.366	614.558
828.685	618.570
829.004	619.239
829.323	616.564
829.642	615.895
829.960	622.248
830.279	616.564
830.597	621.914
830.916	621.245
831.235	628.601
831.553	634.620
831.871	632.613
832.190	628.935
832.508	618.236
832.826	606.199
833.144	610.545
833.463	599.512
833.781	599.846
834.099	599.177
834.417	585.134
834.734	594.496
835.052	589.481
835.370	587.140
835.688	591.821
836.006	595.499
836.323	587.809
836.641	609.877
836.958	609.877
837.276	619.239
837.593	627.264
837.911	628.267
838.228	623.586
838.545	638.298
838.863	619.573
839.180	615.227
839.497	608.205
839.814	599.512
840.131	600.180
840.448	607.536
840.765	606.533
841.082	610.545
841.399	610.880
841.716	616.230
842.032	622.917
842.349	615.561
842.666	605.864
842.982	606.867
843.299	600.849
843.615	610.880
843.932	610.211
844.248	606.533
844.564	618.905
844.880	623.251
845.197	610.211
845.513	616.564
845.829	608.539
846.145	602.186
846.461	606.867
846.777	599.512
847.093	595.165
847.409	601.183
847.724	598.843
848.040	603.189
848.356	605.530
848.671	609.877
848.987	614.558
849.303	615.895
849.618	604.527
849.933	601.518
850.249	600.849
850.564	603.858
850.879	595.165
851.195	585.134
851.510	580.118
851.825	592.156
852.140	590.818
852.455	591.821
852.770	583.128
853.085	581.790
853.399	580.118
853.714	591.487
854.029	587.140
854.344	597.171
854.658	594.162
854.973	607.536
855.287	611.549
855.602	617.901
855.916	608.874
856.231	643.313
856.545	639.969
856.859	632.948
857.173	623.586
857.488	623.586
857.802	622.248
858.116	615.895
858.430	584.800
858.744	581.122
859.058	590.149
859.371	592.156
859.685	596.837
859.999	596.168
860.313	602.186
860.626	597.171
860.940	604.527
861.253	608.539
861.567	611.883
861.880	608.874
862.193	609.877
862.507	611.549
862.820	614.892
863.133	611.549
863.446	602.186
863.759	600.515
864.073	596.837
864.386	594.496
864.698	592.824
865.011	601.183
865.324	603.524
865.637	609.542
865.950	608.205
866.262	609.208
866.575	616.898
866.887	619.908
867.200	606.199
867.512	593.827
867.825	591.152
868.137	596.502
868.449	588.478
868.762	589.146
869.074	588.143
869.386	599.512
869.698	606.199
870.010	605.530
870.322	609.208
870.634	614.892
870.946	603.858
871.258	609.877
871.570	595.165
871.881	601.183
872.193	600.515
872.504	593.159
872.816	592.490
873.128	593.159
873.439	582.125
873.750	590.818
874.062	588.478
874.373	593.159
874.684	601.852
874.995	600.515
875.307	603.858
875.618	605.530
875.929	609.208
876.240	606.867
876.550	604.527
876.861	595.499
877.172	596.168
877.483	586.471
877.794	596.168
878.104	592.490
878.415	595.165
878.725	593.827
879.036	595.499
879.346	595.499
879.657	613.889
879.967	608.874
880.277	604.193
880.587	604.193
880.898	605.530
881.208	596.168
881.518	597.171
881.828	591.821
882.138	586.471
882.448	584.131
882.757	594.162
883.067	589.481
883.377	597.505
883.687	599.177
883.996	604.861
884.306	599.177
884.615	610.545
884.925	601.852
885.234	599.512
885.543	601.518
885.853	600.849
886.162	590.484
886.471	599.512
886.780	592.824
887.089	588.812
887.398	586.137
887.707	582.125
888.016	580.118
888.325	586.137
888.634	580.453
888.943	587.140
889.251	580.453
889.560	591.821
889.869	589.481
890.177	600.515
890.486	587.809
890.794	598.508
891.102	590.149
891.411	594.496
891.719	589.146
892.027	610.211
892.335	600.180
892.644	599.512
892.952	589.815
893.260	597.505
893.568	603.858
893.875	605.196
894.183	583.128
894.491	579.784
894.799	590.149
895.106	597.505
895.414	593.827
895.722	597.171
896.029	591.152
896.337	599.177
896.644	606.199
896.951	605.864
897.259	595.499
897.566	594.830
897.873	592.824
898.180	603.189
898.487	593.827
898.794	584.465
899.101	578.781
899.408	589.815
899.715	597.505
900.022	596.502
900.329	595.499
900.635	595.834
900.942	601.852
901.248	607.536
901.555	607.536
901.861	606.533
902.168	596.168
902.474	592.156
902.781	595.499
903.087	596.837
903.393	595.499
903.699	590.818
904.005	584.800
904.311	592.156
904.617	591.821
904.923	599.177
905.229	602.186
905.535	593.827
905.841	596.502
906.146	600.515
906.452	589.481
906.758	593.827
907.063	587.474
907.369	590.149
907.674	596.502
907.979	603.524
908.285	604.861
908.590	620.911
908.895	617.567
909.200	617.567
909.506	624.589
909.811	623.920
910.116	612.552
910.421	616.898
910.725	615.227
911.030	615.227
911.335	621.579
911.640	610.545
911.944	608.539
912.249	612.552
912.554	599.512
912.858	598.508
913.163	596.502
913.467	585.468
913.771	580.118
914.076	580.787
914.380	582.793
914.684	599.512
914.988	595.499
915.292	600.180
915.596	611.549
915.900	619.239
916.204	620.911
916.508	617.901
916.812	606.533
917.115	616.230
917.419	609.208
917.723	602.855
918.026	587.140
918.330	584.465
918.633	580.787
918.937	582.793
919.240	579.450
919.543	582.793
919.846	578.447
920.150	585.468
920.453	588.143
920.756	596.502
921.059	594.162
921.362	593.827
921.665	599.512
921.967	604.861
922.270	603.524
922.573	603.858
922.876	596.837
923.178	595.165
923.481	594.162
923.783	582.125
924.086	583.796
924.388	587.809
924.691	590.818
924.993	595.834
925.295	604.193
925.597	596.502
925.899	603.858
926.201	607.536
926.503	605.530
926.805	607.871
927.107	611.883
927.409	602.855
927.711	604.861
928.013	606.533
928.314	590.818
928.616	595.165
928.918	583.462
929.219	573.766
929.520	578.112
929.822	575.772
930.123	566.744
930.425	572.094
930.726	575.103
931.027	582.459
931.328	581.456
931.629	577.109
931.930	580.118
932.231	587.474
932.532	585.468
932.833	583.796
933.134	573.766
933.434	576.775
933.735	579.115
934.036	585.134
934.336	590.818
934.637	600.180
934.937	591.487
935.238	603.858
935.538	601.852
935.838	610.211
936.138	605.864
936.439	591.821
936.739	596.168
937.039	617.901
937.339	620.911
937.639	619.239
937.939	608.874
938.238	608.539
938.538	619.908
938.838	608.874
939.138	580.787
939.437	576.775
939.737	576.441
940.036	580.453
940.336	574.100
940.635	579.450
940.934	577.444
941.234	593.159
941.533	589.481
941.832	600.849
942.131	604.193
942.430	612.552
942.729	603.524
943.028	604.861
943.327	604.861
943.626	605.196
943.925	593.493
944.223	594.162
944.522	595.834
944.821	596.168
945.119	606.199
945.418	603.524
945.716	612.886
946.014	618.236
946.313	614.223
946.611	615.561
946.909	616.898
947.207	618.236
947.505	618.236
947.803	610.211
948.101	611.883
948.399	621.914
948.697	610.545
948.995	607.536
949.293	607.871
949.590	607.536
949.888	611.214
950.186	623.920
950.483	611.214
950.781	625.926
951.078	618.905
951.375	604.527
951.673	610.880
951.970	606.867
952.267	592.156
952.564	593.827
952.861	583.796
953.158	582.793
953.455	589.481
953.752	578.447
954.049	585.134
954.346	583.796
954.643	578.112
954.939	580.118
955.236	589.815
955.532	590.484
955.829	586.137
956.125	583.128
956.422	583.128
956.718	584.131
957.014	585.134
957.311	583.128
957.607	576.106
957.903	589.481
958.199	589.146
958.495	584.465
958.791	587.809
959.087	583.462
959.382	585.468
959.678	593.827
959.974	586.471
960.270	577.444
960.565	583.462
960.861	577.444
961.156	576.106
961.452	574.769
961.747	566.410
962.042	573.097
962.338	578.781
962.633	587.474
962.928	587.474
963.223	592.824
963.518	580.118
963.813	588.478
964.108	586.137
964.403	586.806
964.697	577.778
964.992	587.809
965.287	587.809
965.582	603.189
965.876	594.496
966.171	593.827
966.465	590.149
966.759	586.806
967.054	580.787
967.348	573.097
967.642	567.747
967.936	577.109
968.231	578.112
968.525	587.140
968.819	584.131
969.112	589.146
969.406	598.508
969.700	601.518
969.994	594.830
970.288	593.159
970.581	589.146
970.875	597.171
971.168	596.168
971.462	589.146
971.755	586.471
972.049	596.837
972.342	587.140
972.635	581.456
972.928	583.796
973.222	586.806
973.515	595.834
973.808	586.806
974.101	572.094
974.393	572.428
974.686	632.279
974.979	637.294
975.272	620.576
975.564	612.217
975.857	622.583
976.150	624.254
976.442	634.954
976.735	586.806
977.027	578.447
977.319	594.830
977.612	603.524
977.904	604.861
978.196	610.211
978.488	600.515
978.780	601.518
979.072	608.539
979.364	605.196
979.656	597.840
979.948	600.849
980.239	603.524
980.531	613.555
980.823	609.877
981.114	605.196
981.406	599.177
981.697	604.527
981.989	599.512
982.280	593.159
982.571	589.481
982.862	593.493
983.154	591.152
983.445	602.521
983.736	605.864
984.027	610.880
984.318	618.236
984.609	616.230
984.899	617.901
985.190	625.592
985.481	618.236
985.771	615.227
986.062	602.521
986.353	604.527
986.643	609.877
986.933	598.508
987.224	592.824
987.514	588.812
987.804	584.800
988.094	590.818
988.385	580.118
988.675	580.118
988.965	575.772
989.255	569.419
989.544	570.088
989.834	573.431
990.124	582.125
990.414	593.493
990.703	592.824
990.993	606.867
991.283	616.564
991.572	617.233
991.861	608.205
992.151	601.518
992.440	604.527
992.729	603.189
993.019	594.830
993.308	592.824
993.597	591.152
993.886	590.818
994.175	589.481
994.464	588.478
994.752	585.134
995.041	585.803
995.330	585.803
995.619	586.137
995.907	593.159
996.196	590.149
996.484	581.456
996.773	585.468
997.061	586.471
997.349	583.796
997.638	596.837
997.926	600.515
998.214	602.855
998.502	602.521
998.790	607.202
999.078	604.527
999.366	593.827
999.654	584.131
999.941	579.784
1000.229	580.453
1000.517	589.146
1000.804	595.834
1001.092	602.186
1001.379	609.877
1001.667	613.555
1001.954	610.211
1002.242	608.539
1002.529	604.527
1002.816	588.812
1003.103	584.131
1003.390	592.156
1003.677	592.156
1003.964	596.502
1004.251	599.846
1004.538	600.849
1004.825	601.852
1005.111	602.186
1005.398	604.193
1005.685	598.174
1005.971	589.481
1006.258	590.149
1006.544	579.784
1006.831	586.806
1007.117	595.834
1007.403	595.165
1007.689	601.518
1007.975	606.199
1008.261	603.524
1008.547	614.558
1008.833	612.217
1009.119	611.549
1009.405	601.518
1009.691	606.867
1009.977	607.536
1010.262	612.217
1010.548	614.558
1010.833	620.242
1011.119	604.193
1011.404	613.555
1011.690	611.549
1011.975	618.570
1012.260	614.558
1012.545	596.837
1012.831	585.803
1013.116	597.840
1013.401	583.462
1013.686	580.453
1013.970	580.453
1014.255	580.118
1014.540	589.146
1014.825	587.474
1015.109	577.778
1015.394	579.784
1015.679	576.441
1015.963	572.094
1016.247	568.416
1016.532	563.400
1016.816	563.400
1017.100	564.738
1017.384	572.763
1017.669	571.759
1017.953	569.419
1018.237	576.106
1018.521	603.858
1018.804	609.877
1019.088	613.555
1019.372	597.840
1019.656	597.840
1019.939	595.165
1020.223	591.821
1020.506	579.115
1020.790	578.447
1021.073	584.465
1021.357	606.867
1021.640	604.527
1021.923	613.889
1022.206	608.539
1022.489	599.846
1022.772	602.855
1023.055	599.512
1023.338	593.159
1023.621	601.518
1023.904	602.186
1024.187	600.515
1024.469	606.533
1024.752	627.264
1025.035	517.258
1025.317	631.945
