339.628	533.642
340.007	533.642
340.385	533.642
340.764	471.785
341.143	451.389
341.521	438.015
341.900	421.965
342.278	419.290
342.657	411.934
343.035	415.612
343.413	427.315
343.792	431.662
344.170	423.637
344.548	427.984
344.927	434.337
345.305	451.055
345.683	470.113
346.061	466.101
346.439	479.810
346.818	494.522
347.196	500.206
347.574	500.875
347.952	498.200
348.330	492.516
348.708	500.875
349.085	506.224
349.463	512.912
349.841	516.924
350.219	532.639
350.597	543.673
350.974	548.688
351.352	553.704
351.730	559.388
352.107	569.419
352.485	573.097
352.862	578.447
353.240	578.112
353.617	590.484
353.995	592.490
354.372	596.168
354.750	593.159
355.127	608.874
355.504	608.874
355.881	616.898
356.259	599.846
356.636	601.183
357.013	597.171
357.390	598.174
357.767	580.453
358.144	576.106
358.521	579.115
358.898	592.824
359.275	595.499
359.652	598.174
360.029	598.508
360.406	615.227
360.783	613.220
361.159	610.211
361.536	607.202
361.913	609.542
362.290	604.527
362.666	614.558
363.043	611.549
363.419	614.892
363.796	600.180
364.172	595.499
364.549	598.843
364.925	599.177
365.302	599.846
365.678	593.827
366.054	587.809
366.431	603.858
366.807	604.193
367.183	598.174
367.559	597.840
367.935	587.809
368.312	586.471
368.688	595.834
369.064	589.481
369.440	601.518
369.816	605.864
370.192	609.877
370.567	614.892
370.943	617.901
371.319	612.552
371.695	613.555
372.071	611.214
372.446	593.827
372.822	594.496
373.198	586.806
373.573	586.137
373.949	587.140
374.325	589.481
374.700	587.140
375.075	603.858
375.451	603.524
375.826	601.183
376.202	593.493
376.577	587.140
376.952	589.146
377.328	584.800
377.703	581.122
378.078	578.112
378.453	581.790
378.828	595.499
379.203	605.864
379.578	606.533
379.953	610.545
380.328	611.214
380.703	612.886
381.078	610.545
381.453	605.864
381.828	602.186
382.203	596.502
382.578	598.843
382.952	602.855
383.327	599.846
383.702	598.508
384.076	597.505
384.451	598.174
384.825	592.156
385.200	590.818
385.574	585.468
385.949	584.131
386.323	583.796
386.698	590.149
387.072	586.471
387.446	590.818
387.821	592.490
388.195	595.499
388.569	597.505
388.943	595.165
389.317	594.162
389.691	596.168
390.065	598.843
390.439	602.855
390.813	601.518
391.187	599.512
391.561	601.518
391.935	588.478
392.309	593.493
392.683	595.834
393.056	587.474
393.430	582.793
393.804	582.793
394.178	594.496
394.551	596.502
394.925	588.143
395.298	580.118
395.672	580.453
396.045	588.478
396.419	588.143
396.792	580.118
397.165	589.481
397.539	583.462
397.912	589.146
398.285	587.474
398.659	580.453
399.032	596.502
399.405	608.205
399.778	608.539
400.151	626.595
400.524	634.954
400.897	629.938
401.270	634.620
401.643	622.917
402.016	623.251
402.389	625.926
402.762	615.227
403.134	615.227
403.507	629.938
403.880	625.926
404.253	630.273
404.625	626.260
404.998	628.267
405.370	626.929
405.743	617.901
406.115	612.886
406.488	618.905
406.860	621.245
407.233	620.242
407.605	628.935
407.977	631.610
408.350	643.647
408.722	650.669
409.094	657.356
409.466	658.025
409.838	660.700
410.210	662.706
410.582	670.396
410.954	674.743
411.326	679.758
411.698	693.802
412.070	704.167
412.442	715.201
412.814	727.907
413.186	741.615
413.558	748.971
413.929	763.015
414.301	770.036
414.673	789.095
415.044	803.138
415.416	807.819
415.787	824.537
416.159	849.949
416.530	868.339
416.902	884.388
417.273	897.094
417.645	918.493
418.016	937.552
418.387	955.942
418.758	974.666
419.130	988.709
419.501	1019.136
419.872	1051.904
420.243	1070.294
420.614	1099.383
420.985	1128.807
421.356	1145.525
421.727	1177.958
422.098	1203.370
422.469	1226.441
422.840	1271.245
423.211	1317.722
423.581	1354.836
423.952	1410.674
424.323	1461.497
424.693	1509.311
425.064	1554.784
425.435	1584.208
425.805	1615.973
426.176	1675.824
426.546	1707.588
426.917	1746.708
427.287	1780.479
427.657	1831.636
428.028	1893.159
428.398	1947.994
428.768	1990.793
429.138	2051.312
429.509	2097.120
429.879	2154.965
430.249	2200.772
430.619	2258.617
430.989	2300.747
431.359	2349.563
431.729	2404.399
432.099	2480.633
432.469	2541.487
432.839	2615.716
433.208	2682.254
433.578	2778.550
433.948	2850.773
434.318	2907.948
434.687	2977.830
435.057	3054.065
435.426	3138.324
435.796	3204.193
436.165	3266.719
436.535	3356.997
436.904	3449.950
437.274	3544.909
437.643	3650.901
438.012	3746.529
438.382	3825.773
438.751	3923.407
439.120	4019.034
439.489	4110.649
439.858	4183.875
440.227	4266.462
440.597	4352.059
440.966	4457.717
441.335	4545.320
441.703	4626.905
442.072	4719.189
442.441	4785.727
442.810	4844.240
443.179	4900.747
443.548	4957.923
443.916	5000.053
444.285	5042.183
444.654	5066.925
445.022	5095.346
445.391	5120.089
445.759	5123.767
446.128	5132.460
446.496	5140.485
446.865	5122.095
447.233	5123.098
447.601	5104.040
447.970	5053.885
448.338	5002.728
448.706	4928.499
449.074	4846.581
449.443	4778.036
449.811	4682.743
450.179	4605.171
450.547	4529.271
450.915	4441.668
451.283	4374.127
451.651	4285.855
452.018	4187.218
452.386	4088.582
452.754	3981.251
453.122	3886.627
453.490	3812.064
453.857	3693.700
454.225	3600.078
454.593	3516.153
454.960	3433.232
455.328	3360.341
455.695	3283.437
456.063	3189.481
456.430	3122.943
456.798	3050.052
457.165	2961.446
457.532	2897.583
457.899	2835.726
458.267	2772.532
458.634	2713.684
459.001	2658.849
459.368	2603.679
459.735	2553.859
460.102	2506.379
460.469	2455.222
460.836	2413.092
461.203	2367.619
461.570	2334.517
461.937	2302.084
462.304	2274.666
462.671	2227.856
463.037	2184.723
463.404	2148.612
463.771	2121.194
464.137	2078.396
464.504	2040.947
464.870	2016.539
465.237	1998.483
465.603	1983.102
465.970	1960.031
466.336	1935.623
466.703	1905.196
467.069	1884.800
467.435	1871.760
467.801	1841.333
468.168	1809.903
468.534	1782.485
468.900	1749.718
469.266	1751.055
469.632	1725.309
469.998	1703.241
470.364	1693.210
470.730	1678.833
471.096	1655.093
471.462	1632.691
471.827	1608.951
472.193	1599.923
472.559	1577.187
472.925	1568.159
473.290	1559.131
473.656	1550.103
474.022	1558.462
474.387	1557.794
474.753	1548.766
475.118	1543.750
475.483	1528.035
475.849	1521.348
476.214	1521.348
476.580	1519.676
476.945	1513.992
477.310	1509.311
477.675	1500.952
478.040	1502.290
478.406	1497.608
478.771	1499.280
479.136	1491.924
479.501	1487.243
479.866	1493.931
480.231	1507.639
480.595	1516.333
480.960	1526.029
481.325	1533.051
481.690	1543.750
482.055	1547.763
482.419	1557.459
482.784	1566.487
483.148	1583.540
483.513	1604.604
483.878	1608.617
484.242	1611.626
484.607	1640.716
484.971	1669.471
485.335	1682.511
485.700	1701.569
486.064	1721.631
486.428	1745.037
486.792	1787.501
487.157	1803.550
487.521	1813.581
487.885	1850.026
488.249	1871.425
488.613	1895.500
488.977	1927.598
489.341	1948.998
489.705	1981.431
490.069	2028.910
490.432	2066.024
490.796	2103.807
491.160	2140.587
491.524	2186.729
491.887	2218.828
492.251	2264.301
492.615	2296.400
492.978	2336.523
493.342	2381.328
493.705	2439.841
494.069	2506.379
494.432	2589.301
494.795	2640.459
495.159	2700.978
495.522	2747.789
495.885	2822.686
496.248	2874.512
496.612	2927.341
496.975	2985.855
497.338	3067.105
497.701	3143.674
498.064	3253.345
498.427	3308.849
498.790	3396.117
499.153	3478.036
499.515	3564.302
499.878	3655.248
500.241	3745.192
500.604	3800.027
500.966	3902.342
501.329	3989.610
501.692	4083.900
502.054	4163.813
502.417	4233.360
502.779	4333.669
503.142	4423.278
503.504	4515.896
503.866	4610.521
504.229	4703.139
504.591	4781.046
504.953	4872.995
505.315	4943.546
505.678	5025.465
506.040	5100.696
506.402	5164.559
506.764	5271.890
507.126	5367.851
507.488	5458.798
507.850	5545.398
508.212	5653.062
508.573	5751.031
508.935	5880.094
509.297	5958.670
509.659	6058.310
510.020	6135.213
510.382	6237.862
510.744	6331.149
511.105	6415.074
511.467	6480.275
511.828	6551.828
512.190	6606.998
512.551	6698.948
512.913	6761.473
513.274	6830.018
513.635	6915.949
513.996	6999.874
514.358	7078.114
514.719	7170.733
515.080	7258.336
515.441	7340.923
515.802	7434.210
516.163	7497.070
516.524	7568.624
516.885	7631.150
517.246	7714.740
517.607	7741.823
517.967	7834.107
518.328	7898.639
518.689	7977.214
519.050	8051.108
519.410	8103.269
519.771	8153.089
520.131	8262.091
520.492	8313.583
520.852	8380.455
521.213	8423.922
521.573	8456.690
521.934	8502.498
522.294	8551.314
522.654	8602.137
523.015	8604.478
523.375	8612.503
523.735	8662.991
524.095	8678.706
524.455	8716.155
524.815	8769.319
525.175	8778.681
525.535	8853.912
525.895	8932.487
526.255	8964.252
526.615	9028.115
526.974	9085.291
527.334	9117.390
527.694	9177.575
528.054	9214.689
528.413	9197.637
528.773	9220.039
529.132	9231.073
529.492	9272.534
529.851	9300.620
530.211	9319.679
530.570	9318.341
530.930	9334.391
531.289	9364.818
531.648	9380.867
532.007	9415.641
532.367	9446.737
532.726	9460.445
533.085	9491.207
533.444	9533.002
533.803	9558.079
534.162	9602.884
534.521	9599.874
534.880	9588.840
535.239	9598.871
535.597	9627.961
535.956	9653.038
536.315	9688.815
536.674	9694.499
537.032	9686.474
537.391	9743.985
537.749	9761.371
538.108	9755.018
538.466	9762.374
538.825	9751.675
539.183	9787.786
539.542	9822.225
539.900	9794.808
540.258	9807.513
540.617	9826.238
540.975	9826.906
541.333	9811.526
541.691	9795.142
542.049	9801.495
542.407	9794.139
542.765	9834.597
543.123	9833.259
543.481	9858.002
543.839	9880.070
544.197	9896.119
544.555	9873.383
544.912	9909.828
545.270	9884.082
545.628	9898.460
545.985	9849.977
546.343	9840.950
546.700	9833.928
547.058	9839.947
547.415	9802.164
547.773	9830.250
548.130	9823.228
548.488	9887.760
548.845	9898.460
549.202	9897.791
549.559	9892.107
549.916	9913.506
550.274	9861.346
550.631	9843.959
550.988	9802.164
551.345	9817.544
551.702	9806.510
552.059	9843.624
552.416	9854.658
552.772	9855.327
553.129	9862.349
553.486	9875.055
553.843	9841.618
554.199	9847.971
554.556	9795.476
554.913	9745.656
555.269	9760.034
555.626	9749.669
555.982	9706.536
556.339	9696.171
556.695	9671.094
557.051	9680.790
557.408	9665.409
557.764	9625.955
558.120	9598.203
558.476	9606.896
558.832	9574.463
559.188	9546.711
559.545	9538.017
559.901	9504.916
560.257	9507.925
560.612	9503.578
560.968	9477.832
561.324	9476.160
561.680	9498.228
562.036	9467.801
562.391	9483.182
562.747	9428.681
563.103	9393.239
563.458	9398.254
563.814	9380.198
564.169	9322.354
564.525	9295.605
564.880	9265.512
565.236	9259.159
565.591	9236.088
565.946	9183.928
566.302	9155.507
566.657	9118.058
567.012	9179.915
567.367	9158.516
567.722	9127.421
568.077	9114.046
568.432	9087.966
568.787	9039.818
569.142	9032.796
569.497	8895.708
569.852	8824.154
570.207	8798.408
570.561	8771.993
570.916	8747.251
571.271	8739.226
571.625	8682.050
571.980	8673.022
572.335	8680.713
572.689	8653.964
573.044	8609.828
573.398	8560.008
573.752	8542.621
574.107	8543.290
574.461	8508.516
574.815	8467.724
575.169	8432.950
575.524	8427.266
575.878	8422.919
576.232	8378.115
576.586	8350.697
576.940	8312.914
577.294	8304.221
577.648	8266.772
578.002	8200.234
578.355	8146.402
578.709	8103.269
579.063	8052.446
579.417	8022.688
579.770	8001.623
580.124	7979.221
580.477	7968.855
580.831	7951.134
581.185	7922.045
581.538	7899.642
581.891	7901.314
582.245	7856.844
582.598	7807.358
582.951	7777.600
583.305	7757.204
583.658	7735.805
584.011	7707.384
584.364	7658.233
584.717	7619.447
585.070	7623.794
585.423	7594.704
585.776	7573.974
586.129	7551.906
586.482	7515.126
586.835	7479.349
587.187	7442.904
587.540	7398.768
587.893	7369.344
588.245	7325.542
588.598	7303.140
588.950	7300.465
589.303	7258.336
589.655	7244.961
590.008	7195.141
590.360	7172.739
590.713	7125.594
591.065	7092.158
591.417	7054.709
591.769	7046.684
592.121	6996.864
592.474	6995.527
592.826	6950.722
593.178	6945.707
593.530	6899.231
593.882	6855.763
594.234	6793.906
594.585	6785.882
594.937	6754.117
595.289	6744.086
595.641	6688.248
595.992	6655.146
596.344	6628.063
596.696	6624.719
597.047	6595.964
597.399	6557.847
597.750	6503.011
598.102	6487.965
598.453	6465.228
598.804	6430.789
599.156	6400.362
599.507	6365.588
599.858	6318.443
600.209	6288.016
600.561	6264.277
600.912	6230.506
601.263	6204.426
601.614	6176.005
601.965	6166.643
602.316	6157.949
602.666	6134.544
603.017	6078.706
603.368	6045.269
603.719	6029.220
604.070	5993.443
604.420	5936.936
604.771	5892.466
605.121	5860.701
605.472	5841.977
605.822	5806.869
606.173	5759.724
606.523	5727.960
606.874	5701.211
607.224	5685.830
607.574	5646.041
607.924	5609.261
608.275	5581.509
608.625	5538.711
608.975	5489.225
609.325	5436.396
609.675	5403.294
610.025	5375.876
610.375	5351.133
610.725	5303.320
611.074	5269.215
611.424	5235.444
611.774	5188.633
612.124	5124.101
612.473	5074.950
612.823	5029.811
613.173	5014.431
613.522	4976.982
613.872	4973.638
614.221	4959.595
614.570	4928.165
614.920	4888.376
615.269	4861.961
615.618	4833.541
615.968	4788.402
616.317	4735.907
616.666	4688.762
617.015	4656.329
617.364	4607.177
617.713	4568.726
618.062	4509.878
618.411	4484.801
618.760	4417.928
619.109	4382.152
619.457	4346.375
619.806	4365.433
620.155	4307.589
620.503	4279.502
620.852	4256.431
621.201	4241.385
621.549	4201.596
621.898	4156.123
622.246	4096.606
622.594	4074.538
622.943	4053.473
623.291	4016.694
623.639	3985.598
623.988	3974.898
624.336	3954.502
624.684	3934.775
625.032	3907.023
625.380	3867.568
625.728	3834.132
626.076	3787.656
626.424	3743.185
626.772	3720.114
627.120	3660.263
627.467	3628.499
627.815	3594.394
628.163	3556.277
628.510	3540.562
628.858	3534.878
629.206	3495.423
629.553	3485.058
629.901	3454.631
630.248	3439.250
630.595	3417.182
630.943	3397.789
631.290	3362.012
631.637	3349.641
631.984	3302.162
632.332	3271.400
632.679	3243.982
633.026	3236.292
633.373	3197.506
633.720	3181.791
634.067	3151.699
634.414	3144.008
634.760	3152.702
635.107	3120.603
635.454	3088.170
635.801	3076.133
636.147	3051.055
636.494	3032.666
636.841	3007.588
637.187	2969.471
637.534	2945.063
637.880	2921.992
638.226	2898.921
638.573	2866.488
638.919	2848.432
639.265	2839.739
639.612	2817.336
639.958	2792.928
640.304	2767.182
640.650	2759.492
640.996	2745.783
641.342	2716.025
641.688	2689.944
642.034	2659.183
642.380	2653.833
642.726	2632.768
643.071	2602.676
643.417	2589.301
643.763	2566.899
644.108	2555.865
644.454	2542.491
644.800	2514.404
645.145	2504.373
645.491	2487.989
645.836	2456.559
646.181	2447.532
646.527	2418.442
646.872	2405.736
647.217	2402.393
647.562	2390.690
647.908	2374.306
648.253	2378.319
648.598	2362.269
648.943	2350.232
649.288	2338.864
649.633	2318.133
649.978	2279.347
650.322	2255.608
650.667	2217.825
651.012	2208.128
651.357	2182.717
651.701	2167.002
652.046	2151.621
652.390	2138.915
652.735	2132.897
653.079	2127.213
653.424	2110.829
653.768	2089.764
654.113	2086.755
654.457	2069.702
654.801	2053.987
655.145	2039.944
655.490	2024.563
655.834	2013.864
656.178	2017.542
656.522	1984.774
656.866	1967.053
657.210	1972.403
657.554	1948.329
657.897	1927.598
658.241	1905.530
658.585	1887.141
658.929	1878.447
659.272	1861.060
659.616	1849.692
659.959	1855.042
660.303	1852.367
660.646	1834.311
660.990	1822.943
661.333	1813.246
661.677	1808.565
662.020	1790.510
662.363	1774.795
662.706	1758.077
663.050	1753.396
663.393	1742.027
663.736	1724.640
664.079	1715.947
664.422	1707.254
664.765	1694.882
665.108	1681.842
665.450	1660.443
665.793	1658.102
666.136	1638.709
666.479	1622.994
666.821	1595.911
667.164	1582.537
667.507	1569.831
667.849	1567.825
668.192	1542.413
668.534	1544.085
668.876	1536.729
669.219	1531.379
669.561	1524.692
669.903	1515.664
670.246	1502.624
670.588	1492.593
670.930	1480.222
671.272	1466.513
671.614	1466.513
671.956	1453.807
672.298	1439.764
672.640	1436.420
672.982	1441.436
673.323	1431.070
673.665	1430.067
674.007	1414.018
674.349	1394.625
674.690	1389.275
675.032	1386.600
675.373	1372.557
675.715	1371.888
676.056	1367.542
676.398	1357.511
676.739	1354.501
677.080	1334.105
677.421	1324.743
677.763	1328.421
678.104	1319.393
678.445	1300.335
678.786	1309.697
679.127	1312.037
679.468	1314.378
679.809	1305.685
680.150	1287.295
680.491	1276.261
680.831	1272.917
681.172	1252.521
681.513	1248.509
681.853	1254.527
682.194	1246.502
682.535	1255.196
682.875	1257.871
683.216	1265.561
683.556	1267.567
683.896	1245.834
684.237	1238.812
684.577	1240.150
684.917	1230.787
685.257	1221.760
685.598	1206.713
685.938	1216.744
686.278	1229.450
686.618	1228.113
686.958	1228.113
687.298	1216.410
687.637	1202.032
687.977	1196.348
688.317	1179.964
688.657	1175.283
688.996	1173.946
689.336	1160.906
689.676	1156.893
690.015	1162.578
690.355	1161.240
690.694	1153.215
691.034	1147.866
691.373	1146.194
691.712	1140.175
692.051	1139.172
692.391	1132.819
692.730	1126.132
693.069	1122.788
693.408	1119.110
693.747	1106.070
694.086	1110.083
694.425	1106.405
694.764	1110.751
695.103	1116.770
695.442	1113.426
695.780	1109.080
696.119	1101.724
696.458	1098.380
696.796	1096.374
697.135	1087.012
697.473	1083.668
697.812	1078.318
698.150	1063.606
698.489	1067.619
698.827	1057.253
699.165	1051.569
699.503	1046.219
699.842	1030.839
700.180	1026.158
700.518	1035.520
700.856	1032.176
701.194	1034.517
701.532	1034.182
701.870	1034.182
702.208	1030.839
702.545	1030.839
702.883	1015.124
703.221	1006.765
703.559	1003.087
703.896	998.406
704.234	1004.424
704.571	1010.108
704.909	1001.415
705.246	1003.087
705.584	994.728
705.921	985.700
706.258	968.647
706.596	956.610
706.933	952.598
707.270	950.926
707.607	943.570
707.944	942.902
708.281	928.858
708.618	937.552
708.955	930.530
709.292	914.481
709.629	909.131
709.966	907.459
710.302	900.438
710.639	904.116
710.976	906.790
711.312	910.134
711.649	906.122
711.985	912.140
712.322	915.818
712.658	922.840
712.994	928.190
713.331	913.812
713.667	914.481
714.003	922.505
714.339	915.484
714.676	913.478
715.012	913.478
715.348	901.106
715.684	899.100
716.020	884.054
716.355	882.716
716.691	874.023
717.027	872.685
717.363	865.664
717.698	869.007
718.034	871.682
718.370	865.329
718.705	857.974
719.041	858.308
719.376	845.268
719.712	841.590
720.047	847.274
720.382	836.909
720.718	842.258
721.053	842.927
721.388	839.584
721.723	850.283
722.058	845.268
722.393	841.924
722.728	846.940
723.063	837.912
723.398	828.550
723.733	834.903
724.068	820.525
724.402	822.197
724.737	805.144
725.072	801.801
725.406	796.785
725.741	805.813
726.075	805.813
726.410	813.169
726.744	807.150
727.079	808.822
727.413	805.144
727.747	809.491
728.081	802.804
728.416	796.785
728.750	787.757
729.084	783.076
729.418	778.730
729.752	775.052
730.086	786.420
730.420	779.064
730.753	777.058
731.087	763.015
731.421	761.677
731.755	772.377
732.088	772.377
732.422	755.993
732.755	752.984
733.089	747.968
733.422	765.690
733.756	772.377
734.089	770.371
734.423	773.714
734.756	779.064
735.089	781.405
735.422	782.073
735.755	775.052
736.088	773.714
736.421	773.714
736.754	761.008
737.087	755.993
737.420	753.653
737.753	753.318
738.086	752.315
738.418	750.643
738.751	751.646
739.084	751.646
739.416	749.640
739.749	748.303
740.081	739.944
740.414	738.941
740.746	736.266
741.079	728.241
741.411	727.572
741.743	726.569
742.075	729.913
742.407	734.594
742.740	731.585
743.072	727.572
743.404	718.879
743.736	709.182
744.068	711.188
744.399	711.188
744.731	716.873
745.063	717.541
745.395	719.213
745.726	717.541
746.058	734.594
746.390	727.238
746.721	729.913
747.053	718.879
747.384	719.548
747.715	719.548
748.047	721.554
748.378	713.863
748.709	716.873
749.040	703.833
749.371	692.130
749.703	682.099
750.034	673.406
750.365	682.768
750.696	684.774
751.026	683.771
751.357	685.108
751.688	695.473
752.019	707.176
752.350	712.192
752.680	693.133
753.011	687.783
753.341	685.777
753.672	687.114
754.002	693.802
754.333	690.792
754.663	691.127
754.993	698.817
755.324	705.504
755.654	707.176
755.984	707.176
756.314	705.170
756.644	698.148
756.974	691.461
757.304	707.511
757.634	713.863
757.964	716.204
758.294	715.870
758.623	708.848
758.953	710.520
759.283	713.529
759.612	698.483
759.942	677.084
760.272	662.706
760.601	662.037
760.930	651.338
761.260	650.669
761.589	658.359
761.918	659.028
762.248	657.356
762.577	661.369
762.906	656.687
763.235	670.062
763.564	670.731
763.893	662.706
764.222	657.022
764.551	663.375
764.880	660.031
765.209	658.359
765.537	645.988
765.866	647.325
766.195	653.344
766.523	659.362
766.852	653.678
767.180	655.350
767.509	654.681
767.837	655.684
768.165	649.666
768.494	640.972
768.822	633.282
769.150	639.969
769.478	646.322
769.806	655.684
770.134	666.384
770.462	668.056
770.790	665.381
771.118	661.034
771.446	662.372
771.774	667.053
772.102	659.362
772.429	656.687
772.757	654.013
773.085	650.669
773.412	660.365
773.740	650.669
774.067	648.997
774.395	647.994
774.722	639.969
775.049	645.988
775.376	645.653
775.704	638.298
776.031	644.985
776.358	634.620
776.685	628.601
777.012	635.288
777.339	631.276
777.666	627.264
777.993	632.279
778.320	629.604
778.646	629.604
778.973	627.598
779.300	628.601
779.626	633.951
779.953	637.629
780.279	626.929
780.606	628.267
780.932	625.592
781.259	639.301
781.585	631.610
781.911	617.233
782.237	620.242
782.564	627.932
782.890	637.294
783.216	645.319
783.542	640.304
783.868	656.687
784.194	656.687
784.519	655.684
784.845	661.369
785.171	654.013
785.497	646.991
785.822	641.976
786.148	623.586
786.474	634.285
786.799	632.613
787.125	633.951
787.450	640.638
787.775	651.338
788.101	669.393
788.426	680.427
788.751	674.409
789.076	675.412
789.401	660.365
789.726	646.657
790.051	637.294
790.376	617.233
790.701	608.539
791.026	615.561
791.351	606.199
791.676	610.211
792.000	615.227
792.325	610.545
792.650	617.901
792.974	620.576
793.299	616.564
793.623	631.610
793.948	629.270
794.272	618.905
794.596	618.236
794.921	612.886
795.245	601.183
795.569	603.858
795.893	591.152
796.217	592.156
796.541	599.846
796.865	610.211
797.189	616.564
797.513	620.911
797.837	607.202
798.160	608.205
798.484	597.505
798.808	590.484
799.131	578.781
799.455	577.109
799.778	582.793
800.102	595.834
800.425	593.159
800.749	605.864
801.072	612.217
801.395	622.248
801.718	610.211
802.042	613.555
802.365	618.905
802.688	622.248
803.011	625.926
803.334	624.589
803.657	617.567
803.979	626.595
804.302	622.917
804.625	614.558
804.948	624.589
805.270	625.257
805.593	628.267
805.915	642.644
806.238	649.666
806.560	658.025
806.883	656.687
807.205	649.666
807.527	656.019
807.850	652.675
808.172	636.960
808.494	622.582
808.816	608.539
809.138	602.855
809.460	601.852
809.782	602.186
810.104	604.527
810.426	606.867
810.747	622.583
811.069	627.598
811.391	627.264
811.712	627.598
812.034	621.245
812.355	613.889
812.677	610.545
812.998	600.849
813.320	599.846
813.641	601.183
813.962	595.165
814.284	585.134
814.605	588.143
814.926	594.496
815.247	590.149
815.568	597.171
815.889	601.183
816.210	607.202
816.531	613.220
816.851	613.555
817.172	607.202
817.493	605.864
817.814	602.186
818.134	596.168
818.455	600.849
818.775	596.502
819.096	596.502
819.416	601.852
819.736	606.199
820.057	609.877
820.377	615.561
820.697	615.895
821.017	620.911
821.337	630.273
821.657	633.282
821.977	631.945
822.297	617.233
822.617	608.874
822.937	613.889
823.257	615.227
823.577	615.561
823.896	618.570
824.216	618.236
824.535	625.926
824.855	624.589
825.174	619.239
825.494	625.257
825.813	621.579
826.132	614.558
826.452	616.898
826.771	614.892
827.090	625.257
827.409	632.613
827.728	622.248
828.047	626.929
828.366	634.954
828.685	637.294
829.004	639.301
829.323	636.626
829.642	621.579
829.960	617.567
830.279	606.533
830.597	596.168
830.916	592.156
831.235	587.474
831.553	585.468
831.871	589.481
832.190	597.840
832.508	607.871
832.826	609.208
833.144	610.211
833.463	612.886
833.781	602.186
834.099	594.830
834.417	593.827
834.734	580.787
835.052	575.103
835.370	577.109
835.688	580.787
836.006	596.837
836.323	605.196
836.641	610.545
836.958	614.892
837.276	620.242
837.593	608.205
837.911	599.846
838.228	597.171
838.545	595.165
838.863	578.112
839.180	579.450
839.497	581.790
839.814	593.159
840.131	595.499
840.448	600.849
840.765	605.864
841.082	624.589
841.399	628.267
841.716	625.592
842.032	617.233
842.349	621.914
842.666	622.917
842.982	609.877
843.299	599.512
843.615	590.149
843.932	575.772
844.248	579.115
844.564	579.115
844.880	568.081
845.197	577.778
845.513	570.756
845.829	574.434
846.145	584.465
846.461	590.149
846.777	578.447
847.093	575.103
847.409	578.781
847.724	580.453
848.040	585.468
848.356	595.499
848.671	600.849
848.987	619.239
849.303	632.279
849.618	636.960
849.933	645.653
850.249	641.976
850.564	638.298
850.879	618.905
851.195	609.877
851.510	604.193
851.825	601.518
852.140	592.490
852.455	592.156
852.770	586.806
853.085	596.837
853.399	592.824
853.714	593.159
854.029	585.134
854.344	593.827
854.658	596.502
854.973	594.830
855.287	601.518
855.602	608.539
855.916	604.527
856.231	633.282
856.545	632.613
856.859	630.942
857.173	640.972
857.488	635.623
857.802	626.260
858.116	624.589
858.430	603.524
858.744	594.830
859.058	589.481
859.371	577.444
859.685	572.428
859.999	579.784
860.313	577.109
860.626	572.094
860.940	579.450
861.253	586.806
861.567	598.843
861.880	599.512
862.193	594.162
862.507	600.515
862.820	595.499
863.133	607.202
863.446	604.193
863.759	597.840
864.073	601.852
864.386	600.180
864.698	598.843
865.011	598.174
865.324	587.140
865.637	584.465
865.950	586.806
866.262	584.465
866.575	587.809
866.887	585.803
867.200	598.174
867.512	600.849
867.825	607.536
868.137	618.570
868.449	626.595
868.762	639.301
869.074	645.653
869.386	638.632
869.698	624.923
870.010	621.914
870.322	607.202
870.634	603.189
870.946	593.493
871.258	590.149
871.570	589.815
871.881	594.496
872.193	592.824
872.504	591.821
872.816	595.834
873.128	592.156
873.439	591.152
873.750	595.834
874.062	599.846
874.373	595.165
874.684	608.205
874.995	601.518
875.307	608.205
875.618	603.189
875.929	606.867
876.240	601.183
876.550	601.183
876.861	584.465
877.172	576.106
877.483	575.772
877.794	582.793
878.104	579.450
878.415	578.447
878.725	592.824
879.036	604.861
879.346	609.542
879.657	610.545
879.967	607.202
880.277	601.183
880.587	617.233
880.898	611.214
881.208	611.883
881.518	610.880
881.828	611.883
882.138	615.227
882.448	608.205
882.757	591.821
883.067	590.149
883.377	578.112
883.687	583.796
883.996	583.128
884.306	579.115
884.615	586.137
884.925	594.830
885.234	590.149
885.543	597.505
885.853	600.849
886.162	598.843
886.471	603.524
886.780	605.196
887.089	606.867
887.398	614.223
887.707	613.555
888.016	602.855
888.325	597.840
888.634	595.834
888.943	592.156
889.251	585.803
889.560	573.766
889.869	577.444
890.177	591.487
890.486	591.487
890.794	600.515
891.102	599.512
891.411	608.539
891.719	622.248
892.027	625.926
892.335	624.923
892.644	622.583
892.952	617.567
893.260	622.582
893.568	621.579
893.875	610.545
894.183	598.174
894.491	594.496
894.799	598.508
895.106	589.146
895.414	587.140
895.722	584.465
896.029	593.493
896.337	603.189
896.644	599.846
896.951	595.165
897.259	607.202
897.566	611.883
897.873	603.524
898.180	603.858
898.487	594.830
898.794	589.481
899.101	599.846
899.408	587.809
899.715	581.456
900.022	582.793
900.329	578.447
900.635	581.790
900.942	590.149
901.248	589.481
901.555	595.499
901.861	596.502
902.168	603.189
902.474	606.867
902.781	608.874
903.087	608.874
903.393	604.861
903.699	610.545
904.005	604.861
904.311	602.855
904.617	597.171
904.923	588.812
905.229	591.821
905.535	593.827
905.841	587.474
906.146	596.502
906.452	584.465
906.758	576.441
907.063	573.431
907.369	564.738
907.674	555.376
907.979	571.091
908.285	559.054
908.590	574.769
908.895	593.493
909.200	608.539
909.506	616.230
909.811	622.583
910.116	613.555
910.421	631.276
910.725	632.948
911.030	620.911
911.335	619.908
911.640	625.257
911.944	632.279
912.249	629.270
912.554	623.920
912.858	625.926
913.163	631.276
913.467	626.595
913.771	609.877
914.076	602.855
914.380	589.815
914.684	591.487
914.988	588.812
915.292	590.818
915.596	588.478
915.900	589.815
916.204	584.800
916.508	596.168
916.812	600.515
917.115	592.490
917.419	585.468
917.723	586.137
918.026	585.803
918.330	589.481
918.633	594.830
918.937	585.468
919.240	576.775
919.543	580.118
919.846	578.781
920.150	580.453
920.453	579.450
920.756	568.416
921.059	570.422
921.362	587.809
921.665	584.465
921.967	582.793
922.270	586.471
922.573	589.815
922.876	585.803
923.178	584.131
923.481	580.118
923.783	588.143
924.086	593.827
924.388	586.137
924.691	582.793
924.993	586.806
925.295	584.800
925.597	572.428
925.899	557.382
926.201	557.382
926.503	567.078
926.805	568.416
927.107	575.772
927.409	580.787
927.711	596.168
928.013	606.533
928.314	603.524
928.616	605.864
928.918	605.530
929.219	607.202
929.520	605.530
929.822	607.871
930.123	601.183
930.425	600.180
930.726	598.843
931.027	594.496
931.328	588.143
931.629	586.806
931.930	578.112
932.231	583.462
932.532	586.471
932.833	575.103
933.134	585.134
933.434	579.450
933.735	578.781
934.036	575.103
934.336	567.413
934.637	573.097
934.937	584.465
935.238	568.416
935.538	571.425
935.838	566.410
936.138	570.422
936.439	573.766
936.739	578.447
937.039	582.793
937.339	588.478
937.639	589.481
937.939	589.815
938.238	586.806
938.538	589.481
938.838	574.100
939.138	559.054
939.437	568.750
939.737	570.756
940.036	575.437
940.336	589.481
940.635	591.821
940.934	597.505
941.234	604.193
941.533	597.840
941.832	602.855
942.131	601.518
942.430	596.502
942.729	603.189
943.028	597.840
943.327	597.840
943.626	605.196
943.925	603.189
944.223	599.177
944.522	599.846
944.821	594.496
945.119	594.162
945.418	596.837
945.716	603.189
946.014	605.196
946.313	618.570
946.611	620.242
946.909	618.570
947.207	616.564
947.505	617.567
947.803	604.861
948.101	600.180
948.399	589.815
948.697	587.809
948.995	589.815
949.293	600.515
949.590	591.152
949.888	588.478
950.186	586.137
950.483	587.140
950.781	587.474
951.078	592.156
951.375	585.468
951.673	589.481
951.970	590.484
952.267	596.837
952.564	591.487
952.861	580.787
953.158	576.441
953.455	575.772
953.752	574.100
954.049	579.450
954.346	580.787
954.643	589.481
954.939	590.818
955.236	586.137
955.532	592.156
955.829	598.174
956.125	595.165
956.422	589.815
956.718	590.818
957.014	599.177
957.311	606.867
957.607	607.871
957.903	602.521
958.199	606.533
958.495	614.892
958.791	611.883
959.087	610.211
959.382	602.855
959.678	601.518
959.974	611.883
960.270	604.193
960.565	593.493
960.861	592.156
961.156	585.468
961.452	592.490
961.747	587.140
962.042	585.134
962.338	596.502
962.633	593.827
962.928	593.493
963.223	602.521
963.518	594.496
963.813	595.834
964.108	587.474
964.403	583.128
964.697	592.156
964.992	596.168
965.287	588.478
965.582	592.490
965.876	597.171
966.171	599.846
966.465	602.855
966.759	603.858
967.054	595.499
967.348	590.149
967.642	584.465
967.936	581.456
968.231	579.115
968.525	573.766
968.819	569.085
969.112	576.106
969.406	589.815
969.700	596.168
969.994	593.827
970.288	595.165
970.581	590.149
970.875	582.793
971.168	576.775
971.462	571.425
971.755	568.416
972.049	566.744
972.342	576.441
972.635	576.441
972.928	593.159
973.222	591.821
973.515	600.849
973.808	601.852
974.101	603.858
974.393	592.156
974.686	652.006
974.979	652.341
975.272	662.037
975.564	658.694
975.857	655.350
976.150	662.372
976.442	669.728
976.735	608.539
977.027	598.508
977.319	591.487
977.612	586.806
977.904	599.177
978.196	598.508
978.488	593.493
978.780	598.843
979.072	595.834
979.364	596.837
979.656	595.834
979.948	584.800
980.239	581.122
980.531	582.459
980.823	578.447
981.114	576.441
981.406	578.447
981.697	570.422
981.989	576.441
982.280	574.434
982.571	575.437
982.862	579.784
983.154	591.821
983.445	597.840
983.736	610.211
984.027	606.199
984.318	601.518
984.609	602.855
984.899	608.874
985.190	602.855
985.481	591.821
985.771	586.137
986.062	587.474
986.353	594.162
986.643	592.490
986.933	585.803
987.224	581.790
987.514	581.790
987.804	572.428
988.094	568.081
988.385	570.422
988.675	560.725
988.965	559.722
989.255	575.772
989.544	585.468
989.834	596.168
990.124	604.861
990.414	611.549
990.703	619.573
990.993	620.911
991.283	609.877
991.572	609.208
991.861	599.846
992.151	586.471
992.440	584.800
992.729	599.177
993.019	601.852
993.308	601.183
993.597	595.499
993.886	609.542
994.175	616.230
994.464	611.214
994.752	594.162
995.041	595.834
995.330	597.840
995.619	596.168
995.907	594.830
996.196	596.837
996.484	589.815
996.773	596.168
997.061	589.481
997.349	587.809
997.638	594.496
997.926	591.487
998.214	596.502
998.502	607.871
998.790	606.867
999.078	606.867
999.366	605.530
999.654	600.180
999.941	602.186
1000.229	600.515
1000.517	592.490
1000.804	607.536
1001.092	605.864
1001.379	607.871
1001.667	608.539
1001.954	597.505
1002.242	593.159
1002.529	589.815
1002.816	576.775
1003.103	578.781
1003.390	583.462
1003.677	582.125
1003.964	591.487
1004.251	591.821
1004.538	598.508
1004.825	593.827
1005.111	595.499
1005.398	589.481
1005.685	593.159
1005.971	594.830
1006.258	600.180
1006.544	599.177
1006.831	600.515
1007.117	593.827
1007.403	590.149
1007.689	588.478
1007.975	585.134
1008.261	583.796
1008.547	581.122
1008.833	582.125
1009.119	592.156
1009.405	592.156
1009.691	598.843
1009.977	597.505
1010.262	591.152
1010.548	588.812
1010.833	589.815
1011.119	590.149
1011.404	595.499
1011.690	587.809
1011.975	587.140
1012.260	593.827
1012.545	603.189
1012.831	605.196
1013.116	606.533
1013.401	601.183
1013.686	592.824
1013.970	599.177
1014.255	590.818
1014.540	574.100
1014.825	571.759
1015.109	567.078
1015.394	575.103
1015.679	577.778
1015.963	570.756
1016.247	574.769
1016.532	586.806
1016.816	579.784
1017.100	582.793
1017.384	580.453
1017.669	579.115
1017.953	578.781
1018.237	588.143
1018.521	605.196
1018.804	602.186
1019.088	602.855
1019.372	594.496
1019.656	606.199
1019.939	604.861
1020.223	598.174
1020.506	583.796
1020.790	594.830
1021.073	602.855
1021.357	608.205
1021.640	603.858
1021.923	611.883
1022.206	615.227
1022.489	617.901
1022.772	623.586
1023.055	613.889
1023.338	617.567
1023.621	623.920
1023.904	621.245
1024.187	605.530
1024.469	599.512
1024.752	594.496
1025.035	519.599
1025.317	594.496
