339.628	662.372
340.007	662.372
340.385	662.372
340.764	629.604
341.143	618.905
341.521	605.530
341.900	590.149
342.278	583.128
342.657	580.118
343.035	560.057
343.413	552.701
343.792	552.366
344.170	542.336
344.548	539.326
344.927	540.998
345.305	552.366
345.683	560.391
346.061	566.410
346.439	568.750
346.818	584.800
347.196	607.202
347.574	620.576
347.952	639.635
348.330	662.706
348.708	677.084
349.085	683.436
349.463	693.467
349.841	697.814
350.219	695.473
350.597	693.802
350.974	688.452
351.352	691.127
351.730	707.845
352.107	718.879
352.485	725.232
352.862	741.615
353.240	752.649
353.617	755.993
353.995	757.665
354.372	760.674
354.750	759.671
355.127	757.999
355.504	753.318
355.881	748.971
356.259	766.358
356.636	760.674
357.013	762.346
357.390	759.337
357.767	762.012
358.144	765.690
358.521	768.699
358.898	761.008
359.275	775.386
359.652	768.364
360.029	772.377
360.406	769.033
360.783	771.039
361.159	770.705
361.536	770.036
361.913	764.352
362.290	769.368
362.666	766.024
363.043	763.683
363.419	767.361
363.796	764.686
364.172	749.640
364.549	748.303
364.925	733.256
365.302	731.250
365.678	726.904
366.054	719.882
366.431	721.219
366.807	726.904
367.183	729.913
367.559	740.612
367.935	743.956
368.312	745.962
368.688	742.619
369.064	738.272
369.440	748.637
369.816	744.959
370.192	750.643
370.567	749.640
370.943	759.337
371.319	750.643
371.695	749.306
372.071	735.263
372.446	736.266
372.822	725.566
373.198	718.210
373.573	708.514
373.949	716.873
374.325	719.548
374.700	723.560
375.075	723.560
375.451	728.241
375.826	742.953
376.202	743.622
376.577	746.297
376.952	743.287
377.328	747.300
377.703	767.696
378.078	765.690
378.453	767.696
378.828	774.383
379.203	770.705
379.578	775.052
379.953	775.720
380.328	767.361
380.703	767.696
381.078	756.662
381.453	751.981
381.828	754.321
382.203	750.978
382.578	747.968
382.952	737.937
383.327	737.937
383.702	744.290
384.076	744.959
384.451	752.315
384.825	762.012
385.200	764.686
385.574	766.693
385.949	770.371
386.323	764.686
386.698	766.024
387.072	763.349
387.446	761.008
387.821	766.358
388.195	757.330
388.569	757.999
388.943	760.340
389.317	768.364
389.691	762.346
390.065	759.671
390.439	767.027
390.813	776.389
391.187	778.730
391.561	783.745
391.935	782.408
392.309	791.101
392.683	793.107
393.056	782.742
393.430	786.086
393.804	778.730
394.178	777.058
394.551	777.058
394.925	774.049
395.298	764.352
395.672	769.368
396.045	772.711
396.419	784.079
396.792	784.748
397.165	798.791
397.539	803.807
397.912	821.528
398.285	825.206
398.659	821.528
399.032	834.234
399.405	841.924
399.778	832.896
400.151	831.893
400.524	831.225
400.897	831.893
401.270	833.565
401.643	819.188
402.016	821.862
402.389	818.519
402.762	823.200
403.134	834.903
403.507	839.918
403.880	846.271
404.253	858.308
404.625	867.001
404.998	874.023
405.370	879.373
405.743	874.357
406.115	877.367
406.488	890.407
406.860	895.756
407.233	904.784
407.605	921.837
407.977	928.858
408.350	942.902
408.722	945.576
409.094	949.923
409.466	953.601
409.838	957.948
410.210	969.651
410.582	987.706
410.954	997.737
411.326	1014.121
411.698	1022.480
412.070	1049.897
412.442	1058.591
412.814	1066.950
413.186	1077.650
413.558	1084.671
413.929	1104.398
414.301	1125.129
414.673	1141.847
415.044	1168.262
415.416	1196.682
415.787	1215.407
416.159	1255.865
416.530	1278.267
416.902	1313.041
417.273	1344.471
417.645	1371.888
418.016	1393.287
418.387	1433.745
418.758	1461.832
419.130	1511.317
419.501	1550.103
419.872	1578.524
420.243	1615.304
420.614	1662.115
420.985	1699.898
421.356	1745.371
421.727	1785.160
422.098	1821.940
422.469	1866.410
422.840	1913.555
423.211	1955.016
423.581	1998.817
423.952	2050.644
424.323	2097.454
424.693	2147.274
425.064	2202.778
425.435	2256.945
425.805	2321.477
426.176	2384.337
426.546	2424.126
426.917	2485.315
427.287	2543.159
427.657	2616.050
428.028	2683.926
428.398	2738.761
428.768	2818.674
429.138	2910.958
429.509	2995.217
429.879	3103.216
430.249	3174.770
430.619	3266.385
430.989	3357.666
431.359	3438.247
431.729	3521.169
432.099	3596.400
432.469	3671.632
432.839	3781.303
433.208	3871.580
433.578	3970.217
433.948	4054.142
434.318	4155.454
434.687	4271.812
435.057	4376.133
435.426	4484.132
435.796	4604.168
436.165	4710.495
436.535	4846.581
436.904	4955.248
437.274	5070.938
437.643	5205.686
438.012	5316.360
438.382	5427.702
438.751	5538.376
439.120	5643.032
439.489	5766.746
439.858	5898.819
440.227	6003.140
440.597	6117.826
440.966	6237.193
441.335	6390.331
441.703	6484.621
442.072	6601.983
442.441	6684.570
442.810	6772.507
443.179	6844.730
443.548	6922.636
443.916	6987.168
444.285	7051.700
444.654	7074.771
445.022	7098.510
445.391	7106.201
445.759	7134.287
446.128	7113.222
446.496	7068.083
446.865	7047.019
447.233	7016.257
447.601	6995.527
447.970	6946.041
448.338	6850.748
448.706	6772.173
449.074	6687.914
449.443	6594.627
449.811	6498.999
450.179	6387.991
450.547	6271.298
450.915	6187.708
451.283	6086.062
451.651	5986.422
452.018	5887.785
452.386	5772.764
452.754	5618.623
453.122	5524.667
453.490	5425.696
453.857	5320.038
454.225	5203.011
454.593	5120.758
454.960	5023.793
455.328	4953.577
455.695	4853.602
456.063	4748.613
456.430	4660.675
456.798	4571.066
457.165	4485.804
457.532	4424.616
457.899	4371.118
458.267	4304.245
458.634	4240.048
459.001	4198.921
459.368	4164.816
459.735	4082.897
460.102	4018.700
460.469	3976.905
460.836	3963.864
461.203	3922.403
461.570	3876.262
461.937	3848.175
462.304	3845.500
462.671	3811.730
463.037	3756.225
463.404	3707.409
463.771	3681.663
464.137	3648.226
464.504	3622.481
464.870	3595.732
465.237	3590.047
465.603	3606.431
465.970	3573.998
466.336	3563.298
466.703	3524.847
467.069	3500.773
467.435	3467.671
467.801	3441.256
468.168	3385.752
468.534	3377.059
468.900	3364.353
469.266	3393.777
469.632	3385.752
469.998	3378.062
470.364	3366.359
470.730	3396.452
471.096	3418.854
471.462	3404.811
471.827	3378.062
472.193	3353.988
472.559	3363.350
472.925	3401.133
473.290	3395.783
473.656	3410.829
474.022	3433.232
474.387	3430.891
474.753	3457.640
475.118	3483.052
475.483	3486.061
475.849	3490.407
476.214	3479.374
476.580	3482.048
476.945	3536.215
477.310	3578.345
477.675	3598.072
478.040	3611.781
478.406	3640.870
478.771	3669.626
479.136	3726.133
479.501	3770.603
479.866	3825.438
480.231	3872.918
480.595	3937.115
480.960	4029.734
481.325	4107.975
481.690	4186.215
482.055	4255.763
482.419	4318.288
482.784	4410.238
483.148	4512.887
483.513	4576.416
483.878	4663.016
484.242	4732.898
484.607	4834.544
484.971	4938.530
485.335	5022.455
485.700	5108.721
486.064	5230.429
486.428	5334.750
486.792	5464.148
487.157	5569.806
487.521	5677.137
487.885	5798.510
488.249	5903.834
488.613	5990.768
488.977	6137.219
489.341	6246.221
489.705	6347.198
490.069	6442.492
490.432	6570.887
490.796	6702.626
491.160	6845.064
491.524	6969.781
491.887	7083.464
492.251	7207.847
492.615	7377.034
492.978	7533.850
493.342	7683.310
493.705	7804.349
494.069	7939.097
494.432	8095.913
494.795	8251.057
495.159	8384.468
495.522	8516.206
495.885	8619.859
496.248	8793.393
496.612	8938.172
496.975	9086.963
497.338	9231.073
497.701	9406.947
498.064	9531.999
498.427	9751.006
498.790	9920.862
499.153	10085.368
499.515	10259.571
499.878	10479.916
500.241	10653.450
500.604	10868.779
500.966	11003.193
501.329	11186.423
501.692	11358.285
502.054	11545.528
502.417	11692.982
502.779	11901.958
503.142	12085.858
503.504	12285.138
503.866	12468.702
504.229	12693.728
504.591	12893.343
504.953	13082.592
505.315	13220.683
505.678	13372.484
506.040	13546.686
506.402	13717.211
506.764	13855.971
507.126	14039.202
507.488	14199.696
507.850	14382.258
508.212	14628.683
508.573	14880.792
508.935	15103.477
509.297	15330.843
509.659	15538.817
510.020	15800.288
510.382	16058.416
510.744	16270.736
511.105	16468.678
511.467	16721.790
511.828	16979.918
512.190	17249.748
512.551	17464.074
512.913	17747.614
513.274	18012.428
513.635	18267.881
513.996	18572.485
514.358	18859.368
514.719	19134.883
515.080	19463.895
515.441	19677.887
515.802	19936.683
516.163	20239.281
516.524	20420.505
516.885	20654.559
517.246	20852.167
517.607	21102.939
517.967	21358.391
518.328	21564.359
518.689	21834.189
519.050	22070.917
519.410	22243.448
519.771	22501.910
520.131	22674.441
520.492	22890.105
520.852	23106.772
521.213	23226.473
521.573	23410.373
521.934	23671.844
522.294	23823.979
522.654	24017.240
523.015	24190.440
523.375	24350.934
523.735	24529.483
524.095	24735.116
524.455	24900.959
524.815	25116.957
525.175	25229.303
525.535	25342.318
525.895	25514.514
526.255	25638.563
526.615	25709.782
526.974	25819.787
527.334	25931.464
527.694	26070.224
528.054	26268.501
528.413	26404.921
528.773	26522.951
529.132	26682.442
529.492	26791.109
529.851	26907.133
530.211	27112.431
530.570	27186.994
530.930	27316.058
531.289	27465.518
531.648	27622.668
532.007	27744.042
532.367	27783.831
532.726	27855.384
533.085	27995.148
533.444	28092.781
533.803	28160.991
534.162	28215.158
534.521	28281.696
534.880	28379.330
535.239	28458.908
535.597	28449.546
535.956	28426.141
536.315	28450.549
536.674	28489.335
537.032	28529.124
537.391	28546.177
537.749	28556.208
538.108	28670.559
538.466	28809.988
538.825	28845.097
539.183	28866.830
539.542	28934.371
539.900	29095.199
540.258	29187.818
540.617	29229.947
540.975	29286.120
541.333	29406.491
541.691	29578.687
542.049	29647.566
542.407	29654.253
542.765	29754.227
543.123	29854.536
543.481	29941.805
543.839	30119.017
544.197	30238.718
544.555	30421.280
544.912	30713.178
545.270	30837.227
545.628	31048.878
545.985	31265.210
546.343	31428.379
546.700	31582.186
547.058	31742.680
547.415	31855.360
547.773	32090.751
548.130	32287.356
548.488	32504.357
548.845	32759.475
549.202	33009.913
549.559	33264.697
549.916	33530.180
550.274	33723.107
550.631	33896.641
550.988	34040.083
551.345	34225.654
551.702	34365.752
552.059	34545.973
552.416	34653.972
552.772	34743.581
553.129	34893.041
553.486	35074.599
553.843	35203.663
554.199	35335.068
554.556	35375.526
554.913	35491.884
555.269	35602.223
555.626	35667.424
555.982	35733.962
556.339	35801.503
556.695	35892.784
557.051	35981.390
557.408	36025.526
557.764	36182.342
558.120	36352.198
558.476	36481.261
558.832	36533.422
559.188	36625.706
559.545	36759.785
559.901	36776.838
560.257	36797.903
560.612	36694.585
560.968	36629.384
561.324	36629.384
561.680	36584.579
562.036	36679.204
562.391	36753.098
562.747	36793.556
563.103	36962.409
563.458	37051.349
563.814	37166.704
564.169	37309.811
564.525	37307.136
564.880	37388.721
565.236	37407.779
565.591	37419.482
565.946	37397.748
566.302	37425.500
566.657	37382.033
567.012	37382.702
567.367	37327.198
567.722	37322.851
568.077	37285.403
568.432	37296.437
568.787	37260.994
569.142	37301.452
569.497	37273.031
569.852	37312.152
570.207	37274.703
570.561	37133.268
570.916	37041.987
571.271	36939.672
571.625	36828.329
571.980	36640.418
572.335	36493.298
572.689	36466.215
573.044	36545.793
573.398	36542.450
573.752	36514.698
574.107	36499.317
574.461	36525.732
574.815	36515.366
575.169	36470.562
575.524	36443.479
575.878	36346.513
576.232	36247.877
576.586	36185.351
576.940	36079.692
577.294	36090.726
577.648	36102.763
578.002	36021.848
578.355	36073.674
578.709	36161.611
579.063	36076.683
579.417	36069.662
579.770	36024.523
580.124	35964.337
580.477	36012.486
580.831	36048.262
581.185	36070.999
581.538	36222.131
581.891	36385.968
582.245	36558.499
582.598	36679.204
582.951	36740.058
583.305	36814.955
583.658	37005.207
584.011	37168.042
584.364	37366.653
584.717	37599.369
585.070	37779.590
585.423	38025.681
585.776	38378.767
586.129	38535.917
586.482	38796.386
586.835	38970.923
587.187	39072.903
587.540	39327.019
587.893	39436.689
588.245	39487.512
588.598	39573.778
588.950	39717.554
589.303	39873.032
589.655	40049.241
590.008	40137.513
590.360	40491.268
590.713	40750.064
591.065	41050.990
591.417	41090.779
591.769	41276.685
592.121	41445.872
592.474	41596.669
592.826	41666.217
593.178	41835.404
593.530	41972.158
593.882	42252.354
594.234	42467.349
594.585	42597.081
594.937	42611.793
595.289	42654.592
595.641	42628.511
595.992	42737.513
596.344	42755.569
596.696	42682.678
597.047	42738.182
597.399	42905.363
597.750	42986.279
598.102	43015.034
598.453	42901.351
598.804	42874.936
599.156	43015.368
599.507	42971.233
599.858	43043.455
600.209	43117.015
600.561	43283.861
600.912	43346.721
601.263	43308.938
601.614	43296.567
601.965	43436.665
602.316	43465.420
602.666	43502.200
603.017	43486.819
603.368	43596.824
603.719	43720.204
604.070	43630.929
604.420	43481.804
604.771	43400.888
605.121	43317.966
605.472	43198.265
605.822	43037.102
606.173	42934.787
606.523	42911.716
606.874	42913.054
607.224	42911.716
607.574	42728.486
607.924	42624.499
608.275	42536.562
608.625	42408.835
608.975	42306.520
609.325	42084.504
609.675	41833.732
610.025	41672.904
610.375	41508.732
610.725	41386.690
611.074	41286.716
611.424	41161.330
611.774	41067.374
612.124	41042.631
612.473	41045.306
612.823	40918.583
613.173	40749.730
613.522	40585.558
613.872	40349.498
614.221	40161.252
614.570	39898.778
614.920	39602.867
615.269	39422.646
615.618	39245.100
615.968	39035.120
616.317	38921.437
616.666	38676.015
617.015	38429.256
617.364	38238.669
617.713	37912.332
618.062	37583.319
618.411	37255.979
618.760	36899.214
619.109	36644.765
619.457	36389.981
619.806	36144.224
620.155	35973.365
620.503	35761.380
620.852	35633.319
621.201	35515.289
621.549	35453.766
621.898	35353.792
622.246	35290.263
622.594	35261.174
622.943	35280.232
623.291	35200.320
623.639	35107.033
623.988	34995.356
624.336	35032.135
624.684	34949.548
625.032	35022.773
625.380	35147.156
625.728	35221.050
626.076	35303.972
626.424	35406.956
626.772	35371.513
627.120	35389.903
627.467	35243.118
627.815	35150.834
628.163	35107.033
628.510	35108.704
628.858	35159.193
629.206	35225.397
629.553	35447.079
629.901	35527.660
630.248	35564.440
630.595	35610.248
630.943	35673.442
631.290	35651.040
631.637	35575.474
631.984	35447.079
632.332	35415.315
632.679	35290.263
633.026	35230.747
633.373	35108.370
633.720	35091.318
634.067	35115.726
634.414	35058.550
634.760	35065.572
635.107	35198.314
635.454	35308.653
635.801	35391.575
636.147	35357.804
636.494	35416.318
636.841	35449.754
637.187	35406.621
637.534	35285.582
637.880	35107.033
638.226	34935.839
638.573	34730.541
638.919	34578.072
639.265	34401.528
639.612	34382.135
639.958	34235.350
640.304	34182.187
640.650	34134.038
640.996	34127.017
641.342	34030.721
641.688	33943.452
642.034	33734.141
642.380	33627.145
642.726	33517.140
643.071	33384.733
643.417	33358.652
643.763	33275.062
644.108	33156.029
644.454	33112.227
644.800	32989.851
645.145	32916.626
645.491	32892.551
645.836	32771.512
646.181	32707.649
646.527	32662.176
646.872	32545.149
647.217	32579.588
647.562	32471.589
647.908	32207.443
648.253	31983.086
648.598	31668.786
648.943	31418.348
649.288	31225.756
649.633	30909.783
649.978	30614.207
650.322	30493.837
650.667	30418.605
651.012	30329.999
651.357	30326.656
651.701	30214.310
652.046	30135.735
652.390	30168.168
652.735	30129.382
653.079	29989.618
653.424	29911.043
653.768	29670.303
654.113	29553.944
654.457	29461.995
654.801	29146.357
655.145	28880.539
655.490	28671.228
655.834	28503.713
656.178	28439.515
656.522	28262.637
656.866	28028.250
657.210	28079.741
657.554	28034.602
657.897	27921.254
658.241	27822.617
658.585	27658.779
658.929	27584.216
659.272	27517.344
659.616	27240.158
659.959	27016.135
660.303	26904.792
660.646	26644.659
660.990	26479.484
661.333	26263.151
661.677	26105.667
662.020	25954.535
662.363	25771.304
662.706	25524.545
663.050	25363.717
663.393	25101.577
663.736	24920.018
664.079	24765.543
664.422	24581.978
664.765	24479.329
665.108	24336.890
665.450	24154.663
665.793	24063.382
666.136	23897.204
666.479	23741.726
666.821	23677.194
667.164	23549.802
667.507	23399.673
667.849	23293.680
668.192	23064.642
668.534	22870.378
668.876	22648.361
669.219	22418.989
669.561	22149.827
669.903	22020.094
670.246	21816.802
670.588	21671.355
670.930	21477.424
671.272	21264.101
671.614	21148.412
671.956	21141.725
672.298	21014.667
672.640	20992.934
672.982	20951.807
673.323	20964.178
673.665	20941.107
674.007	20807.362
674.349	20686.658
674.690	20592.702
675.032	20491.390
675.373	20411.478
675.715	20322.872
676.056	20310.166
676.398	20262.018
676.739	20186.452
677.080	20109.548
677.421	20092.830
677.763	19992.522
678.104	19940.696
678.445	19786.889
678.786	19722.357
679.127	19638.432
679.468	19584.265
679.809	19485.294
680.150	19528.427
680.491	19502.347
680.831	19528.093
681.172	19566.210
681.513	19615.361
681.853	19584.934
682.194	19530.099
682.535	19425.443
682.875	19314.435
683.216	19225.160
683.556	19093.756
683.896	18980.742
684.237	18932.259
684.577	18908.519
684.917	18893.473
685.257	18886.117
685.598	18870.068
685.938	18843.987
686.278	18774.440
686.618	18721.611
686.958	18653.067
687.298	18575.160
687.637	18488.895
687.977	18345.119
688.317	18192.650
688.657	18125.777
688.996	18005.741
689.336	17955.253
689.676	17859.291
690.015	17814.486
690.355	17828.864
690.694	17850.597
691.034	17783.725
691.373	17751.292
691.712	17599.825
692.051	17519.579
692.391	17395.196
692.730	17220.659
693.069	17057.824
693.408	16928.760
693.747	16829.121
694.086	16763.251
694.425	16673.308
694.764	16542.906
695.103	16428.889
695.442	16315.874
695.780	16190.489
696.119	16008.930
696.458	15824.028
696.796	15635.782
697.135	15443.189
697.473	15267.314
697.812	15104.146
698.150	14932.618
698.489	14777.474
698.827	14644.732
699.165	14449.464
699.503	14353.168
699.842	14244.500
700.180	14091.028
700.518	13937.221
700.856	13812.504
701.194	13691.131
701.532	13629.274
701.870	13543.008
702.208	13464.099
702.545	13413.276
702.883	13356.769
703.221	13300.930
703.559	13167.854
703.896	13061.192
704.234	12945.503
704.571	12816.439
704.909	12662.967
705.246	12527.885
705.584	12375.750
705.921	12278.450
706.258	12171.789
706.596	12039.716
706.933	11934.057
707.270	11875.878
707.607	11798.641
707.944	11709.366
708.281	11617.082
708.618	11497.046
708.955	11394.062
709.292	11318.496
709.629	11196.454
709.966	11093.471
710.302	11030.276
710.639	10952.035
710.976	10914.587
711.312	10885.163
711.649	10854.067
711.985	10797.894
712.322	10756.099
712.658	10690.564
712.994	10598.280
713.331	10507.668
713.667	10400.338
714.003	10248.537
714.339	10151.238
714.676	9999.103
715.012	9865.692
715.348	9784.442
715.684	9661.063
716.020	9560.420
716.355	9541.027
716.691	9482.513
717.027	9444.730
717.363	9398.923
717.698	9336.731
718.034	9280.893
718.370	9205.996
718.705	9086.294
719.041	9004.375
719.376	8931.819
719.712	8841.541
720.047	8802.420
720.382	8774.668
720.718	8726.520
721.053	8646.942
721.388	8593.444
721.723	8525.903
722.058	8487.451
722.393	8387.811
722.728	8274.797
723.063	8205.584
723.398	8150.748
723.733	8040.743
724.068	7983.567
724.402	7911.011
724.737	7862.528
725.072	7794.318
725.406	7736.474
725.741	7681.973
726.075	7638.171
726.410	7594.035
726.744	7504.761
727.079	7436.551
727.413	7370.013
727.747	7311.834
728.081	7253.989
728.416	7206.509
728.750	7132.281
729.084	7097.842
729.418	7020.270
729.752	6989.174
730.086	6958.078
730.420	6889.200
730.753	6826.340
731.087	6803.269
731.421	6784.544
731.755	6773.510
732.088	6732.718
732.422	6655.480
732.755	6613.351
733.089	6586.602
733.422	6496.993
733.756	6432.795
734.089	6389.328
734.423	6342.852
734.756	6316.772
735.089	6299.719
735.422	6274.308
735.755	6268.623
736.088	6216.797
736.421	6145.244
736.754	6116.154
737.087	6063.659
737.420	6029.220
737.753	5984.081
738.086	5948.973
738.418	5910.187
738.751	5927.240
739.084	5929.246
739.416	5952.651
739.749	5939.611
740.081	5959.673
740.414	5933.592
740.746	5949.976
741.079	5932.589
741.411	5890.794
741.743	5858.027
742.075	5829.940
742.407	5763.402
742.740	5742.672
743.072	5701.211
743.404	5696.195
743.736	5672.121
744.068	5615.280
744.399	5595.552
744.731	5601.571
745.063	5596.221
745.395	5586.859
745.726	5580.506
746.058	5580.172
746.390	5570.141
746.721	5528.345
747.053	5499.590
747.384	5454.117
747.715	5416.000
748.047	5341.437
748.378	5306.998
748.709	5306.998
749.040	5285.264
749.371	5242.466
749.703	5251.828
750.034	5257.846
750.365	5285.264
750.696	5265.202
751.026	5257.846
751.357	5265.537
751.688	5259.852
752.019	5226.751
752.350	5167.903
752.680	5112.399
753.011	5090.331
753.341	5053.551
753.672	5033.155
754.002	5027.805
754.333	5023.793
754.663	5044.189
754.993	5051.545
755.324	5030.480
755.654	5043.186
755.984	5037.836
756.314	5061.910
756.644	5067.594
756.974	5074.616
757.304	5080.300
757.634	5065.588
757.964	5032.821
758.294	5042.851
758.623	4995.372
758.953	4970.629
759.283	4940.202
759.612	4906.432
759.942	4926.828
760.272	4914.456
760.601	4866.308
760.930	4866.977
761.260	4835.881
761.589	4820.166
761.918	4791.745
762.248	4768.006
762.577	4714.842
762.906	4684.749
763.235	4648.304
763.564	4648.973
763.893	4620.552
764.222	4629.914
764.551	4598.484
764.880	4611.190
765.209	4577.085
765.537	4534.955
765.866	4472.429
766.195	4453.371
766.523	4420.269
766.852	4419.600
767.180	4398.201
767.509	4415.253
767.837	4401.879
768.165	4385.161
768.494	4361.421
768.822	4303.911
769.150	4257.434
769.478	4220.655
769.806	4186.215
770.134	4158.798
770.462	4163.813
770.790	4145.423
771.118	4142.748
771.446	4128.705
771.774	4105.300
772.102	4080.557
772.429	4051.133
772.757	4009.672
773.085	3962.861
773.412	3933.437
773.740	3885.958
774.067	3868.237
774.395	3838.813
774.722	3805.042
775.049	3776.622
775.376	3752.213
775.704	3725.798
776.031	3710.418
776.358	3673.972
776.685	3639.867
777.012	3615.459
777.339	3572.661
777.666	3524.512
777.993	3480.711
778.320	3432.228
778.646	3385.752
778.973	3344.291
779.300	3326.570
779.626	3307.177
779.953	3288.118
780.279	3252.342
780.606	3206.868
780.932	3174.435
781.259	3129.965
781.585	3075.464
781.911	3023.638
782.237	2987.527
782.564	2940.382
782.890	2910.289
783.216	2883.540
783.542	2845.757
783.868	2806.302
784.194	2767.851
784.519	2727.727
784.845	2684.260
785.171	2649.486
785.497	2618.056
785.822	2593.314
786.148	2569.908
786.474	2554.193
786.799	2527.110
787.125	2521.760
787.450	2511.729
787.775	2493.339
788.101	2482.305
788.426	2467.259
788.751	2444.522
789.076	2437.501
789.401	2420.114
789.726	2392.362
790.051	2348.560
790.376	2303.087
790.701	2273.998
791.026	2251.261
791.351	2223.175
791.676	2199.100
792.000	2178.704
792.325	2159.646
792.650	2141.925
792.974	2121.194
793.299	2089.430
793.623	2067.696
793.948	2042.285
794.272	2009.851
794.596	2000.489
794.921	1998.483
795.245	1971.734
795.569	1960.700
795.893	1927.264
796.217	1895.834
796.541	1881.791
796.865	1872.429
797.189	1833.643
797.513	1815.253
797.837	1786.832
798.160	1773.792
798.484	1756.739
798.808	1749.718
799.131	1714.944
799.455	1705.916
799.778	1707.588
800.102	1694.548
800.425	1682.176
800.749	1675.824
801.072	1660.109
801.395	1649.409
801.718	1639.044
802.042	1605.942
802.365	1588.555
802.688	1566.153
803.011	1553.447
803.334	1535.726
803.657	1514.327
803.979	1507.305
804.302	1493.262
804.625	1491.256
804.948	1492.927
805.270	1494.599
805.593	1486.575
805.915	1494.599
806.238	1485.906
806.560	1489.249
806.883	1479.887
807.205	1480.222
807.527	1471.528
807.850	1461.497
808.172	1459.491
808.494	1452.135
808.816	1449.460
809.138	1466.847
809.460	1473.200
809.782	1471.863
810.104	1475.875
810.426	1463.838
810.747	1470.191
811.069	1473.534
811.391	1462.835
811.712	1452.135
812.034	1453.807
812.355	1457.819
812.677	1473.534
812.998	1469.188
813.320	1478.215
813.641	1492.593
813.962	1507.305
814.284	1514.661
814.605	1524.692
814.926	1524.357
815.247	1533.385
815.568	1536.729
815.889	1524.023
816.210	1519.342
816.531	1526.364
816.851	1536.060
817.172	1547.094
817.493	1545.088
817.814	1550.772
818.134	1568.159
818.455	1582.202
818.775	1602.264
819.096	1597.583
819.416	1592.567
819.736	1614.970
820.057	1616.307
820.377	1615.304
820.697	1626.338
821.017	1618.982
821.337	1633.694
821.657	1636.369
821.977	1642.387
822.297	1660.109
822.617	1680.505
822.937	1683.180
823.257	1688.529
823.577	1705.582
823.896	1734.003
824.216	1746.708
824.535	1742.696
824.855	1759.414
825.174	1767.773
825.494	1783.488
825.813	1773.792
826.132	1788.504
826.452	1781.482
826.771	1800.875
827.090	1796.863
827.409	1799.203
827.728	1798.535
828.047	1824.615
828.366	1822.274
828.685	1855.042
829.004	1858.720
829.323	1877.110
829.642	1898.509
829.960	1911.883
830.279	1924.589
830.597	1936.960
830.916	1931.945
831.235	1943.648
831.553	1931.945
831.871	1926.261
832.190	1924.589
832.508	1926.595
832.826	1938.967
833.144	1961.369
833.463	1961.703
833.781	1975.078
834.099	1986.446
834.417	2002.830
834.734	2004.502
835.052	2000.155
835.370	1990.124
835.688	1993.133
836.006	1995.808
836.323	2004.502
836.641	2027.907
836.958	2027.907
837.276	2031.585
837.593	2037.604
837.911	2040.278
838.228	2045.628
838.545	2051.312
838.863	2052.315
839.180	2051.647
839.497	2055.993
839.814	2050.644
840.131	2072.712
840.448	2092.439
840.765	2079.733
841.082	2068.365
841.399	2070.371
841.716	2072.712
842.032	2084.080
842.349	2077.393
842.666	2062.012
842.982	2070.705
843.299	2076.724
843.615	2072.043
843.932	2060.675
844.248	2057.665
844.564	2058.334
844.880	2062.012
845.197	2065.356
845.513	2056.662
845.829	2066.359
846.145	2070.705
846.461	2063.684
846.777	2059.337
847.093	2057.331
847.409	2059.003
847.724	2044.959
848.040	2036.600
848.356	2041.616
848.671	2049.641
848.987	2044.959
849.303	2038.607
849.618	2027.907
849.933	2037.604
850.249	2033.257
850.564	2019.882
850.879	1995.140
851.195	1973.740
851.510	1964.378
851.825	1954.682
852.140	1934.620
852.455	1916.899
852.770	1902.856
853.085	1909.208
853.399	1899.178
853.714	1889.481
854.029	1871.425
854.344	1857.717
854.658	1851.364
854.973	1837.989
855.287	1820.602
855.602	1837.989
855.916	1842.670
856.231	1876.441
856.545	1884.800
856.859	1876.441
857.173	1869.085
857.488	1859.723
857.802	1840.999
858.116	1832.305
858.430	1792.516
858.744	1762.423
859.058	1756.071
859.371	1753.730
859.685	1743.030
859.999	1727.315
860.313	1708.257
860.626	1698.560
860.940	1701.235
861.253	1696.220
861.567	1680.839
861.880	1663.452
862.193	1650.078
862.507	1656.096
862.820	1643.056
863.133	1635.366
863.446	1624.666
863.759	1623.663
864.073	1641.384
864.386	1637.372
864.698	1628.344
865.011	1633.025
865.324	1637.372
865.637	1630.685
865.950	1619.651
866.262	1612.963
866.575	1616.307
866.887	1596.914
867.200	1582.202
867.512	1554.784
867.825	1549.769
868.137	1541.076
868.449	1513.658
868.762	1487.912
869.074	1468.853
869.386	1452.804
869.698	1445.448
870.010	1431.405
870.322	1430.736
870.634	1427.727
870.946	1432.408
871.258	1422.043
871.570	1406.996
871.881	1399.975
872.193	1386.266
872.504	1377.572
872.816	1365.870
873.128	1339.790
873.439	1325.078
873.750	1321.400
874.062	1296.991
874.373	1282.948
874.684	1261.214
874.995	1236.472
875.307	1215.741
875.618	1210.391
875.929	1186.652
876.240	1177.958
876.550	1167.593
876.861	1150.206
877.172	1146.862
877.483	1145.525
877.794	1131.147
878.104	1127.135
878.415	1121.451
878.725	1116.436
879.036	1108.745
879.346	1090.355
879.657	1076.981
879.967	1065.612
880.277	1048.894
880.587	1050.566
880.898	1045.216
881.208	1035.186
881.518	1025.155
881.828	1035.186
882.138	1021.142
882.448	1019.805
882.757	998.071
883.067	988.375
883.377	977.006
883.687	973.328
883.996	957.279
884.306	955.273
884.615	950.926
884.925	951.929
885.234	940.895
885.543	938.220
885.853	940.561
886.162	924.177
886.471	919.831
886.780	907.125
887.089	904.784
887.398	895.088
887.707	891.410
888.016	882.382
888.325	891.410
888.634	891.075
888.943	890.072
889.251	879.707
889.560	898.431
889.869	893.750
890.177	903.112
890.486	893.750
890.794	898.097
891.102	896.091
891.411	896.760
891.719	883.719
892.027	891.744
892.335	878.035
892.644	883.051
892.952	878.704
893.260	885.726
893.568	887.397
893.875	887.063
894.183	884.388
894.491	893.416
894.799	901.106
895.106	910.468
895.414	916.821
895.722	925.849
896.029	937.217
896.337	957.948
896.644	968.647
896.951	959.954
897.259	959.285
897.566	954.270
897.873	955.273
898.180	953.601
898.487	944.573
898.794	933.874
899.101	941.898
899.408	944.908
899.715	948.251
900.022	938.889
900.329	932.536
900.635	938.220
900.942	957.279
901.248	959.620
901.555	956.276
901.861	963.966
902.168	975.669
902.474	973.663
902.781	970.654
903.087	962.963
903.393	967.310
903.699	963.966
904.005	966.976
904.311	966.307
904.617	969.316
904.923	969.316
905.229	962.629
905.535	957.279
905.841	958.617
906.146	942.902
906.452	941.230
906.758	942.233
907.063	943.905
907.369	946.580
907.674	941.230
907.979	950.257
908.285	947.583
908.590	956.945
908.895	959.954
909.200	959.285
909.506	948.586
909.811	946.914
910.116	935.211
910.421	953.935
910.725	939.224
911.030	943.570
911.335	942.233
911.640	950.257
911.944	950.926
912.249	955.607
912.554	945.576
912.858	960.288
913.163	952.598
913.467	944.573
913.771	944.573
914.076	952.264
914.380	952.932
914.684	961.626
914.988	939.892
915.292	933.205
915.596	939.892
915.900	929.861
916.204	923.174
916.508	920.165
916.812	911.137
917.115	916.153
917.419	916.821
917.723	914.815
918.026	922.505
918.330	920.165
918.633	915.149
918.937	916.487
919.240	912.475
919.543	916.153
919.846	905.787
920.150	898.766
920.453	905.119
920.756	910.468
921.059	905.453
921.362	915.484
921.665	911.471
921.967	919.831
922.270	917.824
922.573	920.499
922.876	918.159
923.178	918.493
923.481	913.143
923.783	909.465
924.086	898.431
924.388	902.109
924.691	900.103
924.993	908.797
925.295	914.481
925.597	913.478
925.899	920.499
926.201	925.515
926.503	921.168
926.805	915.149
927.107	911.806
927.409	903.112
927.711	905.787
928.013	908.128
928.314	911.471
928.616	922.171
928.918	926.852
929.219	925.515
929.520	927.855
929.822	921.837
930.123	917.490
930.425	921.837
930.726	919.162
931.027	920.499
931.328	917.490
931.629	906.122
931.930	908.462
932.231	915.149
932.532	913.143
932.833	916.487
933.134	917.490
933.434	925.849
933.735	936.549
934.036	949.923
934.336	947.583
934.637	944.239
934.937	932.202
935.238	929.861
935.538	926.183
935.838	926.852
936.138	921.168
936.439	925.180
936.739	933.205
937.039	948.920
937.339	938.889
937.639	926.852
937.939	921.502
938.238	916.487
938.538	915.149
938.838	918.493
939.138	914.815
939.437	930.530
939.737	936.883
940.036	946.914
940.336	951.595
940.635	945.911
940.934	934.542
941.234	923.843
941.533	912.140
941.832	904.116
942.131	897.763
942.430	895.088
942.729	899.434
943.028	900.438
943.327	913.143
943.626	921.168
943.925	928.524
944.223	927.855
944.522	920.834
944.821	912.475
945.119	910.468
945.418	899.769
945.716	887.397
946.014	894.753
946.313	897.428
946.611	897.763
946.909	909.131
947.207	912.809
947.505	914.481
947.803	922.171
948.101	906.790
948.399	914.146
948.697	914.146
948.995	902.778
949.293	894.753
949.590	894.085
949.888	895.422
950.186	905.787
950.483	892.747
950.781	891.075
951.078	899.769
951.375	903.781
951.673	910.468
951.970	893.082
952.267	881.045
952.564	891.410
952.861	890.072
953.158	884.054
953.455	887.063
953.752	873.689
954.049	892.747
954.346	898.097
954.643	900.103
954.939	907.125
955.236	904.784
955.532	889.738
955.829	895.088
956.125	882.716
956.422	882.382
956.718	879.373
957.014	863.992
957.311	861.652
957.607	870.345
957.903	877.701
958.199	873.689
958.495	876.698
958.791	869.342
959.087	875.695
959.382	869.007
959.678	869.007
959.974	856.970
960.270	852.624
960.565	834.234
960.861	830.556
961.156	835.906
961.452	839.584
961.747	839.249
962.042	839.249
962.338	843.930
962.633	850.283
962.928	849.280
963.223	838.246
963.518	836.909
963.813	826.878
964.108	823.200
964.403	828.550
964.697	825.206
964.992	818.853
965.287	824.872
965.582	811.497
965.876	812.500
966.171	807.485
966.465	801.132
966.759	794.779
967.054	791.101
967.348	786.754
967.642	800.129
967.936	808.822
968.231	805.144
968.525	793.442
968.819	797.120
969.112	805.813
969.406	798.457
969.700	799.460
969.994	780.067
970.288	783.745
970.581	789.095
970.875	788.761
971.168	773.046
971.462	775.052
971.755	761.343
972.049	772.711
972.342	765.690
972.635	766.024
972.928	767.027
973.222	772.711
973.515	760.674
973.808	766.358
974.101	759.671
974.393	768.030
974.686	813.169
974.979	813.838
975.272	817.181
975.564	834.234
975.857	837.577
976.150	834.568
976.442	829.887
976.735	778.730
977.027	772.377
977.319	768.364
977.612	747.968
977.904	744.959
978.196	746.631
978.488	746.297
978.780	746.965
979.072	741.281
979.364	746.965
979.656	759.337
979.948	756.996
980.239	751.646
980.531	741.615
980.823	748.971
981.114	756.327
981.406	748.303
981.697	745.962
981.989	745.293
982.280	748.637
982.571	758.334
982.862	752.984
983.154	748.637
983.445	753.653
983.736	763.683
984.027	764.018
984.318	771.708
984.609	768.699
984.899	766.358
985.190	761.008
985.481	752.984
985.771	748.637
986.062	743.622
986.353	730.582
986.643	733.591
986.933	747.968
987.224	743.287
987.514	752.649
987.804	748.637
988.094	756.327
988.385	766.358
988.675	762.012
988.965	754.321
989.255	772.711
989.544	754.656
989.834	756.327
990.124	746.297
990.414	743.956
990.703	747.968
990.993	748.971
991.283	736.600
991.572	742.619
991.861	736.934
992.151	743.622
992.440	750.643
992.729	746.965
993.019	736.600
993.308	746.965
993.597	752.315
993.886	753.318
994.175	749.306
994.464	741.950
994.752	738.272
995.041	741.281
995.330	742.953
995.619	743.956
995.907	747.634
996.196	752.649
996.484	753.653
996.773	750.978
997.061	752.984
997.349	744.625
997.638	751.312
997.926	750.978
998.214	753.987
998.502	747.634
998.790	751.312
999.078	747.968
999.366	743.287
999.654	729.913
999.941	742.953
1000.229	738.606
1000.517	740.612
1000.804	759.337
1001.092	769.368
1001.379	771.708
1001.667	774.049
1001.954	756.662
1002.242	752.984
1002.529	759.671
1002.816	747.300
1003.103	730.247
1003.390	738.272
1003.677	740.278
1003.964	742.953
1004.251	739.609
1004.538	746.297
1004.825	740.947
1005.111	748.971
1005.398	747.968
1005.685	744.959
1005.971	750.978
1006.258	754.321
1006.544	742.953
1006.831	739.944
1007.117	741.950
1007.403	747.968
1007.689	758.334
1007.975	750.309
1008.261	753.318
1008.547	745.962
1008.833	755.993
1009.119	761.677
1009.405	750.978
1009.691	746.297
1009.977	746.297
1010.262	746.631
1010.548	749.975
1010.833	738.606
1011.119	730.916
1011.404	727.907
1011.690	728.241
1011.975	726.569
1012.260	716.204
1012.545	709.182
1012.831	718.879
1013.116	715.201
1013.401	718.879
1013.686	716.873
1013.970	723.560
1014.255	733.591
1014.540	751.312
1014.825	742.953
1015.109	748.637
1015.394	749.306
1015.679	754.990
1015.963	750.309
1016.247	746.631
1016.532	737.269
1016.816	736.266
1017.100	740.278
1017.384	743.622
1017.669	740.278
1017.953	743.956
1018.237	737.603
1018.521	754.321
1018.804	764.018
1019.088	758.334
1019.372	760.005
1019.656	758.668
1019.939	752.315
1020.223	757.999
1020.506	740.278
1020.790	729.578
1021.073	732.922
1021.357	733.925
1021.640	728.241
1021.923	732.253
1022.206	737.269
1022.489	735.931
1022.772	748.637
1023.055	745.628
1023.338	743.956
1023.621	744.290
1023.904	741.615
1024.187	740.278
1024.469	745.293
1024.752	723.226
1025.035	751.312
1025.317	751.312
