339.628	727.907
340.007	727.907
340.385	727.907
340.764	643.313
341.143	622.917
341.521	601.518
341.900	577.778
342.278	567.413
342.657	562.063
343.035	555.041
343.413	548.354
343.792	548.354
344.170	551.698
344.548	542.336
344.927	552.701
345.305	562.732
345.683	576.775
346.061	600.515
346.439	613.889
346.818	622.917
347.196	639.635
347.574	651.003
347.952	658.359
348.330	661.034
348.708	669.059
349.085	671.399
349.463	673.740
349.841	682.768
350.219	689.455
350.597	700.155
350.974	712.526
351.352	716.538
351.730	723.226
352.107	722.222
352.485	725.900
352.862	738.941
353.240	737.603
353.617	734.259
353.995	729.244
354.372	729.244
354.750	746.631
355.127	761.008
355.504	753.318
355.881	745.628
356.259	741.950
356.636	750.309
357.013	752.984
357.390	743.956
357.767	727.572
358.144	731.585
358.521	743.622
358.898	748.971
359.275	741.950
359.652	742.619
360.029	745.962
360.406	753.318
360.783	742.953
361.159	743.956
361.536	748.971
361.913	745.293
362.290	737.603
362.666	730.247
363.043	737.269
363.419	738.272
363.796	732.588
364.172	727.572
364.549	734.259
364.925	736.934
365.302	732.588
365.678	728.575
366.054	728.241
366.431	725.900
366.807	718.879
367.183	722.891
367.559	729.913
367.935	744.290
368.312	739.609
368.688	746.965
369.064	753.653
369.440	764.018
369.816	764.686
370.192	757.665
370.567	747.300
370.943	739.609
371.319	728.910
371.695	731.250
372.071	732.588
372.446	729.244
372.822	726.904
373.198	729.913
373.573	745.293
373.949	760.674
374.325	755.659
374.700	753.653
375.075	751.646
375.451	752.649
375.826	760.005
376.202	751.981
376.577	736.934
376.952	742.284
377.328	740.278
377.703	747.968
378.078	748.971
378.453	747.968
378.828	752.649
379.203	757.665
379.578	755.993
379.953	760.340
380.328	748.637
380.703	746.631
381.078	747.300
381.453	745.628
381.828	746.965
382.203	741.281
382.578	739.275
382.952	733.591
383.327	737.937
383.702	732.922
384.076	729.913
384.451	737.603
384.825	737.937
385.200	730.582
385.574	742.284
385.949	740.278
386.323	743.287
386.698	745.628
387.072	733.256
387.446	742.953
387.821	753.318
388.195	757.999
388.569	760.005
388.943	757.665
389.317	765.021
389.691	764.352
390.065	755.324
390.439	754.656
390.813	748.303
391.187	749.306
391.561	750.978
391.935	746.965
392.309	747.300
392.683	759.671
393.056	763.015
393.430	770.371
393.804	772.377
394.178	772.377
394.551	769.368
394.925	780.736
395.298	776.055
395.672	774.383
396.045	770.705
396.419	770.705
396.792	780.736
397.165	787.757
397.539	780.401
397.912	780.736
398.285	780.067
398.659	782.073
399.032	794.779
399.405	789.429
399.778	792.439
400.151	810.160
400.524	814.841
400.897	815.510
401.270	823.534
401.643	807.485
402.016	813.838
402.389	815.510
402.762	815.510
403.134	816.847
403.507	826.878
403.880	821.194
404.253	838.915
404.625	839.249
404.998	859.645
405.370	855.967
405.743	860.314
406.115	859.311
406.488	873.354
406.860	876.698
407.233	887.063
407.605	875.026
407.977	884.722
408.350	897.763
408.722	917.490
409.094	919.162
409.466	926.518
409.838	936.883
410.210	953.601
410.582	971.322
410.954	981.688
411.326	983.359
411.698	992.053
412.070	1007.433
412.442	1035.520
412.814	1049.563
413.186	1064.609
413.558	1077.315
413.929	1096.039
414.301	1132.151
414.673	1160.571
415.044	1168.930
415.416	1185.314
415.787	1206.379
416.159	1236.137
416.530	1262.886
416.902	1277.598
417.273	1301.338
417.645	1329.090
418.016	1357.511
418.387	1393.956
418.758	1426.055
419.130	1459.826
419.501	1495.602
419.872	1532.717
420.243	1571.503
420.614	1622.660
420.985	1662.449
421.356	1704.913
421.727	1753.730
422.098	1803.884
422.469	1855.710
422.840	1905.865
423.211	1948.998
423.581	2011.523
423.952	2071.374
424.323	2134.569
424.693	2193.416
425.064	2245.242
425.435	2311.112
425.805	2379.656
426.176	2430.145
426.546	2475.284
426.917	2536.472
427.287	2600.335
427.657	2670.217
428.028	2732.074
428.398	2797.943
428.768	2871.503
429.138	2968.802
429.509	3029.656
429.879	3124.950
430.249	3198.175
430.619	3296.477
430.989	3405.145
431.359	3489.070
431.729	3558.283
432.099	3655.917
432.469	3742.517
432.839	3849.513
433.208	3948.818
433.578	4029.065
433.948	4130.711
434.318	4265.459
434.687	4391.514
435.057	4496.169
435.426	4609.518
435.796	4710.161
436.165	4844.240
436.535	4965.614
436.904	5094.343
437.274	5233.772
437.643	5371.864
438.012	5498.253
438.382	5620.629
438.751	5714.251
439.120	5840.974
439.489	5958.670
439.858	6053.294
440.227	6180.017
440.597	6325.799
440.966	6460.882
441.335	6587.939
441.703	6676.211
442.072	6760.136
442.441	6869.138
442.810	6934.004
443.179	7001.211
443.548	7053.372
443.916	7146.993
444.285	7227.909
444.654	7264.354
445.022	7308.156
445.391	7350.285
445.759	7362.991
446.128	7379.709
446.496	7339.920
446.865	7344.601
447.233	7349.617
447.601	7309.827
447.970	7239.277
448.338	7185.779
448.706	7106.201
449.074	7019.601
449.443	6894.215
449.811	6763.145
450.179	6625.722
450.547	6505.017
450.915	6362.914
451.283	6238.531
451.651	6132.872
452.018	6012.836
452.386	5910.187
452.754	5794.832
453.122	5712.245
453.490	5609.595
453.857	5511.293
454.225	5395.604
454.593	5312.013
454.960	5196.324
455.328	5111.396
455.695	5010.084
456.063	4932.846
456.430	4868.314
456.798	4787.399
457.165	4706.817
457.532	4623.561
457.899	4553.011
458.267	4478.782
458.634	4423.947
459.001	4340.356
459.368	4282.846
459.735	4222.661
460.102	4194.240
460.469	4147.095
460.836	4108.643
461.203	4044.446
461.570	4015.022
461.937	3991.951
462.304	3961.524
462.671	3934.441
463.037	3910.032
463.404	3886.292
463.771	3858.540
464.137	3817.414
464.504	3787.321
464.870	3757.897
465.237	3717.774
465.603	3697.712
465.970	3686.009
466.336	3682.666
466.703	3683.000
467.069	3673.972
467.435	3672.969
467.801	3654.914
468.168	3638.530
468.534	3600.747
468.900	3576.004
469.266	3568.648
469.632	3567.311
469.998	3548.587
470.364	3556.277
470.730	3560.289
471.096	3567.980
471.462	3579.348
471.827	3562.295
472.193	3554.939
472.559	3556.611
472.925	3571.323
473.290	3589.379
473.656	3597.738
474.022	3607.434
474.387	3623.149
474.753	3639.533
475.118	3661.601
475.483	3660.932
475.849	3656.251
476.214	3659.260
476.580	3665.948
476.945	3682.666
477.310	3685.675
477.675	3705.402
478.040	3744.188
478.406	3765.253
478.771	3814.070
479.136	3857.537
479.501	3906.354
479.866	3962.861
480.231	4004.657
480.595	4067.517
480.960	4146.761
481.325	4241.385
481.690	4323.638
482.055	4426.287
482.419	4523.252
482.784	4629.914
483.148	4694.780
483.513	4777.702
483.878	4837.553
484.242	4934.518
484.607	5028.808
484.971	5121.092
485.335	5225.413
485.700	5361.833
486.064	5460.135
486.428	5570.141
486.792	5658.747
487.157	5745.346
487.521	5852.008
487.885	5961.344
488.249	6022.533
488.613	6091.077
488.977	6233.850
489.341	6342.852
489.705	6438.479
490.069	6543.135
490.432	6649.796
490.796	6785.547
491.160	6941.026
491.524	7036.653
491.887	7150.337
492.251	7285.419
492.615	7434.879
492.978	7578.655
493.342	7735.805
493.705	7870.887
494.069	8012.657
494.432	8183.516
494.795	8315.589
495.159	8428.938
495.522	8567.364
495.885	8673.022
496.248	8809.442
496.612	8951.880
496.975	9080.610
497.338	9260.831
497.701	9459.108
498.064	9591.181
498.427	9773.074
498.790	9937.580
499.153	10094.731
499.515	10271.274
499.878	10401.341
500.241	10546.120
500.604	10702.935
500.966	10898.537
501.329	11104.839
501.692	11286.063
502.054	11472.972
502.417	11684.957
502.779	11850.467
503.142	12044.062
503.504	12209.906
503.866	12383.106
504.229	12559.649
504.591	12743.214
504.953	12955.200
505.315	13132.412
505.678	13363.790
506.040	13554.711
506.402	13758.338
506.764	13934.547
507.126	14112.427
507.488	14230.123
507.850	14449.799
508.212	14628.014
508.573	14808.904
508.935	15037.273
509.297	15295.401
509.659	15518.086
510.020	15814.331
510.382	16044.372
510.744	16309.187
511.105	16565.977
511.467	16764.254
511.828	17038.097
512.190	17358.416
512.551	17600.160
512.913	17915.798
513.274	18180.278
513.635	18461.143
513.996	18769.090
514.358	19002.475
514.719	19250.906
515.080	19503.015
515.441	19735.732
515.802	19999.878
516.163	20259.343
516.524	20517.470
516.885	20777.604
517.246	20982.234
517.607	21230.999
517.967	21421.252
518.328	21654.636
518.689	21917.111
519.050	22138.124
519.410	22349.776
519.771	22553.068
520.131	22762.713
520.492	22960.655
520.852	23101.087
521.213	23238.510
521.573	23406.360
521.934	23579.894
522.294	23742.729
522.654	23892.189
523.015	24033.958
523.375	24165.363
523.735	24361.633
524.095	24564.925
524.455	24758.187
524.815	24926.705
525.175	25026.680
525.535	25196.201
525.895	25414.206
526.255	25513.177
526.615	25595.764
526.974	25648.259
527.334	25809.756
527.694	25965.234
528.054	26100.651
528.413	26213.331
528.773	26341.058
529.132	26428.326
529.492	26587.483
529.851	26700.497
530.211	26935.554
530.570	27128.815
530.930	27223.105
531.289	27356.850
531.648	27540.081
532.007	27648.414
532.367	27734.011
532.726	27739.695
533.085	27766.444
533.444	27804.561
533.803	27824.957
534.162	27860.065
534.521	27885.811
534.880	27900.858
535.239	27964.052
535.597	27938.640
535.956	27972.745
536.315	28042.627
536.674	28033.934
537.032	28117.859
537.391	28154.973
537.749	28206.799
538.108	28342.884
538.466	28400.395
538.825	28376.989
539.183	28418.785
539.542	28494.685
539.900	28562.226
540.258	28570.585
540.617	28540.827
540.975	28649.495
541.333	28824.032
541.691	28916.984
542.049	28991.213
542.407	29099.881
542.765	29216.239
543.123	29391.110
543.481	29447.617
543.839	29531.877
544.197	29667.628
544.555	29790.004
544.912	29989.618
545.270	30115.673
545.628	30325.318
545.985	30598.492
546.343	30886.712
546.700	31125.447
547.058	31275.241
547.415	31456.131
547.773	31697.875
548.130	31857.700
548.488	32020.200
548.845	32142.577
549.202	32362.253
549.559	32580.257
549.916	32776.862
550.274	32930.334
550.631	33153.354
550.988	33327.557
551.345	33495.072
551.702	33563.282
552.059	33722.773
552.416	33815.726
552.772	33946.796
553.129	34006.981
553.486	34097.593
553.843	34219.635
554.199	34319.610
554.556	34341.343
554.913	34435.633
555.269	34444.327
555.626	34528.586
555.982	34539.954
556.339	34533.936
556.695	34558.344
557.051	34690.752
557.408	34697.105
557.764	34805.438
558.120	34863.283
558.476	35026.451
558.832	35103.689
559.188	35168.221
559.545	35202.326
559.901	35173.905
560.257	35258.164
560.612	35218.041
560.968	35130.438
561.324	35032.135
561.680	35003.046
562.036	34947.542
562.391	35033.473
562.747	34960.582
563.103	34950.885
563.458	34919.455
563.814	35011.071
564.169	35062.562
564.525	35080.618
564.880	35063.231
565.236	35084.965
565.591	35116.060
565.946	35183.936
566.302	35204.666
566.657	35225.062
567.012	35207.676
567.367	35180.258
567.722	35140.134
568.077	35040.829
568.432	34980.644
568.787	34862.279
569.142	34762.305
569.497	34674.368
569.852	34645.947
570.207	34561.353
570.561	34507.187
570.916	34373.776
571.271	34291.189
571.625	34213.282
571.980	34187.871
572.335	34039.080
572.689	33997.953
573.044	33968.195
573.398	33972.207
573.752	33956.158
574.107	33912.356
574.461	33815.391
574.815	33714.748
575.169	33625.474
575.524	33597.053
575.878	33561.610
576.232	33444.249
576.586	33440.237
576.940	33405.129
577.294	33409.476
577.648	33447.258
578.002	33421.178
578.355	33416.163
578.709	33481.698
579.063	33379.717
579.417	33367.012
579.770	33393.092
580.124	33398.776
580.477	33435.221
580.831	33464.311
581.185	33546.564
581.538	33743.169
581.891	33859.861
582.245	34045.767
582.598	34221.307
582.951	34338.668
583.305	34456.364
583.658	34632.907
584.011	34791.395
584.364	35056.544
584.717	35292.269
585.070	35429.358
585.423	35643.350
585.776	35889.775
586.129	36003.792
586.482	36164.620
586.835	36276.966
587.187	36426.426
587.540	36689.235
587.893	36866.112
588.245	37032.959
588.598	37233.911
588.950	37405.104
589.303	37542.193
589.655	37617.090
590.008	37640.830
590.360	37876.555
590.713	38099.240
591.065	38326.607
591.417	38358.705
591.769	38552.970
592.121	38808.088
592.474	38875.629
592.826	38916.087
593.178	39006.365
593.530	39064.210
593.882	39298.263
594.234	39403.922
594.585	39446.051
594.937	39573.443
595.289	39665.727
595.641	39684.786
595.992	39715.213
596.344	39737.281
596.696	39802.816
597.047	39856.983
597.399	39971.335
597.750	40045.229
598.102	40057.934
598.453	40088.361
598.804	40168.608
599.156	40161.252
599.507	40164.596
599.858	40204.385
600.209	40145.203
600.561	40217.091
600.912	40186.998
601.263	40047.235
601.614	40097.389
601.965	40108.757
602.316	40127.816
602.666	40173.958
603.017	40156.571
603.368	40240.496
603.719	40403.665
604.070	40358.192
604.420	40336.458
604.771	40280.285
605.121	40257.214
605.472	40194.020
605.822	40140.187
606.173	40030.517
606.523	39942.914
606.874	39857.986
607.224	39846.283
607.574	39739.956
607.924	39590.162
608.275	39404.591
608.625	39294.920
608.975	39069.894
609.325	38845.203
609.675	38432.600
610.025	38223.289
610.375	38053.433
610.725	37951.452
611.074	37708.705
611.424	37651.195
611.774	37570.948
612.124	37669.251
612.473	37622.105
612.823	37649.189
613.173	37514.441
613.522	37443.222
613.872	37345.253
614.221	37188.772
614.570	37003.201
614.920	36700.937
615.269	36430.438
615.618	36293.016
615.968	36130.850
616.317	35931.236
616.666	35653.046
617.015	35381.878
617.364	35241.781
617.713	34980.644
618.062	34684.733
618.411	34427.609
618.760	34182.521
619.109	34018.349
619.457	33848.493
619.806	33703.714
620.155	33600.731
620.503	33362.330
620.852	33183.112
621.201	32987.845
621.549	32985.170
621.898	32897.901
622.246	32792.577
622.594	32665.854
622.943	32652.145
623.291	32634.424
623.639	32633.421
623.988	32556.183
624.336	32558.189
624.684	32519.403
625.032	32527.094
625.380	32682.572
625.728	32810.967
626.076	32927.325
626.424	32958.086
626.772	32981.826
627.120	33016.600
627.467	33055.386
627.815	32990.185
628.163	32919.969
628.510	32833.704
628.858	32867.474
629.206	32936.353
629.553	33069.763
629.901	33201.168
630.248	33282.752
630.595	33355.309
630.943	33486.379
631.290	33484.707
631.637	33453.611
631.984	33353.303
632.332	33264.362
632.679	33187.459
633.026	33153.020
633.373	33050.705
633.720	33014.928
634.067	32996.204
634.414	33033.652
634.760	32989.517
635.107	33031.981
635.454	33059.398
635.801	33155.695
636.147	33215.880
636.494	33330.232
636.841	33359.321
637.187	33425.191
637.534	33427.865
637.880	33267.037
638.226	33097.850
638.573	32912.613
638.919	32688.591
639.265	32482.289
639.612	32407.392
639.958	32250.242
640.304	32225.499
640.650	32137.227
640.996	32088.076
641.342	32042.603
641.688	32040.931
642.034	31819.917
642.380	31715.596
642.726	31591.882
643.071	31494.917
643.417	31386.584
643.763	31240.468
644.108	31068.940
644.454	31021.795
644.800	30866.651
645.145	30792.088
645.491	30716.856
645.836	30698.466
646.181	30660.683
646.527	30594.814
646.872	30503.199
647.217	30565.056
647.562	30516.573
647.908	30385.169
648.253	30181.542
648.598	29922.412
648.943	29694.042
649.288	29448.286
649.633	29140.673
649.978	28848.774
650.322	28648.826
650.667	28534.140
651.012	28500.035
651.357	28553.867
651.701	28490.338
652.046	28458.908
652.390	28467.936
652.735	28467.936
653.079	28447.874
653.424	28400.060
653.768	28150.960
654.113	28023.903
654.457	27801.552
654.801	27532.056
655.145	27274.597
655.490	26984.371
655.834	26775.394
656.178	26690.466
656.522	26562.405
656.866	26413.280
657.210	26416.624
657.554	26361.119
657.897	26282.210
658.241	26162.843
658.585	26021.073
658.929	25921.099
659.272	25847.205
659.616	25595.430
659.959	25406.181
660.303	25235.322
660.646	25023.336
660.990	24845.455
661.333	24692.652
661.677	24611.736
662.020	24568.603
662.363	24404.432
662.706	24268.012
663.050	24120.892
663.393	23889.514
663.736	23721.329
664.079	23481.926
664.422	23243.191
664.765	23132.183
665.108	22934.241
665.450	22745.660
665.793	22648.027
666.136	22462.790
666.479	22356.463
666.821	22261.838
667.164	22151.833
667.507	22005.717
667.849	21904.071
668.192	21738.896
668.534	21558.340
668.876	21421.252
669.219	21283.494
669.561	21104.945
669.903	20962.841
670.246	20840.130
670.588	20708.726
670.930	20613.767
671.272	20372.357
671.614	20219.219
671.956	20126.267
672.298	20044.348
672.640	19955.073
672.982	19932.002
673.323	19858.777
673.665	19830.022
674.007	19753.453
674.349	19648.129
674.690	19584.600
675.032	19536.786
675.373	19485.629
675.715	19413.741
676.056	19364.924
676.398	19301.729
676.739	19300.057
677.080	19295.042
677.421	19264.281
677.763	19209.111
678.104	19196.071
678.445	19116.493
678.786	19079.044
679.127	19026.549
679.468	18932.593
679.809	18852.012
680.150	18781.796
680.491	18737.995
680.831	18836.297
681.172	18860.706
681.513	18936.606
681.853	19005.484
682.194	18984.754
682.535	18961.683
682.875	18965.695
683.216	18863.046
683.556	18780.459
683.896	18614.281
684.237	18504.944
684.577	18379.224
684.917	18382.233
685.257	18311.683
685.598	18302.989
685.938	18297.974
686.278	18254.841
686.618	18234.779
686.958	18275.237
687.298	18200.674
687.637	18125.777
687.977	18000.726
688.317	17844.579
688.657	17783.056
688.996	17653.992
689.336	17569.064
689.676	17439.332
690.015	17351.394
690.355	17304.918
690.694	17275.160
691.034	17178.195
691.373	17090.257
691.712	16927.423
692.051	16828.117
692.391	16726.471
692.730	16557.953
693.069	16376.728
693.408	16216.903
693.747	16136.322
694.086	16036.682
694.425	15932.361
694.764	15790.926
695.103	15715.026
695.442	15637.453
695.780	15526.445
696.119	15359.933
696.458	15229.532
696.796	15092.443
697.135	14936.630
697.473	14735.678
697.812	14581.203
698.150	14440.102
698.489	14266.903
698.827	14159.907
699.165	13995.066
699.503	13890.411
699.842	13813.173
700.180	13624.927
700.518	13471.455
700.856	13403.245
701.194	13282.206
701.532	13211.321
701.870	13146.455
702.208	13067.211
702.545	13053.502
702.883	12981.949
703.221	12921.429
703.559	12840.513
703.896	12720.812
704.234	12548.949
704.571	12364.047
704.909	12221.609
705.246	12153.399
705.584	11997.920
705.921	11834.752
706.258	11693.985
706.596	11596.351
706.933	11489.690
707.270	11375.004
707.607	11228.553
707.944	11110.857
708.281	11011.552
708.618	10922.611
708.955	10830.996
709.292	10801.572
709.629	10707.951
709.966	10646.094
710.302	10587.915
710.639	10505.327
710.976	10427.421
711.312	10385.626
711.649	10300.029
711.985	10272.277
712.322	10171.968
712.658	10096.068
712.994	10012.812
713.331	9965.667
713.667	9863.352
714.003	9775.080
714.339	9658.388
714.676	9585.831
715.012	9491.207
715.348	9408.619
715.684	9306.304
716.020	9250.132
716.355	9198.974
716.691	9152.163
717.027	9109.365
717.363	9047.174
717.698	9017.081
718.034	9002.035
718.370	8943.521
718.705	8849.566
719.041	8771.993
719.376	8678.706
719.712	8593.110
720.047	8544.627
720.382	8444.987
720.718	8395.836
721.053	8351.031
721.388	8285.496
721.723	8246.710
722.058	8220.296
722.393	8154.761
722.728	8087.554
723.063	7963.840
723.398	7896.967
723.733	7836.114
724.068	7766.232
724.402	7729.452
724.737	7667.929
725.072	7595.373
725.406	7582.333
725.741	7521.479
726.075	7469.653
726.410	7411.474
726.744	7325.208
727.079	7269.704
727.413	7202.831
727.747	7125.928
728.081	7050.362
728.416	6977.471
728.750	6937.013
729.084	6857.101
729.418	6778.191
729.752	6748.099
730.086	6711.653
730.420	6669.524
730.753	6641.437
731.087	6577.240
731.421	6551.494
731.755	6508.695
732.088	6461.550
732.422	6408.052
732.755	6359.904
733.089	6304.734
733.422	6257.589
733.756	6227.831
734.089	6186.370
734.423	6157.949
734.756	6108.798
735.089	6115.151
735.422	6104.786
735.755	6089.405
736.088	6052.291
736.421	6005.480
736.754	5963.351
737.087	5956.998
737.420	5913.196
737.753	5875.079
738.086	5829.606
738.418	5805.532
738.751	5835.959
739.084	5841.308
739.416	5826.596
739.749	5833.952
740.081	5826.262
740.414	5835.624
740.746	5832.281
741.079	5822.250
741.411	5807.538
741.743	5800.851
742.075	5765.743
742.407	5723.613
742.740	5677.137
743.072	5634.673
743.404	5590.202
743.736	5579.503
744.068	5552.085
744.399	5520.321
744.731	5508.952
745.063	5502.934
745.395	5487.888
745.726	5482.203
746.058	5454.786
746.390	5430.712
746.721	5399.616
747.053	5378.217
747.384	5356.149
747.715	5336.421
748.047	5282.255
748.378	5259.518
748.709	5247.815
749.040	5221.066
749.371	5210.033
749.703	5203.011
750.034	5224.410
750.365	5247.815
750.696	5226.751
751.026	5204.348
751.357	5212.039
751.688	5192.311
752.019	5138.479
752.350	5073.613
752.680	5025.799
753.011	5001.056
753.341	4946.555
753.672	4912.116
754.002	4925.490
754.333	4944.883
754.663	4947.892
754.993	4939.533
755.324	4907.769
755.654	4921.144
755.984	4905.094
756.314	4869.986
756.644	4862.964
756.974	4856.946
757.304	4877.676
757.634	4887.373
757.964	4874.667
758.294	4889.379
758.623	4904.760
758.953	4887.373
759.283	4890.048
759.612	4851.596
759.942	4833.541
760.272	4834.544
760.601	4804.117
760.930	4758.643
761.260	4733.566
761.589	4700.464
761.918	4666.359
762.248	4643.623
762.577	4583.103
762.906	4536.293
763.235	4531.277
763.564	4506.200
763.893	4478.782
764.222	4464.739
764.551	4443.340
764.880	4435.650
765.209	4422.944
765.537	4361.755
765.866	4329.657
766.195	4287.527
766.523	4273.149
766.852	4243.057
767.180	4225.670
767.509	4225.336
767.837	4234.698
768.165	4215.305
768.494	4189.559
768.822	4147.095
769.150	4124.693
769.478	4114.996
769.806	4083.566
770.134	4041.436
770.462	4045.449
770.790	4040.433
771.118	4036.087
771.446	4012.013
771.774	3968.880
772.102	3944.137
772.429	3932.100
772.757	3876.596
773.085	3841.153
773.412	3797.352
773.740	3792.671
774.067	3761.575
774.395	3718.108
774.722	3684.672
775.049	3654.245
775.376	3627.496
775.704	3609.775
776.031	3556.946
776.358	3525.516
776.685	3515.150
777.012	3470.346
777.339	3445.937
777.666	3408.154
777.993	3363.350
778.320	3327.239
778.646	3311.858
778.973	3265.382
779.300	3234.955
779.626	3209.543
779.953	3184.800
780.279	3153.036
780.606	3121.272
780.932	3072.789
781.259	3038.684
781.585	2986.858
781.911	2919.317
782.237	2858.797
782.564	2811.986
782.890	2769.522
783.216	2727.058
783.542	2683.257
783.868	2676.235
784.194	2641.796
784.519	2609.029
784.845	2565.227
785.171	2535.803
785.497	2511.060
785.822	2486.652
786.148	2446.529
786.474	2436.163
786.799	2415.433
787.125	2410.083
787.450	2384.672
787.775	2368.957
788.101	2355.916
788.426	2337.526
788.751	2308.103
789.076	2288.375
789.401	2262.964
789.726	2245.577
790.051	2215.150
790.376	2187.398
790.701	2168.005
791.026	2155.299
791.351	2136.909
791.676	2117.850
792.000	2081.405
792.325	2056.662
792.650	2040.613
792.974	2021.220
793.299	1988.787
793.623	1967.387
793.948	1950.335
794.272	1941.976
794.596	1925.927
794.921	1904.193
795.245	1882.459
795.569	1873.432
795.893	1857.382
796.217	1828.293
796.541	1821.606
796.865	1800.206
797.189	1776.467
797.513	1750.721
797.837	1727.984
798.160	1707.922
798.484	1686.189
798.808	1656.431
799.131	1646.734
799.455	1640.047
799.778	1622.994
800.102	1618.648
800.425	1605.942
800.749	1599.589
801.072	1592.902
801.395	1574.177
801.718	1551.775
802.042	1550.103
802.365	1536.729
802.688	1523.020
803.011	1509.646
803.334	1490.253
803.657	1484.903
803.979	1472.866
804.302	1462.500
804.625	1452.804
804.948	1449.795
805.270	1452.804
805.593	1464.507
805.915	1462.166
806.238	1457.485
806.560	1448.792
806.883	1445.114
807.205	1448.792
807.527	1436.086
807.850	1419.033
808.172	1404.990
808.494	1405.659
808.816	1409.671
809.138	1412.346
809.460	1407.665
809.782	1412.346
810.104	1421.374
810.426	1427.392
810.747	1442.439
811.069	1442.439
811.391	1443.776
811.712	1441.101
812.034	1444.445
812.355	1439.095
812.677	1443.776
812.998	1440.433
813.320	1448.457
813.641	1460.494
813.962	1462.166
814.284	1468.853
814.605	1490.587
814.926	1490.587
815.247	1500.283
815.568	1498.612
815.889	1489.249
816.210	1497.943
816.531	1491.256
816.851	1488.581
817.172	1504.630
817.493	1501.621
817.814	1501.286
818.134	1514.995
818.455	1546.760
818.775	1576.852
819.096	1577.855
819.416	1585.880
819.736	1604.604
820.057	1625.669
820.377	1634.028
820.697	1629.347
821.017	1613.632
821.337	1630.350
821.657	1632.022
821.977	1634.697
822.297	1641.719
822.617	1640.047
822.937	1635.031
823.257	1659.774
823.577	1656.765
823.896	1670.808
824.216	1673.149
824.535	1668.802
824.855	1686.189
825.174	1681.173
825.494	1685.186
825.813	1698.895
826.132	1695.217
826.452	1704.913
826.771	1708.591
827.090	1711.600
827.409	1737.346
827.728	1747.377
828.047	1762.089
828.366	1771.786
828.685	1781.816
829.004	1808.900
829.323	1815.587
829.642	1817.593
829.960	1827.290
830.279	1823.946
830.597	1832.974
830.916	1845.011
831.235	1838.324
831.553	1831.636
831.871	1824.280
832.190	1809.903
832.508	1811.575
832.826	1811.909
833.144	1811.575
833.463	1831.971
833.781	1858.385
834.099	1880.788
834.417	1899.178
834.734	1899.178
835.052	1919.908
835.370	1919.239
835.688	1908.205
836.006	1903.524
836.323	1904.862
836.641	1903.190
836.958	1916.899
837.276	1893.493
837.593	1884.800
837.911	1903.859
838.228	1906.868
838.545	1917.902
838.863	1919.908
839.180	1925.258
839.497	1947.660
839.814	1963.375
840.131	1960.366
840.448	1968.056
840.765	1965.381
841.082	1966.384
841.399	1960.700
841.716	1967.053
842.032	1971.065
842.349	1982.768
842.666	1986.780
842.982	1980.762
843.299	1991.127
843.615	1989.121
843.932	1970.062
844.248	1956.353
844.564	1945.320
844.880	1936.626
845.197	1918.571
845.513	1897.840
845.829	1892.825
846.145	1902.856
846.461	1912.552
846.777	1905.530
847.093	1915.561
847.409	1931.276
847.724	1937.964
848.040	1948.663
848.356	1943.648
848.671	1944.651
848.987	1946.991
849.303	1925.927
849.618	1926.261
849.933	1930.608
850.249	1923.586
850.564	1920.242
850.879	1902.521
851.195	1891.153
851.510	1887.809
851.825	1876.107
852.140	1857.717
852.455	1854.039
852.770	1833.308
853.085	1823.946
853.399	1808.231
853.714	1789.172
854.029	1783.488
854.344	1763.092
854.658	1746.040
854.973	1747.043
855.287	1750.721
855.602	1750.386
855.916	1756.405
856.231	1768.442
856.545	1772.454
856.859	1762.089
857.173	1749.383
857.488	1738.015
857.802	1725.644
858.116	1712.603
858.430	1670.139
858.744	1667.799
859.058	1666.127
859.371	1649.409
859.685	1645.397
859.999	1642.387
860.313	1640.381
860.626	1650.746
860.940	1644.059
861.253	1639.378
861.567	1644.728
861.880	1626.338
862.193	1617.979
862.507	1607.948
862.820	1586.883
863.133	1581.199
863.446	1559.131
863.759	1538.735
864.073	1531.379
864.386	1526.698
864.698	1508.977
865.011	1500.952
865.324	1485.237
865.637	1477.881
865.950	1470.860
866.262	1451.132
866.575	1443.776
866.887	1434.414
867.200	1429.399
867.512	1424.049
867.825	1419.702
868.137	1414.352
868.449	1412.346
868.762	1394.959
869.074	1396.965
869.386	1386.266
869.698	1366.873
870.010	1345.808
870.322	1339.121
870.634	1327.752
870.946	1312.037
871.258	1297.994
871.570	1274.255
871.881	1270.242
872.193	1266.564
872.504	1252.521
872.816	1245.834
873.128	1225.438
873.439	1206.045
873.750	1197.017
874.062	1184.645
874.373	1170.602
874.684	1164.918
874.995	1149.537
875.307	1143.185
875.618	1132.485
875.929	1121.785
876.240	1108.745
876.550	1095.705
876.861	1090.021
877.172	1085.674
877.483	1083.334
877.794	1073.972
878.104	1077.315
878.415	1066.950
878.725	1063.941
879.036	1055.247
879.346	1045.216
879.657	1031.842
879.967	1025.823
880.277	1009.774
880.587	1005.762
880.898	987.037
881.208	980.350
881.518	962.963
881.828	954.604
882.138	951.929
882.448	937.886
882.757	927.187
883.067	924.177
883.377	916.153
883.687	917.824
883.996	914.815
884.306	914.815
884.615	917.156
884.925	909.800
885.234	912.475
885.543	902.444
885.853	897.094
886.162	895.088
886.471	877.701
886.780	878.035
887.089	880.710
887.398	879.707
887.707	882.716
888.016	878.370
888.325	875.026
888.634	878.704
888.943	875.360
889.251	878.035
889.560	865.998
889.869	858.642
890.177	874.357
890.486	883.719
890.794	891.410
891.102	888.735
891.411	891.075
891.719	903.447
892.027	897.428
892.335	892.078
892.644	894.419
892.952	886.729
893.260	892.413
893.568	881.379
893.875	886.729
894.183	894.419
894.491	888.400
894.799	886.060
895.106	895.422
895.414	902.778
895.722	899.769
896.029	897.763
896.337	901.106
896.644	909.131
896.951	912.475
897.259	905.119
897.566	898.766
897.873	914.146
898.180	918.159
898.487	929.527
898.794	933.539
899.101	925.849
899.408	924.177
899.715	929.193
900.022	927.521
900.329	921.502
900.635	913.143
900.942	913.478
901.248	922.840
901.555	928.190
901.861	934.877
902.168	947.917
902.474	962.295
902.781	959.954
903.087	949.923
903.393	932.536
903.699	928.190
904.005	912.809
904.311	901.775
904.617	879.373
904.923	877.701
905.229	876.698
905.535	886.729
905.841	896.091
906.146	908.797
906.452	900.103
906.758	904.116
907.063	913.812
907.369	914.481
907.674	917.490
907.979	919.162
908.285	915.484
908.590	919.496
908.895	931.533
909.200	923.174
909.506	927.855
909.811	925.849
910.116	912.140
910.421	915.484
910.725	920.499
911.030	916.821
911.335	924.846
911.640	923.509
911.944	916.487
912.249	921.168
912.554	912.809
912.858	911.471
913.163	918.159
913.467	920.834
913.771	921.837
914.076	927.521
914.380	932.871
914.684	935.211
914.988	932.871
915.292	924.846
915.596	915.484
915.900	908.462
916.204	899.769
916.508	898.097
916.812	901.106
917.115	902.109
917.419	904.116
917.723	906.456
918.026	910.803
918.330	914.815
918.633	908.462
918.937	904.784
919.240	896.760
919.543	896.760
919.846	890.072
920.150	885.391
920.453	890.407
920.756	892.078
921.059	892.413
921.362	899.434
921.665	896.425
921.967	885.726
922.270	898.766
922.573	895.756
922.876	892.078
923.178	885.057
923.481	884.722
923.783	881.379
924.086	890.072
924.388	875.026
924.691	879.707
924.993	890.741
925.295	892.747
925.597	895.756
925.899	899.100
926.201	896.091
926.503	899.434
926.805	890.407
927.107	882.382
927.409	877.367
927.711	878.370
928.013	874.692
928.314	885.726
928.616	888.735
928.918	893.750
929.219	899.769
929.520	911.471
929.822	907.793
930.123	918.493
930.425	914.815
930.726	919.831
931.027	921.168
931.328	914.815
931.629	908.128
931.930	903.781
932.231	893.416
932.532	895.422
932.833	902.109
933.134	900.103
933.434	894.085
933.735	890.407
934.036	895.756
934.336	887.397
934.637	879.373
934.937	865.329
935.238	877.367
935.538	883.385
935.838	894.419
936.138	898.431
936.439	906.456
936.739	928.190
937.039	933.205
937.339	912.475
937.639	912.475
937.939	900.103
938.238	896.091
938.538	896.091
938.838	874.692
939.138	863.658
939.437	872.685
939.737	876.029
940.036	878.370
940.336	870.679
940.635	866.667
940.934	870.345
941.234	873.354
941.533	862.655
941.832	865.664
942.131	862.655
942.430	877.032
942.729	872.351
943.028	876.698
943.327	890.072
943.626	905.453
943.925	896.091
944.223	912.140
944.522	899.769
944.821	902.444
945.119	901.441
945.418	887.732
945.716	884.388
946.014	882.716
946.313	862.989
946.611	860.314
946.909	860.648
947.207	857.305
947.505	852.958
947.803	847.943
948.101	853.961
948.399	877.032
948.697	884.054
948.995	887.397
949.293	889.069
949.590	896.425
949.888	886.060
950.186	885.057
950.483	879.373
950.781	873.354
951.078	880.710
951.375	871.348
951.673	866.667
951.970	878.704
952.267	874.357
952.564	868.004
952.861	867.670
953.158	860.648
953.455	864.995
953.752	868.004
954.049	856.302
954.346	848.611
954.643	840.587
954.939	829.218
955.236	824.203
955.532	823.869
955.829	811.832
956.125	815.510
956.422	818.853
956.718	814.506
957.014	816.178
957.311	812.500
957.607	803.472
957.903	815.175
958.199	813.838
958.495	816.178
958.791	823.869
959.087	822.197
959.382	816.513
959.678	820.859
959.974	814.841
960.270	807.819
960.565	796.785
960.861	788.761
961.156	791.770
961.452	800.129
961.747	801.466
962.042	794.110
962.338	809.491
962.633	812.166
962.928	809.491
963.223	806.147
963.518	804.810
963.813	803.807
964.108	816.847
964.403	808.822
964.697	807.150
964.992	813.503
965.287	814.841
965.582	808.488
965.876	800.129
966.171	796.117
966.465	791.435
966.759	788.761
967.054	787.423
967.348	789.095
967.642	788.426
967.936	791.435
968.231	785.417
968.525	792.104
968.819	788.426
969.112	783.411
969.406	770.371
969.700	776.055
969.994	772.711
970.288	762.346
970.581	761.343
970.875	765.355
971.168	762.346
971.462	770.705
971.755	765.690
972.049	772.711
972.342	780.736
972.635	759.337
972.928	770.371
973.222	773.714
973.515	771.374
973.808	770.371
974.101	761.677
974.393	759.671
974.686	813.838
974.979	806.482
975.272	806.482
975.564	812.835
975.857	810.828
976.150	811.832
976.442	805.813
976.735	763.015
977.027	754.990
977.319	749.640
977.612	747.968
977.904	739.275
978.196	738.606
978.488	742.953
978.780	742.953
979.072	736.934
979.364	736.600
979.656	732.588
979.948	734.259
980.239	731.919
980.531	739.944
980.823	735.597
981.114	746.297
981.406	747.300
981.697	739.609
981.989	747.968
982.280	752.315
982.571	743.956
982.862	741.281
983.154	733.256
983.445	737.937
983.736	737.269
984.027	738.941
984.318	732.588
984.609	726.904
984.899	735.263
985.190	733.256
985.481	731.585
985.771	741.950
986.062	735.597
986.353	736.600
986.643	745.293
986.933	740.612
987.224	754.990
987.514	748.971
987.804	745.962
988.094	746.297
988.385	749.975
988.675	747.968
988.965	741.950
989.255	734.928
989.544	731.919
989.834	733.925
990.124	737.269
990.414	736.600
990.703	733.925
990.993	733.256
991.283	729.244
991.572	732.253
991.861	729.244
992.151	727.572
992.440	733.591
992.729	733.591
993.019	746.297
993.308	754.990
993.597	763.349
993.886	758.334
994.175	762.346
994.464	749.640
994.752	754.656
995.041	745.962
995.330	743.956
995.619	729.244
995.907	734.259
996.196	727.572
996.484	735.597
996.773	734.259
997.061	740.278
997.349	744.625
997.638	759.002
997.926	756.662
998.214	756.327
998.502	754.321
998.790	740.612
999.078	737.269
999.366	731.250
999.654	722.557
999.941	727.907
1000.229	734.594
1000.517	738.606
1000.804	777.392
1001.092	780.067
1001.379	782.742
1001.667	792.104
1001.954	783.411
1002.242	776.055
1002.529	782.742
1002.816	747.300
1003.103	739.944
1003.390	725.900
1003.677	723.560
1003.964	730.247
1004.251	733.256
1004.538	717.541
1004.825	722.557
1005.111	724.897
1005.398	741.281
1005.685	737.937
1005.971	736.934
1006.258	740.278
1006.544	739.275
1006.831	739.944
1007.117	741.615
1007.403	735.597
1007.689	736.934
1007.975	741.615
1008.261	730.916
1008.547	735.597
1008.833	749.640
1009.119	747.634
1009.405	747.300
1009.691	748.637
1009.977	743.622
1010.262	752.984
1010.548	750.643
1010.833	740.612
1011.119	748.971
1011.404	746.631
1011.690	739.944
1011.975	736.600
1012.260	725.566
1012.545	724.897
1012.831	715.870
1013.116	718.544
1013.401	715.535
1013.686	718.544
1013.970	730.916
1014.255	737.269
1014.540	733.591
1014.825	732.922
1015.109	723.894
1015.394	728.910
1015.679	730.916
1015.963	722.222
1016.247	713.863
1016.532	717.541
1016.816	725.232
1017.100	727.907
1017.384	730.247
1017.669	719.213
1017.953	722.557
1018.237	733.925
1018.521	747.968
1018.804	744.290
1019.088	728.241
1019.372	731.250
1019.656	741.281
1019.939	742.284
1020.223	740.278
1020.506	725.232
1020.790	725.566
1021.073	745.293
1021.357	738.941
1021.640	738.606
1021.923	742.284
1022.206	734.594
1022.489	728.575
1022.772	736.934
1023.055	724.229
1023.338	714.532
1023.621	701.158
1023.904	698.817
1024.187	705.839
1024.469	715.535
1024.752	772.377
1025.035	730.247
1025.317	737.269
