339.628	664.712
340.007	664.712
340.385	664.712
340.764	612.886
341.143	600.515
341.521	586.471
341.900	577.444
342.278	562.397
342.657	577.109
343.035	570.088
343.413	577.778
343.792	585.803
344.170	596.837
344.548	599.512
344.927	618.236
345.305	613.555
345.683	624.589
346.061	627.264
346.439	632.279
346.818	637.629
347.196	650.335
347.574	648.663
347.952	670.396
348.330	686.780
348.708	693.802
349.085	696.477
349.463	696.142
349.841	706.842
350.219	719.548
350.597	718.879
350.974	710.185
351.352	715.201
351.730	724.229
352.107	740.947
352.485	741.615
352.862	736.600
353.240	743.287
353.617	762.012
353.995	765.355
354.372	767.027
354.750	759.337
355.127	763.349
355.504	778.061
355.881	779.064
356.259	781.739
356.636	791.770
357.013	798.457
357.390	797.788
357.767	786.086
358.144	781.739
358.521	782.408
358.898	770.705
359.275	761.008
359.652	756.996
360.029	761.008
360.406	771.374
360.783	778.061
361.159	773.046
361.536	780.067
361.913	784.414
362.290	776.055
362.666	773.046
363.043	757.330
363.419	755.324
363.796	762.346
364.172	755.659
364.549	750.309
364.925	750.978
365.302	755.659
365.678	755.993
366.054	747.968
366.431	744.625
366.807	746.297
367.183	746.631
367.559	751.312
367.935	747.300
368.312	767.696
368.688	765.690
369.064	763.015
369.440	761.677
369.816	759.337
370.192	760.005
370.567	754.656
370.943	744.290
371.319	751.646
371.695	753.318
372.071	755.324
372.446	764.018
372.822	756.996
373.198	761.677
373.573	753.318
373.949	741.615
374.325	731.250
374.700	740.947
375.075	741.281
375.451	742.284
375.826	740.612
376.202	735.263
376.577	741.950
376.952	747.634
377.328	739.944
377.703	742.953
378.078	751.981
378.453	758.334
378.828	770.036
379.203	775.386
379.578	776.723
379.953	772.711
380.328	767.027
380.703	758.668
381.078	762.680
381.453	765.690
381.828	764.352
382.203	771.374
382.578	766.358
382.952	763.015
383.327	766.693
383.702	747.634
384.076	740.278
384.451	736.934
384.825	726.904
385.200	736.266
385.574	736.600
385.949	730.582
386.323	743.287
386.698	746.965
387.072	746.631
387.446	747.968
387.821	748.971
388.195	752.649
388.569	755.993
388.943	740.612
389.317	745.962
389.691	739.609
390.065	738.272
390.439	732.588
390.813	723.894
391.187	727.907
391.561	750.978
391.935	745.962
392.309	751.981
392.683	766.693
393.056	771.039
393.430	777.058
393.804	781.405
394.178	772.377
394.551	772.711
394.925	773.046
395.298	761.343
395.672	765.355
396.045	765.355
396.419	761.677
396.792	760.674
397.165	764.686
397.539	763.349
397.912	770.705
398.285	761.008
398.659	769.368
399.032	766.358
399.405	770.036
399.778	766.358
400.151	772.377
400.524	772.377
400.897	776.055
401.270	763.349
401.643	771.039
402.016	775.386
402.389	777.727
402.762	779.064
403.134	772.042
403.507	770.371
403.880	785.083
404.253	784.748
404.625	776.723
404.998	775.052
405.370	774.383
405.743	786.420
406.115	793.107
406.488	786.420
406.860	793.442
407.233	804.476
407.605	809.825
407.977	816.847
408.350	809.825
408.722	817.516
409.094	821.528
409.466	823.534
409.838	824.203
410.210	818.519
410.582	826.878
410.954	843.262
411.326	839.584
411.698	837.577
412.070	835.906
412.442	847.608
412.814	868.339
413.186	873.020
413.558	886.394
413.929	905.787
414.301	921.837
414.673	937.552
415.044	941.564
415.416	956.276
415.787	971.322
416.159	983.025
416.530	1005.093
416.902	1027.161
417.273	1047.891
417.645	1070.962
418.016	1084.337
418.387	1109.748
418.758	1132.151
419.130	1150.875
419.501	1182.639
419.872	1209.388
420.243	1242.156
420.614	1282.948
420.985	1313.709
421.356	1341.127
421.727	1375.232
422.098	1406.996
422.469	1437.423
422.840	1472.866
423.211	1513.658
423.581	1540.072
423.952	1575.515
424.323	1627.007
424.693	1658.771
425.064	1705.582
425.435	1755.736
425.805	1792.182
426.176	1854.707
426.546	1909.543
426.917	1959.697
427.287	2020.885
427.657	2077.058
428.028	2124.538
428.398	2189.070
428.768	2236.883
429.138	2294.059
429.509	2331.508
429.879	2394.034
430.249	2446.529
430.619	2496.683
430.989	2540.484
431.359	2608.026
431.729	2668.211
432.099	2744.780
432.469	2804.965
432.839	2871.169
433.208	2941.050
433.578	3020.294
433.948	3076.467
434.318	3133.977
434.687	3191.822
435.057	3263.376
435.426	3340.613
435.796	3418.854
436.165	3489.404
436.535	3576.339
436.904	3662.270
437.274	3769.934
437.643	3876.262
438.012	3970.217
438.382	4060.829
438.751	4166.822
439.120	4251.750
439.489	4362.759
439.858	4424.616
440.227	4499.178
440.597	4584.441
440.966	4678.062
441.335	4772.352
441.703	4872.661
442.072	4946.555
442.441	5033.824
442.810	5086.987
443.179	5138.813
443.548	5193.983
443.916	5203.345
444.285	5234.107
444.654	5284.595
445.022	5311.679
445.391	5343.777
445.759	5358.824
446.128	5353.474
446.496	5351.468
446.865	5339.096
447.233	5299.307
447.601	5267.543
447.970	5228.422
448.338	5203.011
448.706	5147.841
449.074	5113.402
449.443	5032.486
449.811	4948.227
450.179	4868.983
450.547	4770.346
450.915	4649.976
451.283	4549.333
451.651	4436.653
452.018	4338.016
452.386	4238.376
452.754	4126.030
453.122	4017.697
453.490	3934.775
453.857	3844.831
454.225	3752.882
454.593	3676.982
454.960	3588.376
455.328	3504.785
455.695	3435.572
456.063	3343.288
456.430	3261.035
456.798	3190.819
457.165	3105.222
457.532	3032.331
457.899	2975.824
458.267	2902.933
458.634	2848.766
459.001	2804.965
459.368	2751.133
459.735	2713.350
460.102	2661.523
460.469	2625.412
460.836	2597.326
461.203	2562.552
461.570	2511.729
461.937	2466.590
462.304	2434.492
462.671	2418.776
463.037	2367.953
463.404	2341.204
463.771	2302.418
464.137	2269.651
464.504	2235.546
464.870	2206.791
465.237	2168.674
465.603	2145.937
465.970	2099.795
466.336	2073.380
466.703	2064.687
467.069	2044.625
467.435	2030.916
467.801	1996.811
468.168	1972.403
468.534	1954.013
468.900	1940.304
469.266	1914.893
469.632	1899.846
469.998	1856.045
470.364	1853.036
470.730	1847.686
471.096	1842.336
471.462	1826.955
471.827	1792.850
472.193	1778.473
472.559	1779.810
472.925	1763.761
473.290	1741.359
473.656	1728.987
474.022	1719.959
474.387	1728.653
474.753	1720.628
475.118	1701.904
475.483	1693.545
475.849	1691.204
476.214	1682.845
476.580	1673.817
476.945	1686.189
477.310	1691.873
477.675	1685.520
478.040	1696.220
478.406	1685.854
478.771	1689.532
479.136	1704.913
479.501	1694.213
479.866	1694.882
480.231	1697.223
480.595	1706.585
480.960	1736.343
481.325	1745.371
481.690	1740.355
482.055	1749.718
482.419	1759.414
482.784	1769.111
483.148	1769.779
483.513	1764.430
483.878	1797.531
484.242	1810.572
484.607	1824.949
484.971	1842.336
485.335	1878.113
485.700	1895.500
486.064	1919.239
486.428	1906.534
486.792	1943.313
487.157	1970.397
487.521	1992.465
487.885	2013.195
488.249	2040.278
488.613	2072.377
488.977	2128.550
489.341	2152.958
489.705	2188.067
490.069	2224.846
490.432	2270.320
490.796	2309.774
491.160	2352.907
491.524	2399.049
491.887	2454.888
492.251	2506.714
492.615	2557.202
492.978	2600.335
493.342	2650.490
493.705	2704.656
494.069	2764.173
494.432	2822.352
494.795	2882.203
495.159	2952.084
495.522	3010.598
495.885	3101.879
496.248	3179.116
496.612	3239.301
496.975	3290.124
497.338	3359.003
497.701	3430.222
498.064	3522.841
498.427	3566.308
498.790	3622.146
499.153	3695.037
499.515	3781.303
499.878	3855.531
500.241	3938.787
500.604	4008.000
500.966	4117.337
501.329	4229.348
501.692	4319.291
502.054	4426.956
502.417	4512.887
502.779	4594.472
503.142	4648.638
503.504	4750.619
503.866	4826.185
504.229	4901.751
504.591	4971.967
504.953	5045.526
505.315	5106.046
505.678	5240.794
506.040	5294.961
506.402	5401.956
506.764	5505.274
507.126	5589.534
507.488	5693.520
507.850	5835.624
508.212	5911.190
508.573	6037.579
508.935	6104.786
509.297	6221.813
509.659	6318.443
510.020	6424.771
510.382	6503.011
510.744	6587.939
511.105	6654.477
511.467	6751.777
511.828	6811.628
512.190	6898.896
512.551	6968.109
512.913	7044.678
513.274	7142.312
513.635	7223.562
513.996	7323.536
514.358	7398.099
514.719	7443.907
515.080	7541.206
515.441	7613.763
515.802	7697.353
516.163	7761.216
516.524	7798.331
516.885	7888.274
517.246	7963.840
517.607	8013.660
517.967	8070.836
518.328	8112.631
518.689	8182.513
519.050	8250.054
519.410	8272.456
519.771	8351.366
520.131	8406.870
520.492	8472.405
520.852	8559.339
521.213	8588.429
521.573	8662.323
521.934	8743.238
522.294	8788.712
522.654	8813.789
523.015	8879.324
523.375	8906.407
523.735	8994.344
524.095	8996.351
524.455	9021.762
524.815	9086.294
525.175	9159.854
525.535	9169.216
525.895	9204.658
526.255	9205.327
526.615	9263.506
526.974	9303.629
527.334	9315.332
527.694	9324.026
528.054	9361.808
528.413	9382.873
528.773	9460.111
529.132	9496.556
529.492	9485.857
529.851	9504.247
530.211	9552.395
530.570	9559.751
530.930	9595.528
531.289	9591.181
531.648	9599.874
532.007	9663.738
532.367	9691.490
532.726	9706.202
533.085	9730.944
533.444	9752.344
533.803	9773.743
534.162	9803.167
534.521	9834.931
534.880	9839.612
535.239	9876.392
535.597	9932.565
535.956	9954.967
536.315	9967.673
536.674	9978.038
537.032	9995.425
537.391	10039.226
537.749	10036.217
538.108	10039.226
538.466	10040.564
538.825	10040.229
539.183	10027.858
539.542	10022.174
539.900	10057.616
540.258	10067.982
540.617	10046.248
540.975	10068.985
541.333	10092.056
541.691	10110.780
542.049	10127.164
542.407	10080.687
542.765	10066.644
543.123	10108.774
543.481	10092.724
543.839	10128.501
544.197	10142.879
544.555	10178.990
544.912	10204.401
545.270	10208.748
545.628	10220.451
545.985	10217.107
546.343	10183.002
546.700	10180.662
547.058	10132.179
547.415	10122.148
547.773	10124.489
548.130	10098.743
548.488	10134.520
548.845	10105.764
549.202	10117.133
549.559	10103.424
549.916	10107.436
550.274	10141.207
550.631	10114.458
550.988	10086.706
551.345	10106.099
551.702	10100.415
552.059	10099.077
552.416	10116.798
552.772	10094.062
553.129	10114.792
553.486	10096.068
553.843	10087.709
554.199	10050.595
554.556	10037.889
554.913	9990.075
555.269	9943.933
555.626	9906.150
555.982	9874.386
556.339	9872.380
556.695	9876.392
557.051	9895.451
557.408	9874.386
557.764	9863.017
558.120	9864.689
558.476	9849.643
558.832	9812.529
559.188	9799.823
559.545	9750.337
559.901	9762.709
560.257	9772.740
560.612	9780.764
560.968	9807.848
561.324	9806.845
561.680	9775.080
562.036	9757.025
562.391	9721.582
562.747	9709.880
563.103	9652.369
563.458	9590.512
563.814	9553.398
564.169	9522.637
564.525	9524.309
564.880	9484.854
565.236	9451.752
565.591	9433.028
565.946	9368.161
566.302	9342.750
566.657	9320.348
567.012	9295.605
567.367	9287.246
567.722	9277.884
568.077	9237.760
568.432	9262.169
568.787	9212.349
569.142	9182.590
569.497	9125.749
569.852	9099.000
570.207	9029.452
570.561	9013.069
570.916	8991.001
571.271	9006.047
571.625	8993.341
571.980	8971.608
572.335	8927.806
572.689	8932.153
573.044	8884.339
573.398	8858.259
573.752	8825.826
574.107	8776.340
574.461	8762.631
574.815	8722.174
575.169	8667.338
575.524	8677.369
575.878	8630.558
576.232	8576.726
576.586	8588.429
576.940	8529.581
577.294	8519.216
577.648	8505.172
578.002	8431.613
578.355	8418.573
578.709	8394.833
579.063	8322.276
579.417	8292.518
579.770	8253.732
580.124	8206.587
580.477	8193.212
580.831	8135.702
581.185	8123.331
581.538	8086.217
581.891	8079.529
582.245	8064.149
582.598	8005.635
582.951	7979.889
583.305	7951.469
583.658	7901.649
584.011	7886.602
584.364	7827.755
584.717	7776.931
585.070	7755.867
585.423	7709.390
585.776	7679.632
586.129	7639.843
586.482	7601.391
586.835	7550.568
587.187	7523.485
587.540	7511.448
587.893	7452.600
588.245	7411.139
588.598	7383.721
588.950	7337.914
589.303	7335.239
589.655	7315.512
590.008	7282.410
590.360	7307.153
590.713	7309.493
591.065	7288.094
591.417	7278.063
591.769	7236.602
592.121	7190.126
592.474	7150.002
592.826	7087.142
593.178	7038.660
593.530	6995.193
593.882	6970.784
594.234	6950.388
594.585	6916.283
594.937	6903.577
595.289	6875.825
595.641	6831.689
595.992	6798.588
596.344	6763.145
596.696	6728.706
597.047	6713.325
597.399	6678.886
597.750	6646.787
598.102	6616.694
598.453	6614.688
598.804	6579.915
599.156	6574.565
599.507	6544.138
599.858	6525.748
600.209	6502.677
600.561	6498.999
600.912	6417.749
601.263	6384.313
601.614	6338.839
601.965	6297.379
602.316	6237.528
602.666	6190.048
603.017	6141.900
603.368	6141.566
603.719	6118.160
604.070	6067.337
604.420	6037.579
604.771	6012.502
605.121	6019.858
605.472	6008.490
605.822	5963.685
606.173	5937.939
606.523	5908.515
606.874	5851.339
607.224	5816.231
607.574	5761.396
607.924	5692.852
608.275	5653.062
608.625	5599.565
608.975	5563.788
609.325	5536.370
609.675	5503.603
610.025	5477.188
610.375	5452.111
610.725	5439.071
611.074	5408.309
611.424	5381.560
611.774	5357.152
612.124	5310.676
612.473	5249.487
612.823	5197.327
613.173	5140.820
613.522	5080.969
613.872	5044.523
614.221	4995.038
614.570	4954.914
614.920	4936.859
615.269	4920.809
615.618	4882.692
615.968	4868.983
616.317	4841.565
616.666	4818.494
617.015	4778.705
617.364	4742.928
617.713	4689.430
618.062	4660.341
618.411	4621.221
618.760	4569.729
619.109	4541.977
619.457	4520.243
619.806	4500.850
620.155	4484.801
620.503	4451.365
620.852	4420.938
621.201	4400.542
621.549	4358.746
621.898	4326.313
622.246	4286.190
622.594	4267.465
622.943	4240.382
623.291	4201.596
623.639	4157.460
623.988	4118.340
624.336	4088.582
624.684	4049.127
625.032	3991.616
625.380	3965.536
625.728	3943.468
626.076	3915.382
626.424	3898.329
626.772	3873.587
627.120	3833.129
627.467	3806.380
627.815	3782.974
628.163	3756.894
628.510	3717.105
628.858	3680.994
629.206	3647.558
629.553	3610.109
629.901	3582.023
630.248	3552.264
630.595	3508.129
630.943	3509.466
631.290	3473.689
631.637	3450.953
631.984	3426.879
632.332	3408.489
632.679	3369.703
633.026	3358.334
633.373	3319.883
633.720	3288.118
634.067	3266.385
634.414	3270.397
634.760	3259.029
635.107	3222.583
635.454	3217.234
635.801	3202.522
636.147	3187.141
636.494	3159.389
636.841	3111.909
637.187	3079.811
637.534	3073.123
637.880	3029.991
638.226	2990.870
638.573	2983.849
638.919	2983.849
639.265	2956.431
639.612	2947.738
639.958	2915.639
640.304	2898.921
640.650	2905.274
640.996	2882.203
641.342	2841.745
641.688	2830.711
642.034	2793.931
642.380	2783.566
642.726	2766.513
643.071	2728.062
643.417	2708.334
643.763	2687.604
644.108	2661.189
644.454	2649.821
644.800	2637.115
645.145	2614.044
645.491	2601.004
645.836	2603.679
646.181	2596.992
646.527	2578.602
646.872	2558.540
647.217	2537.475
647.562	2529.450
647.908	2498.355
648.253	2477.959
648.598	2447.532
648.943	2449.872
649.288	2433.488
649.633	2417.439
649.978	2388.350
650.322	2378.987
650.667	2358.926
651.012	2351.904
651.357	2334.183
651.701	2317.130
652.046	2293.056
652.390	2268.982
652.735	2257.280
653.079	2236.883
653.424	2217.156
653.768	2190.741
654.113	2171.348
654.457	2157.305
654.801	2164.996
655.145	2139.250
655.490	2123.200
655.834	2117.182
656.178	2111.163
656.522	2105.479
656.866	2101.801
657.210	2074.718
657.554	2071.374
657.897	2065.021
658.241	2043.622
658.585	2031.585
658.929	2024.229
659.272	2012.192
659.616	2012.861
659.959	1999.486
660.303	1973.406
660.646	1958.360
660.990	1942.645
661.333	1918.571
661.677	1910.212
662.020	1895.500
662.363	1878.113
662.706	1862.398
663.050	1861.729
663.393	1840.664
663.736	1838.324
664.079	1827.958
664.422	1810.906
664.765	1806.559
665.108	1796.194
665.450	1787.166
665.793	1781.816
666.136	1761.420
666.479	1744.033
666.821	1728.653
667.164	1713.272
667.507	1708.591
667.849	1689.532
668.192	1684.517
668.534	1682.511
668.876	1672.480
669.219	1669.805
669.561	1661.112
669.903	1657.099
670.246	1655.427
670.588	1653.087
670.930	1640.716
671.272	1637.706
671.614	1636.369
671.956	1627.007
672.298	1622.660
672.640	1608.282
672.982	1596.580
673.323	1588.221
673.665	1575.515
674.007	1559.131
674.349	1563.812
674.690	1547.763
675.032	1548.432
675.373	1539.738
675.715	1538.401
676.056	1520.679
676.398	1522.351
676.739	1503.293
677.080	1504.296
677.421	1497.608
677.763	1491.590
678.104	1481.559
678.445	1481.225
678.786	1469.188
679.127	1470.860
679.468	1462.500
679.809	1446.451
680.150	1448.123
680.491	1445.114
680.831	1438.761
681.172	1432.742
681.513	1426.389
681.853	1423.380
682.194	1426.724
682.535	1399.306
682.875	1390.278
683.216	1386.266
683.556	1387.938
683.896	1377.907
684.237	1354.501
684.577	1345.139
684.917	1354.501
685.257	1344.805
685.598	1335.108
685.938	1331.430
686.278	1328.421
686.618	1339.455
686.958	1336.780
687.298	1340.793
687.637	1335.443
687.977	1344.136
688.317	1338.452
688.657	1329.424
688.996	1329.090
689.336	1316.719
689.676	1309.363
690.015	1319.728
690.355	1318.725
690.694	1307.356
691.034	1313.041
691.373	1296.322
691.712	1302.675
692.051	1286.960
692.391	1276.595
692.730	1263.221
693.069	1270.242
693.408	1256.533
693.747	1260.211
694.086	1256.533
694.425	1258.874
694.764	1253.190
695.103	1259.877
695.442	1246.502
695.780	1257.202
696.119	1252.187
696.458	1242.824
696.796	1237.140
697.135	1240.150
697.473	1224.769
697.812	1215.072
698.150	1203.370
698.489	1201.364
698.827	1190.998
699.165	1195.011
699.503	1181.971
699.842	1183.308
700.180	1184.980
700.518	1184.311
700.856	1186.986
701.194	1198.689
701.532	1197.686
701.870	1193.004
702.208	1188.323
702.545	1182.639
702.883	1193.004
703.221	1189.661
703.559	1182.974
703.896	1175.618
704.234	1184.980
704.571	1171.940
704.909	1172.274
705.246	1148.534
705.584	1155.890
705.921	1149.537
706.258	1134.491
706.596	1124.795
706.933	1130.144
707.270	1132.151
707.607	1131.816
707.944	1108.411
708.281	1115.432
708.618	1125.463
708.955	1113.426
709.292	1120.448
709.629	1107.408
709.966	1115.098
710.302	1130.813
710.639	1115.098
710.976	1100.721
711.312	1101.724
711.649	1086.343
711.985	1093.365
712.322	1073.972
712.658	1050.232
712.994	1044.213
713.331	1046.888
713.667	1048.226
714.003	1050.566
714.339	1044.548
714.676	1037.192
715.012	1041.538
715.348	1042.207
715.684	1040.870
716.020	1034.517
716.355	1028.498
716.691	1025.155
717.027	1028.833
717.363	1027.161
717.698	1023.483
718.034	1023.817
718.370	1014.121
718.705	1014.789
719.041	1017.464
719.376	1019.136
719.712	1016.796
720.047	1025.155
720.382	1019.470
720.718	1028.498
721.053	1027.495
721.388	1011.780
721.723	1013.452
722.058	1008.437
722.393	997.737
722.728	995.062
723.063	998.406
723.398	994.728
723.733	998.406
724.068	990.381
724.402	983.359
724.737	984.028
725.072	993.056
725.406	978.344
725.741	977.675
726.075	972.325
726.410	970.654
726.744	975.000
727.079	979.013
727.413	957.948
727.747	967.310
728.081	966.307
728.416	966.976
728.750	959.285
729.084	946.580
729.418	937.217
729.752	947.248
730.086	942.902
730.420	931.868
730.753	923.843
731.087	931.533
731.421	951.261
731.755	942.567
732.088	922.505
732.422	913.812
732.755	915.149
733.089	907.793
733.422	902.778
733.756	890.072
734.089	894.085
734.423	910.803
734.756	902.778
735.089	903.781
735.422	912.140
735.755	906.456
736.088	896.091
736.421	899.100
736.754	898.431
737.087	903.447
737.420	905.119
737.753	900.103
738.086	901.775
738.418	910.803
738.751	908.128
739.084	900.103
739.416	889.404
739.749	870.011
740.081	862.655
740.414	859.645
740.746	865.664
741.079	858.642
741.411	851.621
741.743	867.670
742.075	882.048
742.407	894.419
742.740	894.419
743.072	876.363
743.404	879.707
743.736	889.404
744.068	880.376
744.399	874.023
744.731	877.367
745.063	872.017
745.395	871.682
745.726	874.357
746.058	873.689
746.390	879.373
746.721	875.695
747.053	873.020
747.384	876.363
747.715	886.729
748.047	882.382
748.378	873.354
748.709	868.004
749.040	872.017
749.371	869.676
749.703	869.676
750.034	863.323
750.365	855.967
750.696	854.964
751.026	865.329
751.357	873.354
751.688	864.995
752.019	862.655
752.350	866.667
752.680	859.311
753.011	861.986
753.341	845.936
753.672	837.577
754.002	836.909
754.333	833.565
754.663	822.531
754.993	833.565
755.324	826.543
755.654	824.872
755.984	824.872
756.314	833.231
756.644	843.262
756.974	849.949
757.304	860.648
757.634	866.667
757.964	872.351
758.294	866.667
758.623	863.992
758.953	861.317
759.283	850.952
759.612	837.577
759.942	835.571
760.272	832.562
760.601	830.556
760.930	821.194
761.260	820.525
761.589	829.887
761.918	824.872
762.248	816.847
762.577	816.178
762.906	814.841
763.235	818.519
763.564	808.822
763.893	793.442
764.222	790.767
764.551	793.107
764.880	790.432
765.209	791.770
765.537	789.764
765.866	795.448
766.195	801.466
766.523	812.500
766.852	821.528
767.180	817.850
767.509	812.500
767.837	809.491
768.165	810.160
768.494	817.516
768.822	806.147
769.150	801.801
769.478	806.482
769.806	814.172
770.134	820.859
770.462	823.534
770.790	815.844
771.118	816.847
771.446	816.847
771.774	826.543
772.102	830.221
772.429	826.209
772.757	820.191
773.085	817.850
773.412	821.862
773.740	822.197
774.067	805.813
774.395	801.466
774.722	802.469
775.049	799.460
775.376	814.172
775.704	816.178
776.031	816.178
776.358	831.559
776.685	833.899
777.012	837.577
777.339	845.602
777.666	837.577
777.993	833.565
778.320	828.550
778.646	815.510
778.973	810.494
779.300	813.503
779.626	820.859
779.953	821.194
780.279	826.543
780.606	825.875
780.932	826.543
781.259	823.869
781.585	809.491
781.911	781.739
782.237	779.733
782.564	770.036
782.890	763.015
783.216	756.996
783.542	761.008
783.868	775.052
784.194	789.429
784.519	799.126
784.845	805.144
785.171	812.166
785.497	817.850
785.822	812.166
786.148	809.491
786.474	807.485
786.799	796.451
787.125	792.773
787.450	783.411
787.775	786.420
788.101	788.761
788.426	779.398
788.751	781.739
789.076	779.064
789.401	771.708
789.726	771.708
790.051	770.371
790.376	779.733
790.701	791.770
791.026	795.448
791.351	810.494
791.676	815.844
792.000	818.519
792.325	818.519
792.650	807.819
792.974	803.807
793.299	799.126
793.623	792.439
793.948	789.429
794.272	799.794
794.596	795.448
794.921	802.804
795.245	788.761
795.569	794.779
795.893	786.754
796.217	786.420
796.541	787.089
796.865	795.113
797.189	782.073
797.513	788.426
797.837	778.395
798.160	788.092
798.484	800.129
798.808	793.776
799.131	790.432
799.455	800.129
799.778	798.457
800.102	795.448
800.425	787.423
800.749	783.745
801.072	779.398
801.395	772.711
801.718	772.042
802.042	770.371
802.365	772.042
802.688	773.380
803.011	769.702
803.334	774.717
803.657	774.383
803.979	771.708
804.302	774.049
804.625	778.730
804.948	772.711
805.270	770.036
805.593	771.708
805.915	781.070
806.238	787.423
806.560	779.398
806.883	777.392
807.205	778.061
807.527	785.751
807.850	786.086
808.172	774.383
808.494	762.012
808.816	769.368
809.138	770.705
809.460	782.073
809.782	772.711
810.104	764.018
810.426	774.383
810.747	777.392
811.069	775.720
811.391	778.395
811.712	764.686
812.034	768.364
812.355	776.055
812.677	772.711
812.998	779.733
813.320	787.423
813.641	785.083
813.962	795.782
814.284	790.432
814.605	791.101
814.926	789.429
815.247	794.779
815.568	792.104
815.889	781.405
816.210	766.693
816.531	782.073
816.851	780.401
817.172	774.383
817.493	762.346
817.814	761.343
818.134	769.702
818.455	783.076
818.775	776.055
819.096	768.699
819.416	775.386
819.736	778.730
820.057	778.730
820.377	772.377
820.697	767.696
821.017	760.005
821.337	767.361
821.657	766.024
821.977	765.021
822.297	763.015
822.617	777.058
822.937	772.377
823.257	773.380
823.577	780.067
823.896	784.414
824.216	782.073
824.535	784.748
824.855	772.711
825.174	765.690
825.494	770.036
825.813	765.021
826.132	766.358
826.452	772.042
826.771	760.005
827.090	756.327
827.409	765.355
827.728	761.677
828.047	764.018
828.366	764.018
828.685	762.012
829.004	772.042
829.323	783.411
829.642	786.420
829.960	785.417
830.279	781.739
830.597	779.733
830.916	776.723
831.235	783.745
831.553	781.070
831.871	782.742
832.190	770.705
832.508	771.039
832.826	772.711
833.144	779.064
833.463	774.049
833.781	772.711
834.099	764.686
834.417	768.030
834.734	769.033
835.052	760.005
835.370	756.662
835.688	749.306
836.006	743.956
836.323	747.300
836.641	760.674
836.958	757.999
837.276	764.018
837.593	761.343
837.911	770.036
838.228	775.386
838.545	777.727
838.863	779.398
839.180	779.398
839.497	781.739
839.814	778.395
840.131	771.039
840.448	776.389
840.765	776.055
841.082	772.711
841.399	768.364
841.716	769.368
842.032	776.723
842.349	780.067
842.666	773.046
842.982	764.686
843.299	761.343
843.615	765.021
843.932	754.321
844.248	752.984
844.564	745.293
844.880	748.637
845.197	746.631
845.513	748.303
845.829	747.634
846.145	755.324
846.461	750.978
846.777	765.021
847.093	763.015
847.409	758.668
847.724	753.652
848.040	754.990
848.356	759.002
848.671	766.358
848.987	763.683
849.303	764.352
849.618	773.714
849.933	787.757
850.249	786.754
850.564	781.405
850.879	773.046
851.195	769.033
851.510	757.330
851.825	766.024
852.140	757.999
852.455	763.683
852.770	760.674
853.085	771.374
853.399	770.371
853.714	778.061
854.029	769.702
854.344	769.033
854.658	764.352
854.973	771.374
855.287	764.686
855.602	768.364
855.916	776.389
856.231	797.788
856.545	789.764
856.859	798.457
857.173	787.423
857.488	785.417
857.802	782.408
858.116	774.383
858.430	753.318
858.744	768.030
859.058	759.671
859.371	771.039
859.685	765.021
859.999	777.058
860.313	790.098
860.626	792.773
860.940	775.720
861.253	781.070
861.567	766.358
861.880	766.693
862.193	754.990
862.507	756.327
862.820	757.999
863.133	763.349
863.446	756.996
863.759	759.002
864.073	756.996
864.386	754.990
864.698	747.968
865.011	752.315
865.324	758.668
865.637	754.321
865.950	758.334
866.262	767.696
866.575	780.401
866.887	781.070
867.200	770.705
867.512	762.012
867.825	759.671
868.137	757.330
868.449	760.674
868.762	752.649
869.074	763.015
869.386	766.358
869.698	771.039
870.010	777.727
870.322	786.754
870.634	781.739
870.946	782.408
871.258	771.039
871.570	780.067
871.881	783.411
872.193	783.411
872.504	786.754
872.816	786.754
873.128	787.757
873.439	799.126
873.750	802.135
874.062	802.135
874.373	798.457
874.684	790.767
874.995	786.086
875.307	777.392
875.618	752.649
875.929	748.637
876.240	741.281
876.550	747.968
876.861	748.637
877.172	755.659
877.483	765.355
877.794	776.055
878.104	768.030
878.415	774.717
878.725	772.711
879.036	770.371
879.346	776.055
879.657	767.696
879.967	768.699
880.277	769.368
880.587	769.033
880.898	764.352
881.208	762.680
881.518	748.637
881.828	745.628
882.138	738.272
882.448	729.578
882.757	729.578
883.067	729.913
883.377	734.259
883.687	739.609
883.996	744.959
884.306	736.934
884.615	748.303
884.925	745.293
885.234	750.309
885.543	752.984
885.853	742.953
886.162	749.306
886.471	756.996
886.780	762.012
887.089	768.364
887.398	763.015
887.707	750.309
888.016	759.337
888.325	760.674
888.634	765.355
888.943	760.340
889.251	759.002
889.560	755.993
889.869	763.683
890.177	765.355
890.486	759.671
890.794	760.340
891.102	752.315
891.411	747.968
891.719	758.668
892.027	753.318
892.335	757.665
892.644	752.984
892.952	757.999
893.260	770.036
893.568	770.371
893.875	774.717
894.183	785.417
894.491	782.742
894.799	792.439
895.106	787.423
895.414	787.757
895.722	783.745
896.029	778.395
896.337	766.024
896.644	756.996
896.951	754.656
897.259	744.625
897.566	738.606
897.873	740.947
898.180	740.612
898.487	748.971
898.794	755.993
899.101	747.634
899.408	766.024
899.715	763.683
900.022	765.355
900.329	765.021
900.635	767.027
900.942	783.411
901.248	790.767
901.555	778.061
901.861	780.736
902.168	785.417
902.474	788.761
902.781	779.733
903.087	762.012
903.393	757.330
903.699	756.996
904.005	753.987
904.311	746.631
904.617	742.619
904.923	749.306
905.229	752.315
905.535	761.677
905.841	773.046
906.146	772.377
906.452	773.714
906.758	775.052
907.063	780.067
907.369	788.092
907.674	777.727
907.979	774.049
908.285	773.046
908.590	773.046
908.895	772.711
909.200	774.049
909.506	764.686
909.811	764.686
910.116	762.680
910.421	773.714
910.725	775.720
911.030	772.042
911.335	772.377
911.640	761.343
911.944	763.349
912.249	763.683
912.554	758.668
912.858	763.349
913.163	768.030
913.467	764.686
913.771	776.723
914.076	774.383
914.380	775.720
914.684	773.046
914.988	773.380
915.292	780.067
915.596	779.398
915.900	779.064
916.204	778.730
916.508	768.699
916.812	765.690
917.115	766.024
917.419	754.990
917.723	751.981
918.026	750.643
918.330	759.002
918.633	776.055
918.937	782.073
919.240	781.070
919.543	779.398
919.846	783.411
920.150	785.751
920.453	773.714
920.756	753.318
921.059	747.300
921.362	746.297
921.665	751.312
921.967	757.999
922.270	758.668
922.573	770.036
922.876	777.392
923.178	780.401
923.481	785.417
923.783	791.435
924.086	786.420
924.388	788.426
924.691	784.079
924.993	788.426
925.295	791.435
925.597	779.064
925.899	767.696
926.201	763.015
926.503	758.668
926.805	756.996
927.107	753.987
927.409	754.990
927.711	762.680
928.013	767.696
928.314	765.690
928.616	768.364
928.918	776.389
929.219	779.733
929.520	777.058
929.822	769.033
930.123	762.012
930.425	754.990
930.726	751.312
931.027	747.634
931.328	747.634
931.629	739.609
931.930	741.281
932.231	747.634
932.532	760.005
932.833	764.352
933.134	751.981
933.434	763.015
933.735	780.067
934.036	781.405
934.336	778.395
934.637	770.371
934.937	767.027
935.238	770.705
935.538	757.999
935.838	756.996
936.138	758.668
936.439	757.665
936.739	766.024
937.039	761.008
937.339	758.334
937.639	757.999
937.939	745.628
938.238	740.278
938.538	739.609
938.838	733.256
939.138	742.284
939.437	743.956
939.737	745.962
940.036	747.968
940.336	748.303
940.635	755.993
940.934	756.662
941.234	747.634
941.533	754.321
941.832	748.971
942.131	755.993
942.430	761.008
942.729	754.990
943.028	756.327
943.327	758.668
943.626	749.975
943.925	749.640
944.223	745.293
944.522	740.278
944.821	742.284
945.119	737.269
945.418	737.937
945.716	754.656
946.014	751.312
946.313	742.619
946.611	748.971
946.909	752.649
947.207	758.334
947.505	759.671
947.803	747.968
948.101	752.315
948.399	760.674
948.697	757.999
948.995	749.640
949.293	752.649
949.590	747.634
949.888	754.656
950.186	753.318
950.483	750.978
950.781	748.637
951.078	747.300
951.375	750.309
951.673	752.315
951.970	752.315
952.267	748.637
952.564	752.984
952.861	756.996
953.158	768.364
953.455	765.355
953.752	773.380
954.049	771.374
954.346	771.039
954.643	768.364
954.939	770.036
955.236	764.686
955.532	767.696
955.829	760.674
956.125	755.324
956.422	756.996
956.718	752.315
957.014	748.637
957.311	749.640
957.607	741.615
957.903	746.631
958.199	754.656
958.495	763.683
958.791	764.686
959.087	762.012
959.382	759.671
959.678	756.327
959.974	756.996
960.270	755.324
960.565	747.300
960.861	746.631
961.156	748.637
961.452	750.309
961.747	759.337
962.042	753.987
962.338	755.324
962.633	761.008
962.928	766.358
963.223	770.705
963.518	769.702
963.813	759.671
964.108	762.680
964.403	754.656
964.697	751.981
964.992	748.303
965.287	753.318
965.582	751.646
965.876	755.993
966.171	753.652
966.465	762.012
966.759	764.686
967.054	763.349
967.348	757.999
967.642	757.330
967.936	754.321
968.231	752.984
968.525	746.965
968.819	753.653
969.112	760.340
969.406	750.309
969.700	747.300
969.994	749.975
970.288	755.324
970.581	757.665
970.875	740.947
971.168	738.272
971.462	745.628
971.755	748.971
972.049	749.975
972.342	748.637
972.635	744.290
972.928	762.680
973.222	763.015
973.515	768.364
973.808	766.693
974.101	769.702
974.393	776.055
974.686	832.562
974.979	824.203
975.272	820.859
975.564	821.528
975.857	825.875
976.150	824.203
976.442	812.500
976.735	761.008
977.027	758.334
977.319	759.671
977.612	753.987
977.904	749.975
978.196	753.987
978.488	763.349
978.780	758.334
979.072	760.005
979.364	761.343
979.656	760.340
979.948	753.318
980.239	738.606
980.531	731.919
980.823	729.578
981.114	728.241
981.406	736.934
981.697	732.588
981.989	736.934
982.280	742.284
982.571	744.959
982.862	759.337
983.154	762.346
983.445	754.990
983.736	764.686
984.027	768.699
984.318	779.398
984.609	772.711
984.899	770.371
985.190	771.374
985.481	765.690
985.771	753.987
986.062	762.012
986.353	751.646
986.643	763.683
986.933	761.343
987.224	765.690
987.514	769.033
987.804	775.720
988.094	769.368
988.385	776.055
988.675	772.711
988.965	768.699
989.255	769.033
989.544	766.693
989.834	767.696
990.124	767.361
990.414	762.012
990.703	765.355
990.993	766.693
991.283	759.671
991.572	760.340
991.861	759.337
992.151	757.330
992.440	772.042
992.729	766.024
993.019	772.042
993.308	771.039
993.597	769.033
993.886	771.708
994.175	767.361
994.464	760.340
994.752	763.683
995.041	760.674
995.330	772.042
995.619	780.067
995.907	779.733
996.196	791.101
996.484	786.420
996.773	780.401
997.061	779.733
997.349	772.377
997.638	768.364
997.926	769.368
998.214	759.671
998.502	758.668
998.790	754.321
999.078	756.662
999.366	754.990
999.654	757.330
999.941	753.652
1000.229	753.318
1000.517	752.984
1000.804	769.702
1001.092	762.346
1001.379	763.349
1001.667	766.024
1001.954	767.027
1002.242	775.052
1002.529	777.392
1002.816	771.039
1003.103	770.036
1003.390	773.046
1003.677	767.361
1003.964	773.046
1004.251	777.392
1004.538	770.705
1004.825	763.683
1005.111	774.383
1005.398	768.699
1005.685	758.668
1005.971	759.002
1006.258	748.971
1006.544	748.303
1006.831	752.649
1007.117	734.928
1007.403	740.278
1007.689	749.640
1007.975	740.278
1008.261	736.934
1008.547	742.284
1008.833	742.619
1009.119	751.646
1009.405	747.634
1009.691	760.005
1009.977	764.686
1010.262	764.686
1010.548	769.368
1010.833	771.708
1011.119	771.374
1011.404	766.024
1011.690	750.643
1011.975	750.643
1012.260	753.653
1012.545	743.287
1012.831	735.597
1013.116	742.284
1013.401	746.631
1013.686	749.975
1013.970	756.327
1014.255	756.996
1014.540	763.683
1014.825	766.693
1015.109	758.334
1015.394	758.668
1015.679	760.005
1015.963	751.981
1016.247	752.649
1016.532	748.303
1016.816	743.622
1017.100	746.631
1017.384	751.981
1017.669	743.622
1017.953	746.297
1018.237	751.646
1018.521	768.030
1018.804	770.371
1019.088	768.030
1019.372	760.674
1019.656	765.355
1019.939	763.683
1020.223	762.346
1020.506	756.327
1020.790	772.377
1021.073	769.033
1021.357	770.371
1021.640	769.033
1021.923	764.352
1022.206	763.683
1022.489	755.324
1022.772	741.281
1023.055	746.631
1023.338	755.324
1023.621	760.340
1023.904	759.337
1024.187	756.327
1024.469	760.674
1024.752	720.885
1025.035	746.631
1025.317	777.058
