339.628	716.204
340.007	716.204
340.385	716.204
340.764	669.059
341.143	654.013
341.521	636.626
341.900	629.604
342.278	620.576
342.657	606.533
343.035	598.843
343.413	604.527
343.792	596.502
344.170	590.818
344.548	579.450
344.927	587.140
345.305	595.499
345.683	606.199
346.061	614.223
346.439	622.582
346.818	638.632
347.196	656.019
347.574	659.697
347.952	667.053
348.330	678.421
348.708	691.461
349.085	709.517
349.463	721.888
349.841	721.219
350.219	729.913
350.597	738.272
350.974	740.612
351.352	741.615
351.730	750.643
352.107	753.653
352.485	765.690
352.862	786.086
353.240	788.092
353.617	789.764
353.995	801.801
354.372	801.132
354.750	798.123
355.127	802.135
355.504	794.779
355.881	802.135
356.259	798.457
356.636	789.764
357.013	779.064
357.390	782.742
357.767	775.052
358.144	774.383
358.521	776.055
358.898	778.730
359.275	781.070
359.652	783.411
360.029	771.708
360.406	772.042
360.783	771.039
361.159	755.659
361.536	759.002
361.913	751.646
362.290	754.321
362.666	757.999
363.043	750.978
363.419	748.971
363.796	757.665
364.172	746.297
364.549	736.600
364.925	734.259
365.302	743.622
365.678	749.640
366.054	750.309
366.431	755.659
366.807	762.680
367.183	772.711
367.559	772.711
367.935	763.015
368.312	762.346
368.688	750.978
369.064	748.303
369.440	748.637
369.816	754.321
370.192	766.693
370.567	767.027
370.943	772.377
371.319	783.745
371.695	787.423
372.071	784.748
372.446	781.405
372.822	772.711
373.198	783.076
373.573	775.720
373.949	774.383
374.325	764.018
374.700	766.693
375.075	766.693
375.451	773.046
375.826	769.702
376.202	769.368
376.577	765.021
376.952	772.042
377.328	776.723
377.703	784.079
378.078	785.751
378.453	787.423
378.828	796.785
379.203	801.466
379.578	799.126
379.953	770.371
380.328	764.352
380.703	759.337
381.078	755.993
381.453	756.327
381.828	749.640
382.203	748.637
382.578	766.358
382.952	767.027
383.327	768.699
383.702	768.030
384.076	754.990
384.451	761.343
384.825	766.358
385.200	772.377
385.574	774.383
385.949	770.371
386.323	766.024
386.698	778.061
387.072	777.058
387.446	770.371
387.821	769.033
388.195	764.018
388.569	767.361
388.943	768.699
389.317	757.999
389.691	754.990
390.065	753.987
390.439	754.321
390.813	748.637
391.187	746.297
391.561	752.984
391.935	762.012
392.309	768.030
392.683	762.680
393.056	760.340
393.430	772.711
393.804	761.343
394.178	760.674
394.551	754.321
394.925	744.959
395.298	753.653
395.672	753.318
396.045	751.312
396.419	757.665
396.792	755.324
397.165	768.364
397.539	768.030
397.912	766.693
398.285	775.720
398.659	772.042
399.032	791.770
399.405	794.110
399.778	789.429
400.151	806.816
400.524	813.503
400.897	809.491
401.270	806.147
401.643	787.089
402.016	781.739
402.389	779.064
402.762	767.361
403.134	762.346
403.507	752.984
403.880	745.628
404.253	758.334
404.625	765.690
404.998	770.036
405.370	785.751
405.743	783.411
406.115	799.126
406.488	817.516
406.860	821.528
407.233	830.556
407.605	829.218
407.977	830.890
408.350	838.246
408.722	835.237
409.094	828.215
409.466	822.531
409.838	830.556
410.210	845.268
410.582	844.265
410.954	859.980
411.326	879.373
411.698	888.066
412.070	895.756
412.442	898.431
412.814	906.122
413.186	917.490
413.558	921.502
413.929	922.171
414.301	939.558
414.673	954.939
415.044	970.988
415.416	978.344
415.787	997.068
416.159	1014.121
416.530	1033.179
416.902	1049.897
417.273	1067.284
417.645	1082.665
418.016	1101.389
418.387	1123.457
418.758	1149.537
419.130	1156.893
419.501	1179.964
419.872	1207.382
420.243	1225.438
420.614	1249.177
420.985	1268.570
421.356	1287.629
421.727	1329.759
422.098	1369.213
422.469	1411.009
422.840	1446.785
423.211	1484.903
423.581	1531.713
423.952	1584.208
424.323	1626.672
424.693	1663.452
425.064	1689.198
425.435	1733.668
425.805	1789.172
426.176	1836.986
426.546	1887.141
426.917	1930.608
427.287	1984.774
427.657	2053.653
428.028	2111.163
428.398	2152.624
428.768	2196.091
429.138	2238.221
429.509	2299.744
429.879	2341.539
430.249	2388.684
430.619	2434.492
430.989	2499.358
431.359	2562.887
431.729	2616.719
432.099	2670.217
432.469	2743.442
432.839	2813.658
433.208	2891.899
433.578	2960.109
433.948	3030.659
434.318	3095.526
434.687	3183.463
435.057	3266.050
435.426	3344.626
435.796	3430.891
436.165	3514.816
436.535	3594.060
436.904	3683.334
437.274	3781.303
437.643	3864.224
438.012	3944.137
438.382	4031.406
438.751	4114.327
439.120	4207.949
439.489	4290.202
439.858	4345.372
440.227	4409.569
440.597	4520.243
440.966	4595.809
441.335	4707.152
441.703	4780.043
442.072	4867.980
442.441	4952.908
442.810	5051.545
443.179	5069.266
443.548	5133.798
443.916	5148.844
444.285	5191.308
444.654	5252.162
445.022	5273.896
445.391	5272.558
445.759	5314.354
446.128	5300.645
446.496	5293.623
446.865	5286.267
447.233	5240.459
447.601	5213.710
447.970	5179.606
448.338	5115.408
448.706	5080.300
449.074	5017.105
449.443	4942.877
449.811	4848.921
450.179	4758.309
450.547	4678.062
450.915	4587.784
451.283	4491.488
451.651	4409.904
452.018	4312.604
452.386	4260.109
452.754	4168.494
453.122	4066.848
453.490	3979.579
453.857	3861.884
454.225	3766.925
454.593	3664.610
454.960	3535.546
455.328	3456.971
455.695	3377.059
456.063	3298.818
456.430	3244.317
456.798	3154.039
457.165	3101.210
457.532	3042.696
457.899	2962.115
458.267	2903.267
458.634	2854.116
459.001	2791.925
459.368	2752.136
459.735	2709.672
460.102	2660.186
460.469	2635.443
460.836	2602.676
461.203	2541.153
461.570	2511.729
461.937	2483.308
462.304	2445.525
462.671	2421.451
463.037	2362.604
463.404	2308.771
463.771	2299.744
464.137	2257.614
464.504	2217.825
464.870	2187.732
465.237	2159.646
465.603	2151.287
465.970	2140.921
466.336	2095.783
466.703	2064.687
467.069	2044.291
467.435	2015.870
467.801	1997.146
468.168	1976.081
468.534	1939.970
468.900	1922.249
469.266	1903.524
469.632	1881.791
469.998	1864.404
470.364	1856.045
470.730	1832.639
471.096	1825.283
471.462	1809.903
471.827	1799.872
472.193	1773.457
472.559	1752.393
472.925	1738.684
473.290	1742.362
473.656	1742.362
474.022	1734.337
474.387	1724.306
474.753	1731.996
475.118	1734.337
475.483	1723.303
475.849	1717.953
476.214	1699.229
476.580	1702.907
476.945	1701.235
477.310	1696.888
477.675	1691.204
478.040	1675.824
478.406	1656.765
478.771	1664.121
479.136	1657.434
479.501	1665.124
479.866	1673.149
480.231	1674.820
480.595	1680.839
480.960	1689.532
481.325	1690.201
481.690	1698.895
482.055	1701.235
482.419	1713.272
482.784	1737.012
483.148	1756.071
483.513	1784.491
483.878	1800.875
484.242	1817.928
484.607	1830.968
484.971	1842.670
485.335	1842.336
485.700	1872.763
486.064	1886.137
486.428	1894.496
486.792	1920.242
487.157	1958.694
487.521	1982.768
487.885	2008.180
488.249	2028.576
488.613	2050.309
488.977	2095.114
489.341	2125.875
489.705	2156.302
490.069	2197.094
490.432	2245.242
490.796	2284.028
491.160	2339.533
491.524	2385.675
491.887	2434.826
492.251	2483.308
492.615	2538.813
492.978	2593.648
493.342	2659.517
493.705	2697.300
494.069	2774.872
494.432	2827.033
494.795	2893.237
495.159	2942.722
495.522	2992.208
495.885	3045.037
496.248	3120.603
496.612	3164.739
496.975	3230.942
497.338	3290.124
497.701	3369.034
498.064	3446.272
498.427	3516.822
498.790	3562.630
499.153	3632.177
499.515	3705.402
499.878	3782.306
500.241	3855.865
500.604	3934.441
500.966	4006.328
501.329	4147.095
501.692	4253.756
502.054	4351.056
502.417	4454.039
502.779	4551.673
503.142	4638.273
503.504	4731.226
503.866	4800.439
504.229	4875.002
504.591	4947.558
504.953	5038.170
505.315	5116.411
505.678	5204.683
506.040	5286.601
506.402	5376.879
506.764	5475.182
507.126	5573.484
507.488	5642.029
507.850	5736.653
508.212	5835.959
508.573	5945.295
508.935	6051.957
509.297	6149.925
509.659	6245.887
510.020	6337.502
510.382	6423.099
510.744	6491.309
511.105	6558.850
511.467	6621.710
511.828	6680.892
512.190	6767.492
512.551	6873.819
512.913	6971.787
513.274	7067.080
513.635	7175.079
513.996	7231.587
514.358	7292.106
514.719	7355.969
515.080	7395.758
515.441	7450.260
515.802	7551.906
516.163	7626.468
516.524	7716.078
516.885	7816.052
517.246	7898.305
517.607	7992.929
517.967	8073.511
518.328	8109.622
518.689	8141.721
519.050	8209.262
519.410	8264.432
519.771	8330.635
520.131	8351.031
520.492	8392.827
520.852	8443.984
521.213	8509.519
521.573	8552.986
521.934	8602.472
522.294	8624.540
522.654	8691.078
523.015	8721.839
523.375	8795.733
523.735	8837.528
524.095	8865.281
524.455	8904.735
524.815	8963.917
525.175	9015.075
525.535	9055.198
525.895	9094.653
526.255	9119.062
526.615	9145.476
526.974	9156.176
527.334	9188.274
527.694	9198.974
528.054	9224.051
528.413	9229.735
528.773	9281.562
529.132	9339.072
529.492	9392.904
529.851	9406.279
530.211	9464.458
530.570	9500.234
530.930	9520.296
531.289	9529.658
531.648	9556.407
532.007	9570.451
532.367	9616.258
532.726	9611.577
533.085	9655.379
533.444	9693.496
533.803	9713.223
534.162	9724.257
534.521	9742.647
534.880	9729.273
535.239	9747.997
535.597	9728.604
535.956	9770.065
536.315	9791.798
536.674	9798.820
537.032	9813.532
537.391	9853.321
537.749	9849.643
538.108	9895.451
538.466	9873.048
538.825	9907.488
539.183	9921.531
539.542	9944.602
539.900	9961.989
540.258	9979.041
540.617	9989.406
540.975	9998.769
541.333	9994.087
541.691	10014.818
542.049	9974.360
542.407	9957.308
542.765	9993.419
543.123	10005.456
543.481	9983.054
543.839	9975.029
544.197	9962.323
544.555	10001.109
544.912	10009.134
545.270	10019.833
545.628	10003.115
545.985	9988.738
546.343	10003.115
546.700	10003.784
547.058	9990.744
547.415	9983.388
547.773	9972.688
548.130	9966.001
548.488	10003.115
548.845	9974.026
549.202	9972.020
549.559	9996.094
549.916	10011.140
550.274	9998.769
550.631	9996.094
550.988	9990.075
551.345	10000.106
551.702	10003.115
552.059	9981.382
552.416	9929.890
552.772	9924.540
553.129	9924.540
553.486	9919.525
553.843	9914.844
554.199	9927.215
554.556	9925.878
554.913	9928.887
555.269	9893.444
555.626	9876.058
555.982	9878.398
556.339	9862.349
556.695	9822.894
557.051	9793.805
557.408	9789.123
557.764	9786.783
558.120	9772.740
558.476	9737.632
558.832	9693.496
559.188	9641.001
559.545	9636.989
559.901	9633.645
560.257	9592.518
560.612	9551.392
560.968	9523.974
561.324	9538.686
561.680	9549.386
562.036	9521.299
562.391	9477.498
562.747	9439.046
563.103	9445.399
563.458	9433.028
563.814	9395.579
564.169	9368.830
564.525	9335.728
564.880	9298.948
565.236	9320.013
565.591	9278.218
565.946	9249.797
566.302	9236.088
566.657	9211.011
567.012	9214.689
567.367	9204.993
567.722	9188.609
568.077	9162.529
568.432	9129.427
568.787	9082.282
569.142	9053.861
569.497	9007.719
569.852	8973.614
570.207	8929.812
570.561	8913.763
570.916	8906.407
571.271	8881.330
571.625	8840.872
571.980	8808.773
572.335	8800.749
572.689	8782.024
573.044	8742.570
573.398	8705.121
573.752	8666.669
574.107	8655.301
574.461	8629.555
574.815	8579.066
575.169	8521.222
575.524	8505.841
575.878	8448.331
576.232	8418.238
576.586	8413.223
576.940	8366.746
577.294	8351.366
577.648	8310.239
578.002	8268.444
578.355	8260.085
578.709	8258.413
579.063	8205.249
579.417	8179.169
579.770	8151.752
580.124	8136.705
580.477	8100.928
580.831	8065.486
581.185	8036.731
581.538	7985.908
581.891	7952.472
582.245	7906.998
582.598	7856.844
582.951	7831.432
583.305	7800.671
583.658	7767.569
584.011	7739.483
584.364	7713.737
584.717	7692.338
585.070	7678.295
585.423	7636.834
585.776	7590.357
586.129	7517.801
586.482	7518.469
586.835	7472.327
587.187	7432.204
587.540	7421.170
587.893	7395.090
588.245	7368.675
588.598	7367.003
588.950	7329.220
589.303	7325.542
589.655	7308.824
590.008	7278.063
590.360	7266.695
590.713	7255.661
591.065	7232.590
591.417	7184.442
591.769	7156.355
592.121	7099.179
592.474	7057.384
592.826	7009.904
593.178	6964.766
593.530	6912.939
593.882	6885.187
594.234	6845.064
594.585	6850.079
594.937	6836.370
595.289	6829.349
595.641	6779.863
595.992	6756.792
596.344	6733.387
596.696	6729.709
597.047	6687.579
597.399	6651.468
597.750	6612.348
598.102	6592.955
598.453	6589.611
598.804	6554.503
599.156	6510.033
599.507	6478.268
599.858	6450.182
600.209	6423.099
600.561	6410.059
600.912	6348.202
601.263	6341.180
601.614	6303.731
601.965	6282.667
602.316	6231.509
602.666	6171.658
603.017	6145.244
603.368	6118.160
603.719	6073.021
604.070	6040.254
604.420	5990.434
604.771	5971.041
605.121	5929.914
605.472	5895.809
605.822	5847.996
606.173	5821.915
606.523	5776.777
606.874	5743.675
607.224	5702.548
607.574	5684.158
607.924	5643.700
608.275	5594.883
608.625	5549.076
608.975	5511.962
609.325	5472.507
609.675	5454.117
610.025	5419.678
610.375	5363.170
610.725	5378.217
611.074	5322.044
611.424	5291.617
611.774	5262.862
612.124	5212.373
612.473	5172.250
612.823	5162.887
613.173	5104.708
613.522	5068.932
613.872	5047.198
614.221	5000.053
614.570	4979.991
614.920	4931.843
615.269	4877.008
615.618	4838.222
615.968	4808.129
616.317	4751.622
616.666	4725.876
617.015	4665.356
617.364	4659.672
617.713	4634.261
618.062	4594.472
618.411	4561.035
618.760	4519.909
619.109	4475.104
619.457	4468.417
619.806	4444.677
620.155	4414.585
620.503	4383.489
620.852	4371.452
621.201	4350.387
621.549	4322.969
621.898	4266.128
622.246	4211.627
622.594	4185.212
622.943	4151.107
623.291	4098.612
623.639	4065.511
623.988	4026.725
624.336	3996.632
624.684	3955.840
625.032	3905.351
625.380	3892.645
625.728	3854.862
626.076	3832.460
626.424	3824.101
626.772	3793.340
627.120	3769.266
627.467	3746.529
627.815	3721.452
628.163	3716.771
628.510	3687.012
628.858	3662.938
629.206	3637.192
629.553	3611.447
629.901	3583.360
630.248	3535.212
630.595	3498.767
630.943	3476.364
631.290	3433.900
631.637	3435.572
631.984	3419.857
632.332	3390.768
632.679	3362.347
633.026	3355.325
633.373	3307.177
633.720	3298.484
634.067	3258.026
634.414	3236.961
634.760	3227.599
635.107	3207.203
635.454	3164.070
635.801	3158.386
636.147	3122.609
636.494	3083.489
636.841	3053.730
637.187	3031.662
637.534	3018.957
637.880	3005.917
638.226	2981.174
638.573	2962.115
638.919	2958.103
639.265	2920.989
639.612	2900.592
639.958	2878.859
640.304	2847.095
640.650	2834.054
640.996	2801.621
641.342	2777.213
641.688	2766.513
642.034	2736.755
642.380	2716.025
642.726	2699.306
643.071	2695.628
643.417	2703.987
643.763	2679.245
644.108	2672.892
644.454	2651.827
644.800	2630.093
645.145	2608.026
645.491	2570.577
645.836	2543.494
646.181	2529.116
646.527	2510.057
646.872	2483.977
647.217	2466.256
647.562	2453.550
647.908	2435.160
648.253	2409.749
648.598	2388.350
648.943	2367.285
649.288	2365.947
649.633	2353.576
649.978	2351.904
650.322	2330.505
650.667	2325.489
651.012	2314.121
651.357	2294.059
651.701	2272.326
652.046	2249.255
652.390	2232.202
652.735	2227.521
653.079	2217.490
653.424	2211.138
653.768	2204.785
654.113	2188.735
654.457	2182.382
654.801	2149.615
655.145	2136.909
655.490	2112.835
655.834	2092.439
656.178	2077.393
656.522	2084.080
656.866	2068.699
657.210	2069.034
657.554	2063.015
657.897	2061.009
658.241	2051.312
658.585	2036.600
658.929	2016.204
659.272	1995.140
659.616	1987.784
659.959	1974.743
660.303	1946.991
660.646	1944.316
660.990	1935.289
661.333	1917.567
661.677	1918.236
662.020	1893.159
662.363	1875.103
662.706	1861.395
663.050	1843.673
663.393	1829.296
663.736	1818.262
664.079	1809.903
664.422	1799.538
664.765	1776.801
665.108	1769.445
665.450	1755.067
665.793	1738.015
666.136	1721.631
666.479	1714.610
666.821	1709.929
667.164	1711.935
667.507	1699.898
667.849	1690.201
668.192	1681.842
668.534	1675.155
668.876	1658.437
669.219	1647.403
669.561	1627.675
669.903	1620.988
670.246	1621.657
670.588	1617.979
670.930	1605.608
671.272	1608.617
671.614	1599.255
671.956	1608.282
672.298	1589.224
672.640	1578.524
672.982	1566.821
673.323	1550.438
673.665	1539.738
674.007	1527.701
674.349	1509.646
674.690	1511.317
675.032	1489.918
675.373	1487.243
675.715	1507.305
676.056	1493.596
676.398	1490.587
676.739	1484.234
677.080	1485.906
677.421	1482.897
677.763	1484.568
678.104	1467.850
678.445	1451.467
678.786	1447.120
679.127	1446.451
679.468	1429.064
679.809	1418.699
680.150	1415.021
680.491	1408.334
680.831	1415.690
681.172	1417.696
681.513	1418.365
681.853	1418.699
682.194	1423.046
682.535	1404.656
682.875	1402.650
683.216	1395.628
683.556	1383.925
683.896	1370.551
684.237	1368.210
684.577	1357.511
684.917	1351.827
685.257	1350.155
685.598	1336.112
685.938	1323.071
686.278	1325.746
686.618	1312.372
686.958	1308.694
687.298	1309.363
687.637	1302.007
687.977	1304.681
688.317	1312.372
688.657	1309.697
688.996	1327.084
689.336	1330.427
689.676	1321.065
690.015	1319.728
690.355	1316.050
690.694	1315.047
691.034	1292.644
691.373	1273.251
691.712	1270.577
692.051	1280.607
692.391	1278.936
692.730	1274.923
693.069	1255.530
693.408	1262.217
693.747	1261.883
694.086	1260.546
694.425	1236.806
694.764	1224.435
695.103	1225.103
695.442	1229.116
695.780	1226.441
696.119	1232.794
696.458	1233.128
696.796	1241.821
697.135	1248.509
697.473	1240.150
697.812	1242.490
698.150	1239.481
698.489	1235.803
698.827	1226.775
699.165	1213.735
699.503	1211.394
699.842	1219.085
700.180	1207.382
700.518	1207.716
700.856	1189.327
701.194	1188.323
701.532	1192.336
701.870	1177.289
702.208	1168.596
702.545	1170.937
702.883	1155.556
703.221	1161.574
703.559	1153.550
703.896	1149.203
704.234	1149.872
704.571	1158.231
704.909	1150.206
705.246	1153.884
705.584	1142.850
705.921	1129.810
706.258	1132.485
706.596	1130.144
706.933	1111.754
707.270	1111.754
707.607	1111.754
707.944	1110.751
708.281	1115.098
708.618	1122.120
708.955	1122.788
709.292	1122.120
709.629	1108.411
709.966	1106.405
710.302	1110.083
710.639	1108.745
710.976	1094.368
711.312	1090.021
711.649	1085.005
711.985	1087.012
712.322	1067.953
712.658	1064.275
712.994	1060.263
713.331	1050.566
713.667	1046.888
714.003	1041.873
714.339	1041.538
714.676	1051.569
715.012	1054.244
715.348	1051.569
715.684	1057.922
716.020	1046.219
716.355	1040.201
716.691	1038.863
717.027	1047.557
717.363	1031.842
717.698	1029.501
718.034	1028.498
718.370	1021.142
718.705	1025.823
719.041	1021.477
719.376	1007.433
719.712	1010.108
720.047	1007.099
720.382	1008.437
720.718	1013.452
721.053	1008.437
721.388	1013.786
721.723	1014.789
722.058	1013.786
722.393	1016.127
722.728	1014.121
723.063	1008.771
723.398	1005.427
723.733	1003.755
724.068	1005.093
724.402	999.743
724.737	990.381
725.072	976.672
725.406	977.675
725.741	980.350
726.075	978.010
726.410	969.985
726.744	970.319
727.079	972.660
727.413	965.638
727.747	965.638
728.081	959.285
728.416	948.920
728.750	954.939
729.084	943.236
729.418	939.892
729.752	940.227
730.086	937.552
730.420	937.217
730.753	951.261
731.087	940.561
731.421	950.258
731.755	952.264
732.088	959.954
732.422	952.598
732.755	950.926
733.089	924.846
733.422	918.493
733.756	909.465
734.089	902.109
734.423	890.741
734.756	897.428
735.089	894.085
735.422	900.772
735.755	908.128
736.088	912.140
736.421	909.465
736.754	910.803
737.087	911.471
737.420	909.800
737.753	908.797
738.086	893.082
738.418	891.744
738.751	887.732
739.084	881.379
739.416	880.041
739.749	877.367
740.081	886.729
740.414	887.732
740.746	888.400
741.079	890.072
741.411	895.422
741.743	897.094
742.075	901.775
742.407	896.091
742.740	896.091
743.072	892.747
743.404	893.082
743.736	895.756
744.068	881.045
744.399	876.029
744.731	873.020
745.063	881.379
745.395	886.060
745.726	884.054
746.058	878.704
746.390	887.732
746.721	888.066
747.053	888.066
747.384	867.670
747.715	856.302
748.047	849.614
748.378	848.946
748.709	839.918
749.040	834.568
749.371	822.197
749.703	837.577
750.034	832.896
750.365	839.584
750.696	833.565
751.026	835.906
751.357	835.571
751.688	842.258
752.019	839.584
752.350	847.608
752.680	838.246
753.011	840.921
753.341	844.265
753.672	850.618
754.002	854.630
754.333	844.933
754.663	836.240
754.993	840.587
755.324	837.912
755.654	841.590
755.984	850.952
756.314	844.599
756.644	852.289
756.974	864.661
757.304	876.029
757.634	888.066
757.964	878.035
758.294	870.345
758.623	873.689
758.953	872.685
759.283	861.317
759.612	846.271
759.942	838.246
760.272	842.593
760.601	843.930
760.930	833.899
761.260	821.862
761.589	814.172
761.918	818.184
762.248	815.175
762.577	813.503
762.906	798.457
763.235	804.476
763.564	818.853
763.893	831.559
764.222	828.550
764.551	827.212
764.880	827.881
765.209	834.234
765.537	838.246
765.866	837.577
766.195	832.562
766.523	839.249
766.852	838.246
767.180	833.231
767.509	825.206
767.837	814.506
768.165	818.519
768.494	819.188
768.822	806.147
769.150	804.810
769.478	793.442
769.806	798.123
770.134	802.804
770.462	800.463
770.790	792.439
771.118	786.754
771.446	792.104
771.774	805.144
772.102	807.819
772.429	812.166
772.757	803.807
773.085	809.491
773.412	818.184
773.740	814.172
774.067	815.510
774.395	807.819
774.722	808.488
775.049	815.844
775.376	815.175
775.704	818.184
776.031	823.200
776.358	816.178
776.685	825.875
777.012	820.191
777.339	812.500
777.666	805.479
777.993	812.166
778.320	810.160
778.646	812.166
778.973	802.469
779.300	805.479
779.626	809.491
779.953	808.822
780.279	801.801
780.606	794.779
780.932	787.423
781.259	794.110
781.585	785.083
781.911	782.408
782.237	783.411
782.564	778.061
782.890	783.745
783.216	789.764
783.542	789.764
783.868	794.779
784.194	800.129
784.519	802.469
784.845	802.135
785.171	799.794
785.497	796.785
785.822	798.123
786.148	794.445
786.474	784.414
786.799	789.764
787.125	800.129
787.450	797.120
787.775	797.454
788.101	784.748
788.426	786.086
788.751	788.092
789.076	788.092
789.401	784.414
789.726	787.089
790.051	795.448
790.376	798.123
790.701	801.801
791.026	799.126
791.351	796.451
791.676	789.429
792.000	786.086
792.325	787.089
792.650	788.092
792.974	789.095
793.299	782.408
793.623	781.739
793.948	786.754
794.272	793.442
794.596	793.107
794.921	806.147
795.245	804.141
795.569	813.169
795.893	801.801
796.217	800.129
796.541	794.110
796.865	787.423
797.189	786.420
797.513	789.764
797.837	786.086
798.160	805.479
798.484	810.494
798.808	805.479
799.131	804.476
799.455	793.107
799.778	779.398
800.102	784.079
800.425	769.033
800.749	765.690
801.072	774.049
801.395	781.405
801.718	781.070
802.042	788.426
802.365	786.754
802.688	793.442
803.011	792.104
803.334	779.398
803.657	774.049
803.979	773.714
804.302	778.061
804.625	772.711
804.948	767.696
805.270	759.002
805.593	772.042
805.915	771.708
806.238	787.757
806.560	779.733
806.883	784.748
807.205	784.079
807.527	793.776
807.850	789.429
808.172	787.757
808.494	772.711
808.816	775.386
809.138	784.079
809.460	781.739
809.782	776.389
810.104	779.398
810.426	780.736
810.747	775.052
811.069	775.720
811.391	762.680
811.712	761.008
812.034	770.371
812.355	765.355
812.677	768.030
812.998	772.042
813.320	778.395
813.641	778.061
813.962	786.754
814.284	782.073
814.605	772.377
814.926	772.377
815.247	774.383
815.568	768.030
815.889	768.364
816.210	764.018
816.531	761.677
816.851	768.364
817.172	758.334
817.493	750.643
817.814	750.978
818.134	753.987
818.455	759.671
818.775	759.337
819.096	764.018
819.416	767.027
819.736	772.711
820.057	774.049
820.377	770.705
820.697	778.395
821.017	784.748
821.337	785.417
821.657	788.761
821.977	789.429
822.297	783.745
822.617	783.745
822.937	771.374
823.257	757.330
823.577	763.683
823.896	763.683
824.216	772.042
824.535	783.411
824.855	787.423
825.174	788.426
825.494	792.773
825.813	784.079
826.132	785.417
826.452	776.055
826.771	762.346
827.090	769.368
827.409	775.052
827.728	782.073
828.047	790.432
828.366	795.448
828.685	800.463
829.004	809.825
829.323	795.113
829.642	790.098
829.960	783.076
830.279	781.070
830.597	780.401
830.916	782.408
831.235	790.432
831.553	800.798
831.871	803.138
832.190	805.144
832.508	805.144
832.826	795.113
833.144	791.435
833.463	778.730
833.781	777.392
834.099	777.727
834.417	789.095
834.734	788.761
835.052	786.420
835.370	784.079
835.688	790.767
836.006	795.782
836.323	787.089
836.641	775.052
836.958	774.717
837.276	777.392
837.593	779.398
837.911	769.702
838.228	761.677
838.545	771.039
838.863	774.049
839.180	778.061
839.497	784.414
839.814	782.408
840.131	781.739
840.448	785.751
840.765	782.073
841.082	782.408
841.399	781.405
841.716	776.723
842.032	769.368
842.349	780.067
842.666	776.389
842.982	765.021
843.299	770.371
843.615	759.337
843.932	762.012
844.248	771.039
844.564	763.349
844.880	768.364
845.197	785.751
845.513	778.061
845.829	778.730
846.145	767.696
846.461	770.705
846.777	771.708
847.093	772.042
847.409	767.027
847.724	761.677
848.040	762.680
848.356	776.723
848.671	780.067
848.987	789.764
849.303	791.770
849.618	793.442
849.933	793.442
850.249	795.448
850.564	789.429
850.879	774.717
851.195	769.033
851.510	759.337
851.825	759.671
852.140	767.027
852.455	761.677
852.770	762.012
853.085	766.693
853.399	756.996
853.714	757.665
854.029	752.649
854.344	754.321
854.658	761.677
854.973	758.334
855.287	762.346
855.602	769.368
855.916	773.046
856.231	805.144
856.545	807.485
856.859	803.807
857.173	812.500
857.488	814.172
857.802	816.847
858.116	810.494
858.430	783.076
858.744	782.408
859.058	790.098
859.371	784.414
859.685	773.380
859.999	772.377
860.313	774.717
860.626	770.036
860.940	763.015
861.253	757.330
861.567	757.665
861.880	759.337
862.193	751.312
862.507	758.334
862.820	766.693
863.133	772.711
863.446	775.386
863.759	786.086
864.073	785.083
864.386	787.757
864.698	790.767
865.011	777.058
865.324	768.699
865.637	762.346
865.950	754.656
866.262	757.999
866.575	748.971
866.887	740.278
867.200	745.962
867.512	744.959
867.825	754.990
868.137	757.330
868.449	765.021
868.762	785.751
869.074	793.442
869.386	799.126
869.698	811.163
870.010	801.801
870.322	802.804
870.634	799.126
870.946	795.448
871.258	785.751
871.570	785.417
871.881	774.383
872.193	777.058
872.504	772.377
872.816	768.699
873.128	765.021
873.439	769.368
873.750	775.052
874.062	774.049
874.373	774.049
874.684	775.720
874.995	781.405
875.307	775.386
875.618	781.070
875.929	771.708
876.240	771.708
876.550	775.052
876.861	778.061
877.172	778.395
877.483	787.089
877.794	787.423
878.104	784.414
878.415	785.417
878.725	783.745
879.036	776.055
879.346	778.061
879.657	768.699
879.967	770.036
880.277	770.705
880.587	764.018
880.898	755.324
881.208	762.346
881.518	762.346
881.828	764.686
882.138	758.668
882.448	760.674
882.757	768.364
883.067	779.733
883.377	771.374
883.687	757.999
883.996	759.671
884.306	757.665
884.615	763.015
884.925	765.690
885.234	766.358
885.543	768.364
885.853	775.720
886.162	775.052
886.471	778.061
886.780	775.720
887.089	776.389
887.398	762.012
887.707	764.686
888.016	758.668
888.325	765.690
888.634	767.361
888.943	767.027
889.251	762.012
889.560	767.696
889.869	769.702
890.177	783.411
890.486	769.033
890.794	770.705
891.102	767.696
891.411	765.021
891.719	771.374
892.027	767.027
892.335	767.027
892.644	778.061
892.952	769.702
893.260	760.340
893.568	769.368
893.875	771.039
894.183	766.693
894.491	752.315
894.799	748.303
895.106	747.300
895.414	757.665
895.722	758.668
896.029	746.965
896.337	750.978
896.644	753.987
896.951	749.640
897.259	753.318
897.566	751.646
897.873	746.965
898.180	744.290
898.487	745.293
898.794	747.634
899.101	742.284
899.408	745.962
899.715	737.603
900.022	740.278
900.329	752.984
900.635	762.012
900.942	770.036
901.248	782.073
901.555	778.395
901.861	792.104
902.168	796.117
902.474	785.417
902.781	782.408
903.087	776.055
903.393	773.714
903.699	773.380
904.005	762.680
904.311	756.662
904.617	764.018
904.923	753.987
905.229	746.631
905.535	749.640
905.841	743.622
906.146	753.987
906.452	763.015
906.758	755.993
907.063	758.668
907.369	762.346
907.674	762.680
907.979	779.398
908.285	774.717
908.590	765.355
908.895	780.067
909.200	783.076
909.506	786.420
909.811	782.073
910.116	773.714
910.421	784.079
910.725	787.089
911.030	782.408
911.335	789.764
911.640	790.432
911.944	793.107
912.249	792.773
912.554	779.733
912.858	781.405
913.163	769.702
913.467	763.349
913.771	765.690
914.076	766.024
914.380	762.346
914.684	771.374
914.988	765.021
915.292	769.702
915.596	765.690
915.900	759.337
916.204	755.993
916.508	756.996
916.812	754.656
917.115	757.330
917.419	764.018
917.723	761.008
918.026	762.012
918.330	765.690
918.633	762.346
918.937	755.993
919.240	753.987
919.543	748.971
919.846	750.309
920.150	741.615
920.453	739.944
920.756	743.622
921.059	749.975
921.362	757.999
921.665	759.671
921.967	754.990
922.270	763.683
922.573	764.686
922.876	759.337
923.178	749.640
923.481	744.290
923.783	744.959
924.086	753.653
924.388	756.996
924.691	752.315
924.993	764.018
925.295	772.377
925.597	769.702
925.899	769.033
926.201	768.699
926.503	777.727
926.805	773.046
927.107	758.668
927.409	752.984
927.711	755.659
928.013	752.315
928.314	747.634
928.616	731.919
928.918	734.928
929.219	736.600
929.520	743.622
929.822	746.965
930.123	750.309
930.425	742.619
930.726	750.643
931.027	754.321
931.328	759.337
931.629	753.652
931.930	752.984
932.231	746.965
932.532	761.677
932.833	767.361
933.134	763.683
933.434	767.696
933.735	773.714
934.036	766.693
934.336	776.723
934.637	778.730
934.937	764.352
935.238	764.686
935.538	762.012
935.838	765.021
936.138	768.699
936.439	768.699
936.739	772.042
937.039	790.432
937.339	796.117
937.639	803.807
937.939	799.126
938.238	800.129
938.538	798.791
938.838	798.123
939.138	784.748
939.437	778.395
939.737	767.027
940.036	765.021
940.336	762.346
940.635	758.334
940.934	750.643
941.234	758.334
941.533	770.705
941.832	773.380
942.131	780.401
942.430	787.757
942.729	789.764
943.028	796.785
943.327	793.776
943.626	785.083
943.925	778.395
944.223	761.008
944.522	751.312
944.821	751.646
945.119	741.950
945.418	744.959
945.716	747.300
946.014	761.343
946.313	772.711
946.611	780.067
946.909	779.733
947.207	774.383
947.505	769.033
947.803	775.052
948.101	770.036
948.399	768.699
948.697	766.024
948.995	759.671
949.293	772.377
949.590	770.371
949.888	760.340
950.186	757.330
950.483	762.346
950.781	767.027
951.078	771.708
951.375	768.030
951.673	769.033
951.970	774.717
952.267	768.364
952.564	771.708
952.861	767.696
953.158	774.383
953.455	779.064
953.752	780.736
954.049	790.432
954.346	798.123
954.643	791.101
954.939	780.401
955.236	769.702
955.532	756.996
955.829	755.324
956.125	745.293
956.422	748.637
956.718	752.315
957.014	770.036
957.311	776.055
957.607	783.411
957.903	788.761
958.199	786.754
958.495	787.089
958.791	776.723
959.087	756.327
959.382	754.656
959.678	748.971
959.974	752.984
960.270	754.990
960.565	749.306
960.861	748.971
961.156	761.008
961.452	763.015
961.747	765.021
962.042	757.999
962.338	769.033
962.633	772.377
962.928	780.736
963.223	783.411
963.518	785.083
963.813	789.095
964.108	785.751
964.403	775.720
964.697	771.708
964.992	768.364
965.287	768.364
965.582	762.346
965.876	759.002
966.171	757.665
966.465	744.959
966.759	749.640
967.054	748.303
967.348	752.984
967.642	752.315
967.936	749.306
968.231	752.315
968.525	756.996
968.819	746.965
969.112	747.300
969.406	742.619
969.700	738.272
969.994	741.281
970.288	742.953
970.581	749.306
970.875	752.649
971.168	753.653
971.462	760.674
971.755	767.696
972.049	770.371
972.342	761.677
972.635	762.012
972.928	778.395
973.222	778.730
973.515	769.368
973.808	760.674
974.101	752.315
974.393	748.971
974.686	791.435
974.979	788.092
975.272	789.095
975.564	780.736
975.857	787.423
976.150	794.779
976.442	804.141
976.735	762.346
977.027	750.309
977.319	749.640
977.612	763.683
977.904	761.008
978.196	761.343
978.488	761.343
978.780	760.674
979.072	761.008
979.364	754.990
979.656	745.628
979.948	752.315
980.239	760.674
980.531	758.668
980.823	759.002
981.114	760.340
981.406	762.346
981.697	764.352
981.989	768.364
982.280	759.337
982.571	759.671
982.862	754.321
983.154	759.002
983.445	766.024
983.736	771.039
984.027	761.343
984.318	756.662
984.609	767.027
984.899	771.039
985.190	771.708
985.481	771.374
985.771	766.024
986.062	773.714
986.353	771.374
986.643	761.677
986.933	764.686
987.224	760.340
987.514	761.343
987.804	763.015
988.094	759.337
988.385	770.705
988.675	777.058
988.965	770.036
989.255	772.711
989.544	764.686
989.834	771.039
990.124	773.714
990.414	769.368
990.703	768.699
990.993	775.720
991.283	779.733
991.572	776.055
991.861	770.036
992.151	769.702
992.440	779.064
992.729	779.398
993.019	779.733
993.308	770.705
993.597	771.039
993.886	770.371
994.175	772.042
994.464	762.346
994.752	753.987
995.041	760.674
995.330	764.352
995.619	766.693
995.907	764.018
996.196	764.018
996.484	763.015
996.773	762.680
997.061	754.656
997.349	755.659
997.638	767.696
997.926	770.036
998.214	777.058
998.502	775.720
998.790	777.727
999.078	779.064
999.366	775.720
999.654	779.733
999.941	782.742
1000.229	774.049
1000.517	783.745
1000.804	797.454
1001.092	788.761
1001.379	790.432
1001.667	778.395
1001.954	779.398
1002.242	771.374
1002.529	763.015
1002.816	752.315
1003.103	756.327
1003.390	756.996
1003.677	763.349
1003.964	759.002
1004.251	767.027
1004.538	765.355
1004.825	766.024
1005.111	757.330
1005.398	763.015
1005.685	761.677
1005.971	757.999
1006.258	751.312
1006.544	754.656
1006.831	756.662
1007.117	759.337
1007.403	750.978
1007.689	746.297
1007.975	750.978
1008.261	750.978
1008.547	754.321
1008.833	742.284
1009.119	751.312
1009.405	757.665
1009.691	762.346
1009.977	761.008
1010.262	762.680
1010.548	761.008
1010.833	760.005
1011.119	759.671
1011.404	756.327
1011.690	753.653
1011.975	756.996
1012.260	763.349
1012.545	757.665
1012.831	768.364
1013.116	769.368
1013.401	768.030
1013.686	774.717
1013.970	780.401
1014.255	784.079
1014.540	786.754
1014.825	783.745
1015.109	771.374
1015.394	773.714
1015.679	776.723
1015.963	764.352
1016.247	755.324
1016.532	758.668
1016.816	757.999
1017.100	765.021
1017.384	761.008
1017.669	752.315
1017.953	758.334
1018.237	763.015
1018.521	766.024
1018.804	774.717
1019.088	780.401
1019.372	784.079
1019.656	782.408
1019.939	779.398
1020.223	769.033
1020.506	756.662
1020.790	751.646
1021.073	751.646
1021.357	750.643
1021.640	743.956
1021.923	744.959
1022.206	744.959
1022.489	751.981
1022.772	754.321
1023.055	748.637
1023.338	743.287
1023.621	754.321
1023.904	757.330
1024.187	758.334
1024.469	756.996
1024.752	784.079
1025.035	718.544
1025.317	746.631
