899.343	2339.394
900.982	2346.614
902.621	2365.181
904.260	2350.593
905.898	2349.709
907.536	2351.035
909.174	2349.119
910.812	2349.709
912.449	2349.414
914.087	2350.003
915.724	2349.414
917.360	2353.098
918.997	2353.687
920.633	2353.982
922.269	2355.455
923.905	2357.813
925.540	2358.108
927.175	2357.813
928.810	2356.487
930.445	2356.929
932.079	2356.634
933.714	2354.129
935.348	2350.593
936.981	2351.329
938.615	2351.329
940.248	2352.950
941.881	2352.508
943.514	2352.803
945.147	2353.982
946.779	2354.276
948.411	2355.161
950.043	2352.803
951.675	2351.182
953.306	2348.677
954.937	2349.856
956.568	2347.793
958.199	2347.351
959.829	2345.288
961.460	2347.940
963.090	2345.288
964.719	2346.319
966.349	2343.962
967.978	2346.761
969.607	2348.530
971.236	2348.235
972.865	2347.203
974.493	2348.088
976.121	2348.677
977.749	2347.351
979.377	2349.856
981.004	2346.172
982.631	2343.520
984.258	2342.930
985.885	2343.814
987.511	2342.488
989.138	2341.309
990.764	2336.889
992.390	2336.889
994.015	2340.130
995.641	2339.246
997.266	2339.246
998.891	2340.867
1000.515	2342.193
1002.140	2343.520
1003.764	2341.604
1005.388	2341.309
1007.012	2340.425
1008.635	2339.688
1010.259	2335.710
1011.882	2335.563
1013.505	2336.299
1015.127	2338.215
1016.750	2336.152
1018.372	2336.889
1019.994	2336.594
1021.616	2337.183
1023.237	2338.215
1024.859	2335.563
1026.480	2334.678
1028.101	2336.889
1029.721	2335.563
1031.342	2336.594
1032.962	2337.625
1034.582	2337.625
1036.202	2337.478
1037.821	2338.362
1039.441	2338.952
1041.060	2340.278
1042.679	2339.246
1044.297	2339.688
1045.916	2341.015
1047.534	2341.457
1049.152	2341.457
1050.770	2339.688
1052.388	2339.688
1054.005	2337.625
1055.622	2335.268
1057.239	2333.205
1058.856	2333.205
1060.472	2332.763
1062.089	2333.205
1063.705	2333.057
1065.321	2335.268
1066.936	2335.120
1068.552	2336.299
1070.167	2335.268
1071.782	2336.741
1073.397	2335.710
1075.012	2336.889
1076.626	2334.973
1078.240	2338.362
1079.854	2336.152
1081.468	2339.836
1083.082	2337.331
1084.695	2336.741
1086.308	2334.678
1087.921	2337.331
1089.534	2335.710
1091.146	2334.826
1092.759	2332.468
1094.371	2333.942
1095.983	2334.089
1097.594	2337.036
1099.206	2336.889
1100.817	2335.563
1102.428	2336.005
1104.039	2334.089
1105.650	2334.089
1107.260	2333.942
1108.871	2332.615
1110.481	2332.321
1112.091	2333.794
1113.700	2335.710
1115.310	2336.005
1116.919	2337.773
1118.528	2339.394
1120.137	2340.573
1121.746	2341.162
1123.354	2339.983
1124.962	2340.130
1126.570	2339.394
1128.178	2339.688
1129.786	2337.773
1131.393	2335.563
1133.001	2334.384
1134.608	2334.826
1136.215	2334.826
1137.821	2336.152
1139.428	2335.710
1141.034	2334.089
1142.640	2336.152
1144.246	2335.563
1145.852	2336.447
1147.457	2334.384
1149.062	2336.741
1150.667	2335.120
1152.272	2337.773
1153.877	2333.500
1155.482	2333.057
1157.086	2332.615
1158.690	2334.236
1160.294	2331.584
1161.898	2332.763
1163.501	2331.437
1165.105	2334.531
1166.708	2334.826
1168.311	2335.268
1169.914	2331.584
1171.516	2334.826
1173.118	2330.552
1174.721	2334.531
1176.323	2332.026
1177.925	2332.763
1179.526	2330.552
1181.128	2334.384
1182.729	2331.142
1184.330	2333.500
1185.931	2329.668
1187.532	2330.700
1189.132	2328.637
1190.732	2330.995
1192.333	2327.605
1193.933	2328.490
1195.532	2329.079
1197.132	2328.932
1198.731	2327.605
1200.331	2328.047
1201.930	2325.395
1203.528	2330.258
1205.127	2327.458
1206.726	2328.195
1208.324	2327.163
1209.922	2330.110
1211.520	2330.700
1213.118	2332.173
1214.715	2328.490
1216.313	2330.552
1217.910	2327.753
1219.507	2330.110
1221.104	2325.100
1222.700	2326.279
1224.297	2322.595
1225.893	2324.806
1227.489	2323.332
1229.085	2326.427
1230.681	2323.922
1232.277	2328.047
1233.872	2325.542
1235.467	2329.079
1237.063	2325.690
1238.657	2327.900
1240.252	2326.132
1241.847	2328.490
1243.441	2328.195
1245.035	2331.289
1246.629	2327.163
1248.223	2330.700
1249.817	2327.016
1251.410	2328.637
1253.004	2325.542
1254.597	2326.132
1256.190	2322.595
1257.783	2328.342
1259.375	2325.984
1260.968	2329.374
1262.560	2325.542
1264.152	2330.405
1265.744	2328.784
1267.336	2332.321
1268.927	2325.837
1270.519	2326.574
1272.110	2323.185
1273.701	2326.721
1275.292	2322.006
1276.883	2325.984
1278.474	2322.006
1280.064	2327.016
1281.654	2325.395
1283.244	2329.521
1284.834	2327.016
1286.424	2328.047
1288.014	2323.774
1289.603	2327.753
1291.192	2325.542
1292.782	2328.342
1294.371	2326.427
1295.959	2327.458
1297.548	2324.216
1299.136	2326.574
1300.725	2323.037
1302.313	2327.605
1303.901	2324.216
1305.489	2327.753
1307.076	2325.837
1308.664	2330.110
1310.251	2328.490
1311.838	2330.552
1313.425	2327.016
1315.012	2328.784
1316.599	2325.542
1318.185	2328.784
1319.772	2326.427
1321.358	2327.753
1322.944	2327.900
1324.530	2327.605
1326.116	2328.047
1327.701	2326.869
1329.287	2326.279
1330.872	2327.311
1332.457	2324.806
1334.042	2325.690
1335.627	2325.984
1337.211	2327.458
1338.796	2327.458
1340.380	2328.784
1341.964	2328.490
1343.548	2330.552
1345.132	2329.374
1346.716	2329.521
1348.299	2330.552
1349.883	2330.552
1351.466	2327.458
1353.049	2328.195
1354.632	2324.658
1356.215	2323.185
1357.798	2323.037
1359.380	2321.564
1360.963	2322.153
1362.545	2325.100
1364.127	2325.248
1365.709	2329.079
1367.290	2327.458
1368.872	2329.079
1370.454	2325.248
1372.035	2328.490
1373.616	2323.479
1375.197	2323.774
1376.778	2320.532
1378.359	2323.774
1379.939	2320.385
1381.520	2322.006
1383.100	2319.354
1384.680	2324.069
1386.260	2322.448
1387.840	2325.100
1389.420	2322.595
1390.999	2326.279
1392.579	2326.869
1394.158	2327.753
1395.737	2323.774
1397.316	2325.248
1398.895	2321.269
1400.474	2325.248
1402.052	2321.269
1403.631	2320.974
1405.209	2319.206
1406.787	2323.037
1408.365	2320.680
1409.943	2323.774
1411.521	2320.090
1413.098	2323.185
1414.676	2322.743
1416.253	2323.479
1417.830	2320.532
1419.407	2325.395
1420.984	2323.037
1422.561	2328.490
1424.138	2325.248
1425.714	2327.900
1427.291	2325.248
1428.867	2326.574
1430.443	2323.185
1432.019	2325.690
1433.595	2319.501
1435.170	2322.006
1436.746	2318.911
1438.321	2322.743
1439.897	2321.859
1441.472	2324.806
1443.047	2323.922
1444.622	2327.163
1446.197	2326.132
1447.771	2327.458
1449.346	2324.658
1450.920	2326.574
1452.494	2321.564
1454.068	2323.774
1455.642	2320.827
1457.216	2321.859
1458.790	2320.090
1460.364	2322.301
1461.937	2320.238
1463.510	2323.774
1465.084	2321.269
1466.657	2326.427
1468.230	2325.984
1469.803	2328.195
1471.375	2327.458
1472.948	2327.458
1474.520	2327.163
1476.093	2327.458
1477.665	2323.332
1479.237	2323.627
1480.809	2323.037
1482.381	2323.922
1483.952	2324.364
1485.524	2323.185
1487.095	2322.448
1488.667	2325.395
1490.238	2324.364
1491.809	2325.100
1493.380	2322.595
1494.951	2322.595
1496.522	2324.658
1498.092	2326.721
1499.663	2321.711
1501.233	2321.859
1502.803	2319.648
1504.374	2321.859
1505.944	2321.711
1507.514	2320.827
1509.083	2316.996
1510.653	2320.680
1512.223	2322.301
1513.792	2323.332
1515.361	2322.448
1516.930	2323.922
1518.500	2322.153
1520.069	2325.837
1521.637	2323.922
1523.206	2326.132
1524.775	2324.806
1526.343	2327.016
1527.912	2324.364
1529.480	2326.279
1531.048	2325.395
1532.616	2326.721
1534.184	2322.301
1535.752	2325.542
1537.320	2323.332
1538.887	2327.311
1540.455	2325.984
1542.022	2330.258
1543.589	2327.016
1545.157	2330.995
1546.724	2326.869
1548.291	2329.226
1549.857	2324.511
1551.424	2326.574
1552.991	2323.037
1554.557	2329.226
1556.124	2325.100
1557.690	2327.900
1559.256	2325.248
1560.822	2327.458
1562.388	2325.395
1563.954	2327.311
1565.520	2320.680
1567.086	2322.743
1568.651	2320.974
1570.217	2320.680
1571.782	2320.385
1573.347	2320.532
1574.912	2317.438
1576.477	2319.943
1578.042	2318.764
1579.607	2321.564
1581.172	2322.448
1582.737	2323.627
1584.301	2323.037
1585.866	2324.364
1587.430	2322.595
1588.994	2324.953
1590.558	2324.069
1592.122	2322.890
1593.686	2321.859
1595.250	2323.185
1596.814	2320.238
1598.377	2322.743
1599.941	2318.469
1601.504	2319.943
1603.068	2317.585
1604.631	2317.143
1606.194	2316.849
1607.757	2319.796
1609.320	2317.880
1610.883	2322.595
1612.446	2321.711
1614.008	2326.869
1615.571	2325.100
1617.133	2324.216
1618.696	2321.122
1620.258	2324.511
1621.820	2319.943
1623.382	2317.880
1624.944	2314.049
1626.506	2316.554
1628.068	2315.522
1629.630	2318.469
1631.192	2317.143
1632.753	2320.385
1634.315	2322.153
1635.876	2325.395
1637.437	2323.774
1638.998	2325.100
1640.559	2322.890
1642.121	2324.511
1643.681	2319.796
1645.242	2321.859
1646.803	2319.354
1648.364	2322.595
1649.924	2321.859
1651.485	2324.953
1653.045	2321.269
1654.605	2325.248
1656.166	2320.827
1657.726	2322.595
1659.286	2318.469
1660.846	2322.006
1662.406	2320.827
1663.966	2323.922
1665.525	2322.006
1667.085	2325.542
1668.644	2322.595
1670.204	2325.984
1671.763	2319.796
1673.323	2320.238
1674.882	2316.701
1676.441	2319.206
1678.000	2315.670
1679.559	2319.059
1681.118	2315.964
1682.677	2320.827
1684.236	2317.733
1685.794	2319.648
1687.353	2317.291
1688.911	2318.911
1690.470	2318.469
1692.028	2320.532
1693.586	2319.943
1695.145	2322.006
1696.703	2322.301
1698.261	2320.827
1699.819	2319.648
1701.377	2318.911
1702.934	2315.964
1704.492	2316.554
1706.050	2315.817
1707.607	2317.880
1709.165	2329.079
1710.722	2315.670
1712.280	2336.299
