899.343	2346.614
900.982	2350.740
902.621	2353.834
904.260	2351.919
905.898	2352.656
907.536	2355.308
909.174	2352.803
910.812	2355.308
912.449	2355.455
914.087	2355.897
915.724	2354.571
917.360	2355.161
918.997	2352.656
920.633	2355.161
922.269	2355.455
923.905	2357.960
925.540	2357.518
927.175	2357.666
928.810	2357.666
930.445	2358.402
932.079	2358.844
933.714	2355.308
935.348	2355.455
936.981	2352.803
938.615	2355.455
940.248	2355.161
941.881	2356.487
943.514	2355.750
945.147	2355.308
946.779	2353.098
948.411	2354.129
950.043	2350.151
951.675	2349.856
953.306	2348.824
954.937	2350.593
956.568	2351.624
958.199	2351.624
959.829	2350.003
961.460	2353.982
963.090	2350.003
964.719	2350.445
966.349	2345.730
967.978	2344.846
969.607	2345.730
971.236	2347.056
972.865	2343.372
974.493	2346.319
976.121	2342.930
977.749	2345.288
979.377	2347.203
981.004	2345.141
982.631	2344.993
984.258	2344.551
985.885	2344.109
987.511	2344.109
989.138	2341.309
990.764	2338.068
992.390	2336.152
994.015	2336.741
995.641	2337.036
997.266	2338.657
998.891	2339.836
1000.515	2341.457
1002.140	2342.783
1003.764	2344.256
1005.388	2343.520
1007.012	2342.930
1008.635	2339.246
1010.259	2337.331
1011.882	2337.331
1013.505	2338.362
1015.127	2338.510
1016.750	2336.741
1018.372	2337.331
1019.994	2338.510
1021.616	2338.804
1023.237	2338.952
1024.859	2336.594
1026.480	2337.036
1028.101	2337.183
1029.721	2337.773
1031.342	2338.362
1032.962	2339.983
1034.582	2341.457
1036.202	2342.341
1037.821	2339.394
1039.441	2340.278
1041.060	2339.099
1042.679	2337.331
1044.297	2336.005
1045.916	2335.268
1047.534	2334.531
1049.152	2336.152
1050.770	2336.152
1052.388	2335.857
1054.005	2337.183
1055.622	2337.773
1057.239	2336.447
1058.856	2338.068
1060.472	2336.741
1062.089	2339.394
1063.705	2337.920
1065.321	2338.804
1066.936	2336.889
1068.552	2337.036
1070.167	2333.942
1071.782	2336.152
1073.397	2333.205
1075.012	2335.415
1076.626	2334.384
1078.240	2335.415
1079.854	2335.710
1081.468	2339.394
1083.082	2339.394
1084.695	2338.952
1086.308	2338.215
1087.921	2337.773
1089.534	2337.920
1091.146	2336.005
1092.759	2335.415
1094.371	2333.352
1095.983	2332.910
1097.594	2335.120
1099.206	2335.120
1100.817	2335.563
1102.428	2336.299
1104.039	2335.415
1105.650	2337.331
1107.260	2338.068
1108.871	2338.068
1110.481	2337.773
1112.091	2336.005
1113.700	2338.362
1115.310	2336.447
1116.919	2337.331
1118.528	2336.741
1120.137	2334.973
1121.746	2336.299
1123.354	2337.036
1124.962	2334.089
1126.570	2336.005
1128.178	2333.942
1129.786	2334.531
1131.393	2334.678
1133.001	2333.794
1134.608	2333.794
1136.215	2336.447
1137.821	2338.362
1139.428	2338.804
1141.034	2336.741
1142.640	2336.889
1144.246	2336.594
1145.852	2336.299
1147.457	2336.152
1149.062	2334.973
1150.667	2335.415
1152.272	2337.478
1153.877	2335.415
1155.482	2336.005
1157.086	2337.036
1158.690	2337.036
1160.294	2335.563
1161.898	2336.447
1163.501	2336.005
1165.105	2338.510
1166.708	2337.331
1168.311	2336.741
1169.914	2333.352
1171.516	2332.763
1173.118	2329.521
1174.721	2330.700
1176.323	2328.047
1177.925	2329.668
1179.526	2327.753
1181.128	2329.374
1182.729	2329.079
1184.330	2331.437
1185.931	2330.552
1187.532	2332.173
1189.132	2330.995
1190.732	2330.847
1192.333	2330.847
1193.933	2330.995
1195.532	2329.226
1197.132	2327.605
1198.731	2324.364
1200.331	2323.627
1201.930	2324.806
1203.528	2326.427
1205.127	2324.806
1206.726	2326.132
1208.324	2325.984
1209.922	2330.405
1211.520	2330.995
1213.118	2331.142
1214.715	2327.016
1216.313	2329.521
1217.910	2328.342
1219.507	2328.490
1221.104	2325.395
1222.700	2323.922
1224.297	2322.153
1225.893	2323.479
1227.489	2323.037
1229.085	2324.069
1230.681	2324.511
1232.277	2326.721
1233.872	2327.605
1235.467	2330.405
1237.063	2330.700
1238.657	2331.437
1240.252	2330.847
1241.847	2333.500
1243.441	2329.668
1245.035	2331.584
1246.629	2327.605
1248.223	2328.490
1249.817	2325.395
1251.410	2324.806
1253.004	2322.890
1254.597	2327.458
1256.190	2325.837
1257.783	2330.700
1259.375	2329.963
1260.968	2333.500
1262.560	2332.026
1264.152	2333.942
1265.744	2329.963
1267.336	2332.615
1268.927	2324.364
1270.519	2324.364
1272.110	2319.648
1273.701	2323.774
1275.292	2319.796
1276.883	2322.595
1278.474	2319.648
1280.064	2328.342
1281.654	2327.311
1283.244	2332.615
1284.834	2329.816
1286.424	2332.321
1288.014	2330.700
1289.603	2332.763
1291.192	2328.195
1292.782	2332.026
1294.371	2327.900
1295.959	2328.195
1297.548	2324.364
1299.136	2325.984
1300.725	2323.774
1302.313	2327.016
1303.901	2323.037
1305.489	2326.721
1307.076	2325.100
1308.664	2328.342
1310.251	2328.047
1311.838	2328.932
1313.425	2328.342
1315.012	2330.110
1316.599	2328.047
1318.185	2332.321
1319.772	2328.784
1321.358	2330.552
1322.944	2326.574
1324.530	2327.605
1326.116	2324.806
1327.701	2324.658
1329.287	2321.417
1330.872	2324.511
1332.457	2321.269
1334.042	2325.248
1335.627	2323.037
1337.211	2326.574
1338.796	2326.132
1340.380	2327.753
1341.964	2326.132
1343.548	2329.079
1345.132	2325.837
1346.716	2328.784
1348.299	2327.016
1349.883	2327.605
1351.466	2324.806
1353.049	2326.132
1354.632	2322.301
1356.215	2325.984
1357.798	2322.890
1359.380	2323.627
1360.963	2323.185
1362.545	2328.195
1364.127	2327.311
1365.709	2330.847
1367.290	2326.574
1368.872	2329.521
1370.454	2326.869
1372.035	2329.079
1373.616	2324.364
1375.197	2327.016
1376.778	2323.922
1378.359	2329.963
1379.939	2326.721
1381.520	2329.668
1383.100	2327.458
1384.680	2330.110
1386.260	2327.458
1387.840	2330.405
1389.420	2327.016
1390.999	2328.637
1392.579	2326.132
1394.158	2326.279
1395.737	2322.743
1397.316	2323.479
1398.895	2320.238
1400.474	2321.859
1402.052	2319.648
1403.631	2322.743
1405.209	2322.153
1406.787	2325.248
1408.365	2323.332
1409.943	2325.837
1411.521	2324.806
1413.098	2326.574
1414.676	2324.364
1416.253	2325.984
1417.830	2323.332
1419.407	2324.658
1420.984	2323.479
1422.561	2324.216
1424.138	2323.037
1425.714	2324.806
1427.291	2322.890
1428.867	2325.690
1430.443	2324.953
1432.019	2325.248
1433.595	2323.479
1435.170	2324.806
1436.746	2323.037
1438.321	2325.542
1439.897	2323.627
1441.472	2326.721
1443.047	2325.542
1444.622	2327.458
1446.197	2324.806
1447.771	2325.837
1449.346	2323.627
1450.920	2325.100
1452.494	2321.859
1454.068	2323.185
1455.642	2320.090
1457.216	2323.185
1458.790	2321.859
1460.364	2324.364
1461.937	2323.332
1463.510	2326.279
1465.084	2322.890
1466.657	2327.900
1468.230	2325.984
1469.803	2331.289
1471.375	2326.869
1472.948	2328.932
1474.520	2324.658
1476.093	2328.784
1477.665	2324.511
1479.237	2324.953
1480.809	2319.943
1482.381	2323.627
1483.952	2321.711
1485.524	2324.364
1487.095	2319.354
1488.667	2323.922
1490.238	2322.595
1491.809	2325.837
1493.380	2323.185
1494.951	2325.395
1496.522	2324.364
1498.092	2330.110
1499.663	2324.806
1501.233	2326.279
1502.803	2322.448
1504.374	2325.100
1505.944	2322.595
1507.514	2325.248
1509.083	2320.974
1510.653	2324.364
1512.223	2326.132
1513.792	2327.016
1515.361	2324.658
1516.930	2325.984
1518.500	2323.332
1520.069	2325.542
1521.637	2323.774
1523.206	2325.248
1524.775	2325.837
1526.343	2328.195
1527.912	2327.163
1529.480	2329.816
1531.048	2330.258
1532.616	2330.110
1534.184	2326.427
1535.752	2329.079
1537.320	2325.984
1538.887	2328.637
1540.455	2325.100
1542.022	2327.605
1543.589	2327.458
1545.157	2329.668
1546.724	2325.100
1548.291	2327.900
1549.857	2324.511
1551.424	2328.784
1552.991	2325.690
1554.557	2328.195
1556.124	2325.100
1557.690	2328.932
1559.256	2326.574
1560.822	2327.900
1562.388	2324.069
1563.954	2325.984
1565.520	2323.332
1567.086	2326.574
1568.651	2322.006
1570.217	2324.806
1571.782	2322.448
1573.347	2325.542
1574.912	2324.216
1576.477	2325.395
1578.042	2323.922
1579.607	2328.047
1581.172	2328.637
1582.737	2331.731
1584.301	2330.258
1585.866	2329.816
1587.430	2329.521
1588.994	2329.374
1590.558	2328.637
1592.122	2327.605
1593.686	2325.984
1595.250	2327.900
1596.814	2325.984
1598.377	2327.311
1599.941	2326.721
1601.504	2328.342
1603.068	2325.690
1604.631	2326.574
1606.194	2325.248
1607.757	2325.837
1609.320	2325.100
1610.883	2327.311
1612.446	2326.869
1614.008	2330.258
1615.571	2328.047
1617.133	2327.605
1618.696	2328.047
1620.258	2328.342
1621.820	2325.984
1623.382	2324.511
1624.944	2322.301
1626.506	2324.806
1628.068	2323.774
1629.630	2325.690
1631.192	2323.037
1632.753	2325.690
1634.315	2323.627
1635.876	2325.542
1637.437	2321.711
1638.998	2322.301
1640.559	2318.175
1642.121	2320.827
1643.681	2316.849
1645.242	2318.764
1646.803	2318.027
1648.364	2321.711
1649.924	2321.122
1651.485	2325.100
1653.045	2323.332
1654.605	2326.869
1656.166	2324.069
1657.726	2324.511
1659.286	2320.680
1660.846	2323.037
1662.406	2320.680
1663.966	2321.417
1665.525	2317.733
1667.085	2320.090
1668.644	2317.291
1670.204	2320.827
1671.763	2316.996
1673.323	2320.238
1674.882	2319.206
1676.441	2322.153
1678.000	2321.269
1679.559	2321.269
1681.118	2320.532
1682.677	2322.006
1684.236	2319.501
1685.794	2318.469
1687.353	2315.817
1688.911	2315.228
1690.470	2316.406
1692.028	2319.059
1693.586	2317.585
1695.145	2319.501
1696.703	2320.238
1698.261	2321.417
1699.819	2320.827
1701.377	2320.827
1702.934	2314.491
1704.492	2318.322
1706.050	2314.049
1707.607	2316.996
1709.165	2335.268
1710.722	2302.260
1712.280	2335.268
