899.343	2342.488
900.982	2354.866
902.621	2358.992
904.260	2350.298
905.898	2348.677
907.536	2349.561
909.174	2346.319
910.812	2344.551
912.449	2346.614
914.087	2348.088
915.724	2347.793
917.360	2351.771
918.997	2352.214
920.633	2354.866
922.269	2357.076
923.905	2358.550
925.540	2359.287
927.175	2357.960
928.810	2356.487
930.445	2354.276
932.079	2352.803
933.714	2349.266
935.348	2346.761
936.981	2346.614
938.615	2347.793
940.248	2347.940
941.881	2349.119
943.514	2350.740
945.147	2351.919
946.779	2351.771
948.411	2350.740
950.043	2352.214
951.675	2349.856
953.306	2351.329
954.937	2349.709
956.568	2350.740
958.199	2348.972
959.829	2349.119
961.460	2348.972
963.090	2349.709
964.719	2346.614
966.349	2345.435
967.978	2344.404
969.607	2347.203
971.236	2347.646
972.865	2345.288
974.493	2346.761
976.121	2343.372
977.749	2346.467
979.377	2346.909
981.004	2346.614
982.631	2341.604
984.258	2341.604
985.885	2339.246
987.511	2341.751
989.138	2337.331
990.764	2335.268
992.390	2332.173
994.015	2336.152
995.641	2335.857
997.266	2338.510
998.891	2340.573
1000.515	2341.015
1002.140	2343.078
1003.764	2342.193
1005.388	2343.372
1007.012	2341.457
1008.635	2338.362
1010.259	2334.826
1011.882	2335.710
1013.505	2335.563
1015.127	2335.120
1016.750	2332.026
1018.372	2333.057
1019.994	2333.057
1021.616	2334.236
1023.237	2334.826
1024.859	2332.468
1026.480	2336.152
1028.101	2333.794
1029.721	2336.447
1031.342	2335.268
1032.962	2337.183
1034.582	2336.447
1036.202	2337.625
1037.821	2334.826
1039.441	2339.394
1041.060	2337.331
1042.679	2339.836
1044.297	2338.657
1045.916	2340.573
1047.534	2339.688
1049.152	2341.015
1050.770	2337.183
1052.388	2338.215
1054.005	2336.005
1055.622	2336.447
1057.239	2333.205
1058.856	2333.794
1060.472	2331.731
1062.089	2334.089
1063.705	2332.763
1065.321	2334.678
1066.936	2331.437
1068.552	2334.089
1070.167	2332.910
1071.782	2334.973
1073.397	2334.531
1075.012	2332.763
1076.626	2334.384
1078.240	2334.089
1079.854	2334.089
1081.468	2334.678
1083.082	2335.268
1084.695	2333.794
1086.308	2334.089
1087.921	2332.321
1089.534	2333.942
1091.146	2330.700
1092.759	2331.584
1094.371	2330.258
1095.983	2331.437
1097.594	2333.057
1099.206	2332.763
1100.817	2330.847
1102.428	2334.678
1104.039	2332.763
1105.650	2332.910
1107.260	2331.879
1108.871	2332.468
1110.481	2332.321
1112.091	2334.089
1113.700	2332.468
1115.310	2333.942
1116.919	2334.826
1118.528	2336.152
1120.137	2336.005
1121.746	2336.594
1123.354	2336.594
1124.962	2336.299
1126.570	2334.384
1128.178	2332.615
1129.786	2332.321
1131.393	2331.289
1133.001	2328.784
1134.608	2327.753
1136.215	2327.753
1137.821	2329.374
1139.428	2331.731
1141.034	2329.963
1142.640	2330.405
1144.246	2331.584
1145.852	2333.205
1147.457	2332.910
1149.062	2333.942
1150.667	2333.057
1152.272	2334.236
1153.877	2332.026
1155.482	2333.352
1157.086	2331.731
1158.690	2331.437
1160.294	2330.110
1161.898	2329.521
1163.501	2329.668
1165.105	2331.142
1166.708	2329.668
1168.311	2331.437
1169.914	2330.552
1171.516	2331.289
1173.118	2329.816
1174.721	2331.584
1176.323	2332.321
1177.925	2331.584
1179.526	2328.047
1181.128	2328.637
1182.729	2326.869
1184.330	2327.311
1185.931	2325.395
1187.532	2323.627
1189.132	2323.922
1190.732	2326.574
1192.333	2324.806
1193.933	2326.427
1195.532	2326.869
1197.132	2327.163
1198.731	2327.016
1200.331	2327.311
1201.930	2328.637
1203.528	2330.552
1205.127	2328.637
1206.726	2326.721
1208.324	2325.395
1209.922	2328.195
1211.520	2328.342
1213.118	2326.721
1214.715	2325.100
1216.313	2326.721
1217.910	2326.574
1219.507	2327.900
1221.104	2323.479
1222.700	2324.216
1224.297	2324.511
1225.893	2325.100
1227.489	2325.542
1229.085	2326.427
1230.681	2327.605
1232.277	2328.784
1233.872	2327.016
1235.467	2327.016
1237.063	2327.458
1238.657	2327.311
1240.252	2327.311
1241.847	2327.016
1243.441	2328.195
1245.035	2330.847
1246.629	2329.374
1248.223	2329.374
1249.817	2325.984
1251.410	2328.932
1253.004	2325.395
1254.597	2328.047
1256.190	2324.658
1257.783	2328.342
1259.375	2328.047
1260.968	2331.584
1262.560	2326.721
1264.152	2331.879
1265.744	2327.753
1267.336	2330.995
1268.927	2323.185
1270.519	2323.037
1272.110	2320.974
1273.701	2325.395
1275.292	2320.827
1276.883	2323.627
1278.474	2320.238
1280.064	2328.637
1281.654	2326.869
1283.244	2329.374
1284.834	2327.016
1286.424	2328.637
1288.014	2325.542
1289.603	2327.753
1291.192	2323.185
1292.782	2327.311
1294.371	2324.806
1295.959	2325.542
1297.548	2324.216
1299.136	2326.427
1300.725	2325.100
1302.313	2327.311
1303.901	2323.185
1305.489	2325.984
1307.076	2323.774
1308.664	2325.395
1310.251	2324.658
1311.838	2326.132
1313.425	2323.922
1315.012	2326.427
1316.599	2323.185
1318.185	2326.427
1319.772	2325.100
1321.358	2326.132
1322.944	2322.595
1324.530	2325.395
1326.116	2322.595
1327.701	2323.774
1329.287	2321.711
1330.872	2321.269
1332.457	2318.911
1334.042	2322.890
1335.627	2319.943
1337.211	2323.185
1338.796	2321.269
1340.380	2322.153
1341.964	2322.153
1343.548	2324.364
1345.132	2322.153
1346.716	2325.100
1348.299	2324.364
1349.883	2325.395
1351.466	2322.006
1353.049	2324.806
1354.632	2321.711
1356.215	2324.364
1357.798	2321.711
1359.380	2322.448
1360.963	2321.564
1362.545	2326.427
1364.127	2323.479
1365.709	2327.311
1367.290	2324.953
1368.872	2327.753
1370.454	2324.953
1372.035	2326.427
1373.616	2326.279
1375.197	2325.984
1376.778	2324.806
1378.359	2325.984
1379.939	2324.069
1381.520	2326.427
1383.100	2326.427
1384.680	2325.542
1386.260	2326.132
1387.840	2324.806
1389.420	2323.185
1390.999	2324.364
1392.579	2323.922
1394.158	2323.332
1395.737	2319.796
1397.316	2322.006
1398.895	2320.532
1400.474	2324.953
1402.052	2320.532
1403.631	2322.448
1405.209	2321.417
1406.787	2324.069
1408.365	2321.122
1409.943	2322.595
1411.521	2317.438
1413.098	2320.680
1414.676	2318.322
1416.253	2320.532
1417.830	2319.354
1419.407	2322.301
1420.984	2322.890
1422.561	2325.248
1424.138	2322.006
1425.714	2323.627
1427.291	2320.680
1428.867	2323.185
1430.443	2320.532
1432.019	2320.532
1433.595	2318.027
1435.170	2321.269
1436.746	2319.354
1438.321	2322.890
1439.897	2321.122
1441.472	2325.690
1443.047	2325.837
1444.622	2328.342
1446.197	2328.195
1447.771	2328.490
1449.346	2324.953
1450.920	2326.279
1452.494	2320.238
1454.068	2320.238
1455.642	2318.469
1457.216	2318.469
1458.790	2318.027
1460.364	2321.122
1461.937	2319.059
1463.510	2322.006
1465.084	2320.532
1466.657	2323.627
1468.230	2323.774
1469.803	2325.837
1471.375	2322.890
1472.948	2323.332
1474.520	2324.216
1476.093	2325.542
1477.665	2322.890
1479.237	2322.153
1480.809	2320.090
1482.381	2323.774
1483.952	2322.890
1485.524	2321.417
1487.095	2318.911
1488.667	2321.859
1490.238	2321.564
1491.809	2323.922
1493.380	2321.564
1494.951	2321.417
1496.522	2323.332
1498.092	2326.427
1499.663	2324.364
1501.233	2323.627
1502.803	2320.532
1504.374	2320.974
1505.944	2322.153
1507.514	2321.564
1509.083	2319.059
1510.653	2320.090
1512.223	2321.564
1513.792	2323.332
1515.361	2322.595
1516.930	2323.774
1518.500	2324.069
1520.069	2324.069
1521.637	2322.006
1523.206	2323.185
1524.775	2321.859
1526.343	2322.890
1527.912	2321.122
1529.480	2321.417
1531.048	2323.037
1532.616	2324.216
1534.184	2321.711
1535.752	2324.806
1537.320	2324.069
1538.887	2325.542
1540.455	2322.890
1542.022	2324.953
1543.589	2325.984
1545.157	2326.721
1546.724	2323.922
1548.291	2323.332
1549.857	2321.564
1551.424	2323.627
1552.991	2321.711
1554.557	2323.922
1556.124	2323.037
1557.690	2324.806
1559.256	2325.542
1560.822	2327.458
1562.388	2325.984
1563.954	2328.195
1565.520	2323.332
1567.086	2328.342
1568.651	2322.743
1570.217	2325.248
1571.782	2320.974
1573.347	2322.595
1574.912	2320.238
1576.477	2321.269
1578.042	2317.585
1579.607	2323.479
1581.172	2321.564
1582.737	2326.869
1584.301	2325.100
1585.866	2325.984
1587.430	2324.953
1588.994	2326.869
1590.558	2323.774
1592.122	2325.542
1593.686	2321.122
1595.250	2324.511
1596.814	2320.974
1598.377	2323.332
1599.941	2321.122
1601.504	2324.216
1603.068	2319.943
1604.631	2321.711
1606.194	2317.585
1607.757	2322.301
1609.320	2320.680
1610.883	2324.364
1612.446	2324.364
1614.008	2328.195
1615.571	2327.163
1617.133	2327.458
1618.696	2325.100
1620.258	2325.395
1621.820	2321.269
1623.382	2319.648
1624.944	2317.143
1626.506	2320.532
1628.068	2320.090
1629.630	2320.238
1631.192	2320.090
1632.753	2322.448
1634.315	2322.595
1635.876	2323.922
1637.437	2319.796
1638.998	2321.122
1640.559	2318.911
1642.121	2321.564
1643.681	2316.259
1645.242	2317.438
1646.803	2317.143
1648.364	2319.648
1649.924	2319.354
1651.485	2322.743
1653.045	2319.206
1654.605	2323.479
1656.166	2320.827
1657.726	2321.564
1659.286	2319.501
1660.846	2321.417
1662.406	2322.006
1663.966	2323.037
1665.525	2321.269
1667.085	2321.269
1668.644	2320.827
1670.204	2322.153
1671.763	2318.027
1673.323	2317.143
1674.882	2317.143
1676.441	2318.469
1678.000	2318.027
1679.559	2318.322
1681.118	2317.291
1682.677	2321.711
1684.236	2319.206
1685.794	2318.764
1687.353	2316.259
1688.911	2318.175
1690.470	2315.522
1692.028	2318.027
1693.586	2314.933
1695.145	2316.849
1696.703	2316.406
1698.261	2318.175
1699.819	2315.670
1701.377	2318.911
1702.934	2314.786
1704.492	2316.701
1706.050	2315.228
1707.607	2319.501
1709.165	2325.984
1710.722	2311.544
1712.280	2344.551
