899.343	2339.394
900.982	2335.268
902.621	2349.709
904.260	2347.940
905.898	2347.203
907.536	2350.298
909.174	2350.887
910.812	2350.003
912.449	2352.066
914.087	2351.035
915.724	2352.361
917.360	2353.687
918.997	2354.424
920.633	2352.361
922.269	2353.982
923.905	2353.245
925.540	2355.013
927.175	2353.098
928.810	2354.571
930.445	2352.803
932.079	2354.571
933.714	2353.245
935.348	2352.214
936.981	2352.066
938.615	2351.329
940.248	2351.035
941.881	2354.719
943.514	2352.656
945.147	2352.950
946.779	2351.771
948.411	2351.182
950.043	2349.709
951.675	2350.593
953.306	2347.203
954.937	2349.561
956.568	2348.235
958.199	2348.824
959.829	2348.824
961.460	2350.593
963.090	2347.793
964.719	2346.909
966.349	2344.698
967.978	2343.962
969.607	2346.909
971.236	2345.435
972.865	2345.141
974.493	2346.025
976.121	2344.551
977.749	2346.614
979.377	2348.677
981.004	2344.404
982.631	2342.636
984.258	2342.783
985.885	2342.046
987.511	2343.372
989.138	2339.688
990.764	2340.425
992.390	2339.394
994.015	2342.046
995.641	2339.983
997.266	2340.278
998.891	2340.425
1000.515	2342.488
1002.140	2340.278
1003.764	2341.604
1005.388	2340.130
1007.012	2340.425
1008.635	2338.804
1010.259	2338.952
1011.882	2338.510
1013.505	2340.867
1015.127	2338.804
1016.750	2339.394
1018.372	2338.657
1019.994	2341.162
1021.616	2338.510
1023.237	2338.657
1024.859	2335.415
1026.480	2337.920
1028.101	2336.447
1029.721	2337.478
1031.342	2336.152
1032.962	2338.657
1034.582	2339.246
1036.202	2340.278
1037.821	2341.457
1039.441	2341.899
1041.060	2344.404
1042.679	2342.930
1044.297	2343.078
1045.916	2342.783
1047.534	2341.457
1049.152	2339.688
1050.770	2340.573
1052.388	2338.068
1054.005	2338.510
1055.622	2337.036
1057.239	2337.183
1058.856	2339.246
1060.472	2339.688
1062.089	2340.867
1063.705	2342.488
1065.321	2342.046
1066.936	2342.488
1068.552	2341.604
1070.167	2340.867
1071.782	2339.983
1073.397	2337.625
1075.012	2334.678
1076.626	2335.710
1078.240	2334.531
1079.854	2333.500
1081.468	2332.910
1083.082	2333.794
1084.695	2335.415
1086.308	2335.857
1087.921	2335.268
1089.534	2336.889
1091.146	2336.299
1092.759	2335.857
1094.371	2334.089
1095.983	2333.794
1097.594	2334.826
1099.206	2333.942
1100.817	2333.205
1102.428	2334.826
1104.039	2334.236
1105.650	2334.236
1107.260	2333.352
1108.871	2334.678
1110.481	2337.331
1112.091	2337.036
1113.700	2338.657
1115.310	2336.889
1116.919	2340.130
1118.528	2338.657
1120.137	2340.425
1121.746	2337.478
1123.354	2337.625
1124.962	2334.678
1126.570	2336.594
1128.178	2333.057
1129.786	2334.531
1131.393	2330.700
1133.001	2332.468
1134.608	2330.995
1136.215	2332.763
1137.821	2333.352
1139.428	2336.741
1141.034	2333.500
1142.640	2336.889
1144.246	2334.089
1145.852	2336.299
1147.457	2334.973
1149.062	2334.826
1150.667	2332.468
1152.272	2336.005
1153.877	2331.584
1155.482	2333.647
1157.086	2332.321
1158.690	2333.794
1160.294	2333.942
1161.898	2335.120
1163.501	2333.647
1165.105	2336.889
1166.708	2335.563
1168.311	2337.773
1169.914	2333.647
1171.516	2336.005
1173.118	2331.142
1174.721	2332.173
1176.323	2327.900
1177.925	2329.374
1179.526	2324.953
1181.128	2328.047
1182.729	2325.100
1184.330	2328.047
1185.931	2327.900
1187.532	2328.784
1189.132	2328.195
1190.732	2332.173
1192.333	2329.521
1193.933	2331.289
1195.532	2329.816
1197.132	2329.816
1198.731	2328.342
1200.331	2328.784
1201.930	2325.690
1203.528	2329.963
1205.127	2326.427
1206.726	2329.374
1208.324	2327.753
1209.922	2331.289
1211.520	2331.289
1213.118	2333.057
1214.715	2329.374
1216.313	2330.258
1217.910	2329.668
1219.507	2328.784
1221.104	2326.574
1222.700	2324.658
1224.297	2322.595
1225.893	2323.479
1227.489	2323.627
1229.085	2323.627
1230.681	2325.395
1232.277	2327.016
1233.872	2327.458
1235.467	2329.226
1237.063	2330.110
1238.657	2330.995
1240.252	2332.173
1241.847	2332.468
1243.441	2333.205
1245.035	2333.500
1246.629	2333.942
1248.223	2332.615
1249.817	2331.584
1251.410	2329.226
1253.004	2328.932
1254.597	2328.490
1256.190	2328.195
1257.783	2328.342
1259.375	2328.784
1260.968	2331.142
1262.560	2328.932
1264.152	2332.321
1265.744	2328.047
1267.336	2332.763
1268.927	2324.953
1270.519	2325.984
1272.110	2321.417
1273.701	2324.364
1275.292	2321.269
1276.883	2324.953
1278.474	2320.680
1280.064	2327.753
1281.654	2325.395
1283.244	2329.963
1284.834	2329.668
1286.424	2329.816
1288.014	2327.900
1289.603	2330.700
1291.192	2327.311
1292.782	2330.700
1294.371	2325.837
1295.959	2327.605
1297.548	2324.216
1299.136	2325.690
1300.725	2323.774
1302.313	2327.900
1303.901	2325.395
1305.489	2328.784
1307.076	2325.248
1308.664	2329.374
1310.251	2328.932
1311.838	2329.521
1313.425	2328.342
1315.012	2330.847
1316.599	2327.900
1318.185	2330.552
1319.772	2326.869
1321.358	2328.047
1322.944	2325.395
1324.530	2326.279
1326.116	2324.511
1327.701	2326.427
1329.287	2324.953
1330.872	2327.900
1332.457	2325.984
1334.042	2328.932
1335.627	2327.016
1337.211	2328.195
1338.796	2326.574
1340.380	2326.132
1341.964	2325.395
1343.548	2325.248
1345.132	2323.479
1346.716	2325.542
1348.299	2325.690
1349.883	2327.605
1351.466	2326.427
1353.049	2326.574
1354.632	2325.984
1356.215	2326.721
1357.798	2325.542
1359.380	2326.132
1360.963	2323.774
1362.545	2329.226
1364.127	2326.574
1365.709	2328.637
1367.290	2325.248
1368.872	2325.837
1370.454	2321.269
1372.035	2324.511
1373.616	2320.385
1375.197	2323.922
1376.778	2320.680
1378.359	2325.690
1379.939	2324.806
1381.520	2328.637
1383.100	2327.753
1384.680	2329.374
1386.260	2325.837
1387.840	2330.552
1389.420	2325.395
1390.999	2328.637
1392.579	2325.248
1394.158	2325.248
1395.737	2322.743
1397.316	2326.279
1398.895	2323.037
1400.474	2327.605
1402.052	2322.448
1403.631	2326.279
1405.209	2325.100
1406.787	2327.605
1408.365	2324.511
1409.943	2326.869
1411.521	2324.216
1413.098	2325.690
1414.676	2322.595
1416.253	2323.479
1417.830	2318.322
1419.407	2320.385
1420.984	2318.764
1422.561	2321.269
1424.138	2320.827
1425.714	2322.743
1427.291	2322.153
1428.867	2327.753
1430.443	2327.753
1432.019	2328.637
1433.595	2324.806
1435.170	2324.658
1436.746	2322.743
1438.321	2323.185
1439.897	2319.501
1441.472	2322.153
1443.047	2320.090
1444.622	2323.627
1446.197	2323.922
1447.771	2325.984
1449.346	2325.542
1450.920	2328.342
1452.494	2324.364
1454.068	2326.721
1455.642	2324.953
1457.216	2326.574
1458.790	2324.953
1460.364	2325.100
1461.937	2323.922
1463.510	2323.774
1465.084	2320.827
1466.657	2322.595
1468.230	2320.680
1469.803	2322.890
1471.375	2321.859
1472.948	2323.479
1474.520	2323.479
1476.093	2326.427
1477.665	2323.922
1479.237	2325.837
1480.809	2324.658
1482.381	2327.016
1483.952	2325.542
1485.524	2326.574
1487.095	2323.037
1488.667	2325.395
1490.238	2325.248
1491.809	2324.511
1493.380	2322.890
1494.951	2322.448
1496.522	2321.417
1498.092	2326.132
1499.663	2323.627
1501.233	2322.301
1502.803	2322.743
1504.374	2324.953
1505.944	2324.364
1507.514	2325.984
1509.083	2322.448
1510.653	2326.279
1512.223	2324.658
1513.792	2326.427
1515.361	2322.301
1516.930	2325.542
1518.500	2323.774
1520.069	2324.806
1521.637	2322.153
1523.206	2326.721
1524.775	2324.511
1526.343	2327.311
1527.912	2324.069
1529.480	2326.132
1531.048	2325.837
1532.616	2326.721
1534.184	2323.185
1535.752	2326.869
1537.320	2324.069
1538.887	2327.163
1540.455	2323.037
1542.022	2327.605
1543.589	2324.511
1545.157	2326.132
1546.724	2320.974
1548.291	2323.627
1549.857	2320.532
1551.424	2324.658
1552.991	2319.796
1554.557	2325.984
1556.124	2323.774
1557.690	2326.279
1559.256	2326.279
1560.822	2328.932
1562.388	2325.395
1563.954	2329.079
1565.520	2322.301
1567.086	2326.721
1568.651	2322.301
1570.217	2323.332
1571.782	2319.501
1573.347	2323.185
1574.912	2319.648
1576.477	2321.564
1578.042	2318.911
1579.607	2323.774
1581.172	2323.774
1582.737	2326.869
1584.301	2323.774
1585.866	2325.100
1587.430	2324.511
1588.994	2323.479
1590.558	2322.890
1592.122	2320.680
1593.686	2317.438
1595.250	2320.385
1596.814	2317.585
1598.377	2319.501
1599.941	2319.648
1601.504	2320.090
1603.068	2318.764
1604.631	2321.122
1606.194	2319.648
1607.757	2322.595
1609.320	2320.238
1610.883	2323.627
1612.446	2322.301
1614.008	2326.279
1615.571	2322.595
1617.133	2324.364
1618.696	2321.564
1620.258	2326.427
1621.820	2322.448
1623.382	2322.743
1624.944	2320.385
1626.506	2324.511
1628.068	2322.006
1629.630	2324.511
1631.192	2322.448
1632.753	2325.248
1634.315	2325.542
1635.876	2327.311
1637.437	2323.922
1638.998	2324.069
1640.559	2320.974
1642.121	2320.532
1643.681	2316.996
1645.242	2316.554
1646.803	2315.817
1648.364	2318.911
1649.924	2319.501
1651.485	2322.595
1653.045	2322.448
1654.605	2324.658
1656.166	2323.037
1657.726	2324.069
1659.286	2321.564
1660.846	2323.037
1662.406	2323.774
1663.966	2322.595
1665.525	2320.974
1667.085	2322.006
1668.644	2317.880
1670.204	2319.354
1671.763	2315.522
1673.323	2314.933
1674.882	2315.375
1676.441	2317.291
1678.000	2316.849
1679.559	2320.827
1681.118	2319.354
1682.677	2324.953
1684.236	2323.185
1685.794	2322.595
1687.353	2321.711
1688.911	2321.564
1690.470	2322.006
1692.028	2324.658
1693.586	2320.238
1695.145	2322.153
1696.703	2322.743
1698.261	2321.711
1699.819	2321.122
1701.377	2320.532
1702.934	2317.880
1704.492	2320.974
1706.050	2318.027
1707.607	2322.006
1709.165	2332.173
1710.722	2309.481
1712.280	2346.614
