899.343	2330.110
900.982	2358.992
902.621	2347.646
904.260	2347.351
905.898	2348.677
907.536	2347.940
909.174	2348.530
910.812	2348.235
912.449	2351.477
914.087	2352.361
915.724	2351.771
917.360	2354.129
918.997	2355.161
920.633	2352.361
922.269	2352.361
923.905	2351.771
925.540	2352.066
927.175	2352.361
928.810	2352.066
930.445	2349.856
932.079	2353.245
933.714	2352.066
935.348	2350.151
936.981	2350.445
938.615	2350.887
940.248	2351.771
941.881	2352.214
943.514	2351.477
945.147	2352.214
946.779	2350.151
948.411	2350.003
950.043	2346.614
951.675	2344.698
953.306	2343.520
954.937	2344.404
956.568	2343.520
958.199	2345.730
959.829	2344.404
961.460	2346.319
963.090	2344.698
964.719	2345.730
966.349	2343.962
967.978	2345.288
969.607	2345.435
971.236	2347.940
972.865	2344.698
974.493	2347.498
976.121	2344.404
977.749	2343.962
979.377	2343.078
981.004	2342.193
982.631	2337.625
984.258	2340.573
985.885	2337.920
987.511	2339.688
989.138	2337.625
990.764	2336.594
992.390	2335.710
994.015	2337.625
995.641	2334.973
997.266	2336.299
998.891	2336.005
1000.515	2337.183
1002.140	2336.741
1003.764	2335.415
1005.388	2334.089
1007.012	2335.710
1008.635	2333.057
1010.259	2332.173
1011.882	2332.026
1013.505	2333.205
1015.127	2334.236
1016.750	2334.236
1018.372	2334.826
1019.994	2334.826
1021.616	2336.741
1023.237	2336.005
1024.859	2334.973
1026.480	2334.531
1028.101	2335.857
1029.721	2334.973
1031.342	2335.415
1032.962	2336.447
1034.582	2338.804
1036.202	2337.331
1037.821	2337.920
1039.441	2338.362
1041.060	2338.952
1042.679	2339.688
1044.297	2337.478
1045.916	2336.741
1047.534	2338.215
1049.152	2337.773
1050.770	2335.120
1052.388	2335.563
1054.005	2334.089
1055.622	2334.089
1057.239	2332.910
1058.856	2334.236
1060.472	2334.973
1062.089	2337.183
1063.705	2336.447
1065.321	2339.983
1066.936	2339.394
1068.552	2342.193
1070.167	2339.836
1071.782	2338.510
1073.397	2338.804
1075.012	2336.594
1076.626	2336.447
1078.240	2335.563
1079.854	2332.910
1081.468	2333.205
1083.082	2334.236
1084.695	2333.352
1086.308	2334.236
1087.921	2332.910
1089.534	2333.647
1091.146	2333.352
1092.759	2334.973
1094.371	2335.120
1095.983	2334.089
1097.594	2334.236
1099.206	2334.973
1100.817	2334.089
1102.428	2335.268
1104.039	2332.763
1105.650	2331.731
1107.260	2332.026
1108.871	2334.826
1110.481	2333.647
1112.091	2334.236
1113.700	2334.678
1115.310	2336.152
1116.919	2338.362
1118.528	2338.952
1120.137	2339.394
1121.746	2338.362
1123.354	2339.983
1124.962	2337.183
1126.570	2338.804
1128.178	2335.710
1129.786	2336.299
1131.393	2332.910
1133.001	2333.057
1134.608	2331.437
1136.215	2334.089
1137.821	2331.731
1139.428	2334.531
1141.034	2331.879
1142.640	2333.794
1144.246	2333.205
1145.852	2335.268
1147.457	2334.531
1149.062	2336.005
1150.667	2333.647
1152.272	2336.299
1153.877	2332.615
1155.482	2334.531
1157.086	2332.321
1158.690	2331.584
1160.294	2330.110
1161.898	2332.615
1163.501	2330.258
1165.105	2332.910
1166.708	2332.173
1168.311	2333.500
1169.914	2331.731
1171.516	2333.057
1173.118	2329.963
1174.721	2331.437
1176.323	2328.195
1177.925	2328.784
1179.526	2325.690
1181.128	2328.784
1182.729	2327.753
1184.330	2329.079
1185.931	2328.195
1187.532	2329.963
1189.132	2328.195
1190.732	2330.552
1192.333	2328.342
1193.933	2329.374
1195.532	2327.900
1197.132	2329.374
1198.731	2329.226
1200.331	2327.900
1201.930	2326.132
1203.528	2328.784
1205.127	2324.216
1206.726	2325.395
1208.324	2322.595
1209.922	2325.248
1211.520	2325.837
1213.118	2326.132
1214.715	2323.185
1216.313	2327.753
1217.910	2327.458
1219.507	2329.816
1221.104	2326.279
1222.700	2325.542
1224.297	2327.016
1225.893	2325.984
1227.489	2326.574
1229.085	2326.427
1230.681	2324.069
1232.277	2325.984
1233.872	2327.458
1235.467	2327.016
1237.063	2327.605
1238.657	2325.837
1240.252	2326.574
1241.847	2328.932
1243.441	2328.637
1245.035	2331.584
1246.629	2328.342
1248.223	2332.468
1249.817	2329.816
1251.410	2329.816
1253.004	2327.311
1254.597	2328.342
1256.190	2324.364
1257.783	2329.226
1259.375	2326.427
1260.968	2329.226
1262.560	2326.132
1264.152	2330.110
1265.744	2328.490
1267.336	2331.142
1268.927	2324.069
1270.519	2321.417
1272.110	2321.269
1273.701	2322.595
1275.292	2319.206
1276.883	2319.354
1278.474	2315.522
1280.064	2321.269
1281.654	2322.595
1283.244	2324.216
1284.834	2323.922
1286.424	2324.069
1288.014	2323.185
1289.603	2327.311
1291.192	2325.837
1292.782	2328.195
1294.371	2324.511
1295.959	2328.195
1297.548	2324.658
1299.136	2327.311
1300.725	2324.511
1302.313	2326.279
1303.901	2324.658
1305.489	2328.490
1307.076	2324.806
1308.664	2328.195
1310.251	2326.721
1311.838	2328.195
1313.425	2327.016
1315.012	2327.311
1316.599	2324.364
1318.185	2325.395
1319.772	2325.542
1321.358	2325.837
1322.944	2322.448
1324.530	2322.595
1326.116	2320.385
1327.701	2320.974
1329.287	2321.122
1330.872	2322.006
1332.457	2321.269
1334.042	2324.364
1335.627	2323.774
1337.211	2327.900
1338.796	2326.574
1340.380	2328.047
1341.964	2326.574
1343.548	2327.163
1345.132	2325.248
1346.716	2326.279
1348.299	2325.542
1349.883	2325.690
1351.466	2323.922
1353.049	2323.774
1354.632	2321.564
1356.215	2323.774
1357.798	2323.185
1359.380	2321.564
1360.963	2321.859
1362.545	2324.511
1364.127	2324.953
1365.709	2328.195
1367.290	2325.690
1368.872	2326.427
1370.454	2325.100
1372.035	2325.542
1373.616	2322.890
1375.197	2323.479
1376.778	2320.385
1378.359	2323.627
1379.939	2321.269
1381.520	2323.332
1383.100	2322.595
1384.680	2324.364
1386.260	2323.479
1387.840	2325.984
1389.420	2323.037
1390.999	2326.279
1392.579	2323.037
1394.158	2323.627
1395.737	2319.206
1397.316	2319.943
1398.895	2316.554
1400.474	2318.764
1402.052	2314.196
1403.631	2318.322
1405.209	2317.733
1406.787	2321.417
1408.365	2318.911
1409.943	2322.448
1411.521	2321.122
1413.098	2325.248
1414.676	2323.332
1416.253	2323.332
1417.830	2323.185
1419.407	2323.922
1420.984	2325.100
1422.561	2325.542
1424.138	2325.100
1425.714	2325.395
1427.291	2324.658
1428.867	2324.953
1430.443	2325.837
1432.019	2322.743
1433.595	2322.006
1435.170	2321.564
1436.746	2321.417
1438.321	2325.248
1439.897	2324.658
1441.472	2329.374
1443.047	2328.342
1444.622	2331.142
1446.197	2329.226
1447.771	2331.731
1449.346	2327.605
1450.920	2327.605
1452.494	2321.711
1454.068	2323.627
1455.642	2319.796
1457.216	2321.711
1458.790	2317.143
1460.364	2320.680
1461.937	2320.385
1463.510	2321.711
1465.084	2320.827
1466.657	2326.869
1468.230	2324.069
1469.803	2330.258
1471.375	2325.100
1472.948	2327.605
1474.520	2325.542
1476.093	2325.690
1477.665	2319.059
1479.237	2322.301
1480.809	2318.027
1482.381	2322.006
1483.952	2318.175
1485.524	2321.269
1487.095	2320.090
1488.667	2324.658
1490.238	2323.774
1491.809	2324.658
1493.380	2321.564
1494.951	2325.100
1496.522	2322.301
1498.092	2326.427
1499.663	2321.564
1501.233	2319.943
1502.803	2318.764
1504.374	2322.153
1505.944	2319.354
1507.514	2321.859
1509.083	2316.849
1510.653	2320.680
1512.223	2322.448
1513.792	2323.037
1515.361	2321.859
1516.930	2322.595
1518.500	2322.743
1520.069	2325.248
1521.637	2321.417
1523.206	2323.627
1524.775	2322.153
1526.343	2322.595
1527.912	2320.680
1529.480	2320.680
1531.048	2320.090
1532.616	2323.185
1534.184	2319.796
1535.752	2322.301
1537.320	2321.564
1538.887	2324.806
1540.455	2323.922
1542.022	2326.132
1543.589	2322.890
1545.157	2327.163
1546.724	2323.479
1548.291	2325.248
1549.857	2321.564
1551.424	2324.364
1552.991	2322.743
1554.557	2329.521
1556.124	2323.922
1557.690	2327.163
1559.256	2325.395
1560.822	2328.490
1562.388	2325.100
1563.954	2329.079
1565.520	2323.774
1567.086	2325.542
1568.651	2323.627
1570.217	2322.448
1571.782	2319.796
1573.347	2320.974
1574.912	2316.406
1576.477	2317.143
1578.042	2318.027
1579.607	2321.122
1581.172	2322.448
1582.737	2324.953
1584.301	2324.658
1585.866	2326.721
1587.430	2325.690
1588.994	2327.163
1590.558	2324.953
1592.122	2325.690
1593.686	2321.417
1595.250	2322.890
1596.814	2318.469
1598.377	2320.532
1599.941	2317.438
1601.504	2319.648
1603.068	2316.849
1604.631	2319.943
1606.194	2316.701
1607.757	2320.238
1609.320	2319.206
1610.883	2323.479
1612.446	2322.743
1614.008	2328.490
1615.571	2325.690
1617.133	2329.079
1618.696	2326.132
1620.258	2329.374
1621.820	2325.837
1623.382	2325.690
1624.944	2320.532
1626.506	2324.364
1628.068	2321.564
1629.630	2323.922
1631.192	2321.269
1632.753	2323.332
1634.315	2322.448
1635.876	2325.542
1637.437	2322.890
1638.998	2323.922
1640.559	2322.301
1642.121	2322.448
1643.681	2318.175
1645.242	2320.090
1646.803	2317.880
1648.364	2320.974
1649.924	2319.648
1651.485	2321.269
1653.045	2320.385
1654.605	2324.364
1656.166	2320.385
1657.726	2322.890
1659.286	2319.943
1660.846	2323.774
1662.406	2323.922
1663.966	2325.542
1665.525	2323.185
1667.085	2323.332
1668.644	2320.680
1670.204	2321.711
1671.763	2316.849
1673.323	2317.143
1674.882	2314.196
1676.441	2315.964
1678.000	2315.670
1679.559	2316.996
1681.118	2316.112
1682.677	2320.385
1684.236	2317.291
1685.794	2318.175
1687.353	2316.259
1688.911	2317.438
1690.470	2315.670
1692.028	2317.438
1693.586	2315.228
1695.145	2318.175
1696.703	2316.701
1698.261	2316.849
1699.819	2315.964
1701.377	2317.438
1702.934	2312.723
1704.492	2314.344
1706.050	2312.870
1707.607	2318.322
1709.165	2330.110
1710.722	2314.638
1712.280	2343.520
