899.343	2336.299
900.982	2352.803
902.621	2356.929
904.260	2349.709
905.898	2350.298
907.536	2350.887
909.174	2348.382
910.812	2350.445
912.449	2350.593
914.087	2350.740
915.724	2349.414
917.360	2350.151
918.997	2350.445
920.633	2351.035
922.269	2351.182
923.905	2354.129
925.540	2355.013
927.175	2355.013
928.810	2356.487
930.445	2356.192
932.079	2358.550
933.714	2356.487
935.348	2353.540
936.981	2351.771
938.615	2354.571
940.248	2353.098
941.881	2354.276
943.514	2351.477
945.147	2350.298
946.779	2350.298
948.411	2350.298
950.043	2346.909
951.675	2346.614
953.306	2344.846
954.937	2347.498
956.568	2348.677
958.199	2348.972
959.829	2349.119
961.460	2351.035
963.090	2348.088
964.719	2349.414
966.349	2346.172
967.978	2348.530
969.607	2348.382
971.236	2349.561
972.865	2345.435
974.493	2348.088
976.121	2344.551
977.749	2346.467
979.377	2345.583
981.004	2344.698
982.631	2341.457
984.258	2344.256
985.885	2344.256
987.511	2343.814
989.138	2341.899
990.764	2337.625
992.390	2336.594
994.015	2337.036
995.641	2337.331
997.266	2337.331
998.891	2339.541
1000.515	2340.278
1002.140	2341.162
1003.764	2341.604
1005.388	2342.341
1007.012	2340.278
1008.635	2338.952
1010.259	2338.657
1011.882	2338.362
1013.505	2341.015
1015.127	2338.362
1016.750	2339.541
1018.372	2337.478
1019.994	2338.804
1021.616	2335.415
1023.237	2335.857
1024.859	2332.615
1026.480	2334.089
1028.101	2332.173
1029.721	2334.531
1031.342	2333.942
1032.962	2336.889
1034.582	2337.478
1036.202	2338.804
1037.821	2339.688
1039.441	2341.604
1041.060	2340.425
1042.679	2341.899
1044.297	2339.394
1045.916	2341.015
1047.534	2338.510
1049.152	2337.183
1050.770	2334.384
1052.388	2334.384
1054.005	2332.615
1055.622	2333.647
1057.239	2329.816
1058.856	2333.647
1060.472	2334.531
1062.089	2336.447
1063.705	2337.773
1065.321	2336.889
1066.936	2337.183
1068.552	2337.625
1070.167	2333.352
1071.782	2333.794
1073.397	2331.142
1075.012	2329.963
1076.626	2329.963
1078.240	2329.226
1079.854	2329.668
1081.468	2332.763
1083.082	2332.321
1084.695	2334.384
1086.308	2335.268
1087.921	2336.741
1089.534	2336.889
1091.146	2336.594
1092.759	2334.678
1094.371	2335.710
1095.983	2332.468
1097.594	2335.268
1099.206	2333.352
1100.817	2333.647
1102.428	2333.057
1104.039	2333.942
1105.650	2332.763
1107.260	2336.594
1108.871	2336.005
1110.481	2338.657
1112.091	2339.541
1113.700	2341.899
1115.310	2341.457
1116.919	2342.341
1118.528	2343.667
1120.137	2340.720
1121.746	2340.867
1123.354	2338.215
1124.962	2335.268
1126.570	2335.710
1128.178	2334.531
1129.786	2331.879
1131.393	2331.879
1133.001	2329.963
1134.608	2331.731
1136.215	2334.089
1137.821	2334.826
1139.428	2337.625
1141.034	2334.531
1142.640	2336.299
1144.246	2334.531
1145.852	2336.594
1147.457	2334.826
1149.062	2335.268
1150.667	2333.352
1152.272	2336.741
1153.877	2334.236
1155.482	2335.563
1157.086	2333.352
1158.690	2334.531
1160.294	2332.910
1161.898	2333.647
1163.501	2332.763
1165.105	2336.594
1166.708	2334.973
1168.311	2335.857
1169.914	2332.321
1171.516	2333.352
1173.118	2329.668
1174.721	2331.584
1176.323	2327.605
1177.925	2330.258
1179.526	2326.721
1181.128	2330.405
1182.729	2330.405
1184.330	2332.615
1185.931	2330.110
1187.532	2330.405
1189.132	2329.668
1190.732	2331.142
1192.333	2329.816
1193.933	2328.195
1195.532	2329.374
1197.132	2329.226
1198.731	2328.637
1200.331	2328.342
1201.930	2328.637
1203.528	2330.552
1205.127	2328.637
1206.726	2327.458
1208.324	2327.753
1209.922	2329.963
1211.520	2329.668
1213.118	2330.258
1214.715	2324.658
1216.313	2328.195
1217.910	2325.690
1219.507	2325.542
1221.104	2320.532
1222.700	2320.090
1224.297	2317.733
1225.893	2320.827
1227.489	2319.354
1229.085	2322.301
1230.681	2321.711
1232.277	2325.837
1233.872	2325.837
1235.467	2328.195
1237.063	2327.311
1238.657	2327.458
1240.252	2328.047
1241.847	2328.342
1243.441	2328.195
1245.035	2327.900
1246.629	2328.195
1248.223	2328.047
1249.817	2328.047
1251.410	2326.427
1253.004	2327.016
1254.597	2327.605
1256.190	2327.753
1257.783	2328.047
1259.375	2329.668
1260.968	2330.995
1262.560	2328.047
1264.152	2331.437
1265.744	2329.668
1267.336	2330.995
1268.927	2323.774
1270.519	2320.827
1272.110	2318.764
1273.701	2320.974
1275.292	2318.322
1276.883	2319.206
1278.474	2317.880
1280.064	2325.100
1281.654	2326.427
1283.244	2327.605
1284.834	2327.900
1286.424	2327.458
1288.014	2326.279
1289.603	2327.900
1291.192	2324.364
1292.782	2327.900
1294.371	2323.922
1295.959	2323.627
1297.548	2321.122
1299.136	2320.680
1300.725	2318.469
1302.313	2321.564
1303.901	2318.764
1305.489	2324.069
1307.076	2322.153
1308.664	2324.806
1310.251	2325.395
1311.838	2328.195
1313.425	2327.016
1315.012	2327.900
1316.599	2327.458
1318.185	2328.342
1319.772	2327.016
1321.358	2327.163
1322.944	2322.595
1324.530	2323.185
1326.116	2321.269
1327.701	2320.680
1329.287	2323.037
1330.872	2323.774
1332.457	2322.890
1334.042	2326.721
1335.627	2326.279
1337.211	2329.668
1338.796	2327.753
1340.380	2327.016
1341.964	2327.163
1343.548	2327.753
1345.132	2327.458
1346.716	2327.016
1348.299	2326.721
1349.883	2327.016
1351.466	2325.690
1353.049	2326.721
1354.632	2325.984
1356.215	2325.248
1357.798	2325.984
1359.380	2324.806
1360.963	2324.806
1362.545	2329.079
1364.127	2328.047
1365.709	2331.142
1367.290	2329.963
1368.872	2329.521
1370.454	2326.574
1372.035	2327.311
1373.616	2323.185
1375.197	2323.479
1376.778	2320.385
1378.359	2323.627
1379.939	2322.595
1381.520	2325.248
1383.100	2323.627
1384.680	2326.427
1386.260	2324.658
1387.840	2327.163
1389.420	2323.037
1390.999	2327.458
1392.579	2324.806
1394.158	2327.311
1395.737	2323.627
1397.316	2327.458
1398.895	2323.627
1400.474	2328.342
1402.052	2323.185
1403.631	2326.132
1405.209	2323.332
1406.787	2325.984
1408.365	2320.974
1409.943	2323.774
1411.521	2321.564
1413.098	2325.395
1414.676	2324.364
1416.253	2325.542
1417.830	2324.364
1419.407	2325.837
1420.984	2327.016
1422.561	2326.869
1424.138	2324.658
1425.714	2325.395
1427.291	2324.364
1428.867	2326.132
1430.443	2326.721
1432.019	2324.364
1433.595	2321.859
1435.170	2322.301
1436.746	2322.006
1438.321	2324.953
1439.897	2324.658
1441.472	2325.984
1443.047	2327.311
1444.622	2328.195
1446.197	2329.374
1447.771	2328.342
1449.346	2326.721
1450.920	2325.984
1452.494	2322.743
1454.068	2323.479
1455.642	2323.185
1457.216	2321.564
1458.790	2321.417
1460.364	2322.743
1461.937	2320.974
1463.510	2321.269
1465.084	2320.974
1466.657	2323.332
1468.230	2323.774
1469.803	2324.953
1471.375	2322.301
1472.948	2323.627
1474.520	2324.364
1476.093	2324.806
1477.665	2322.890
1479.237	2323.037
1480.809	2322.153
1482.381	2324.216
1483.952	2323.922
1485.524	2325.395
1487.095	2321.564
1488.667	2323.479
1490.238	2323.037
1491.809	2322.595
1493.380	2322.448
1494.951	2321.711
1496.522	2321.859
1498.092	2324.806
1499.663	2321.269
1501.233	2321.564
1502.803	2322.301
1504.374	2322.743
1505.944	2322.743
1507.514	2322.448
1509.083	2320.680
1510.653	2323.922
1512.223	2324.511
1513.792	2324.806
1515.361	2322.153
1516.930	2322.890
1518.500	2322.301
1520.069	2321.711
1521.637	2319.943
1523.206	2320.680
1524.775	2320.385
1526.343	2323.774
1527.912	2323.627
1529.480	2325.100
1531.048	2325.837
1532.616	2327.605
1534.184	2325.837
1535.752	2328.195
1537.320	2326.132
1538.887	2326.427
1540.455	2325.248
1542.022	2327.753
1543.589	2325.690
1545.157	2325.100
1546.724	2320.827
1548.291	2320.680
1549.857	2320.680
1551.424	2322.890
1552.991	2320.680
1554.557	2324.658
1556.124	2323.627
1557.690	2326.132
1559.256	2326.279
1560.822	2327.753
1562.388	2325.542
1563.954	2327.016
1565.520	2324.658
1567.086	2326.427
1568.651	2324.658
1570.217	2324.364
1571.782	2320.827
1573.347	2321.122
1574.912	2319.943
1576.477	2319.648
1578.042	2319.796
1579.607	2322.595
1581.172	2323.332
1582.737	2326.132
1584.301	2325.248
1585.866	2326.279
1587.430	2323.185
1588.994	2325.542
1590.558	2322.743
1592.122	2323.627
1593.686	2320.827
1595.250	2321.564
1596.814	2319.648
1598.377	2323.332
1599.941	2320.090
1601.504	2322.448
1603.068	2318.322
1604.631	2320.532
1606.194	2319.648
1607.757	2320.974
1609.320	2318.469
1610.883	2323.479
1612.446	2322.301
1614.008	2328.342
1615.571	2325.100
1617.133	2327.458
1618.696	2324.953
1620.258	2327.753
1621.820	2323.037
1623.382	2322.743
1624.944	2318.322
1626.506	2322.006
1628.068	2319.648
1629.630	2322.743
1631.192	2321.269
1632.753	2322.890
1634.315	2322.006
1635.876	2325.837
1637.437	2321.711
1638.998	2323.774
1640.559	2319.943
1642.121	2322.890
1643.681	2318.469
1645.242	2319.059
1646.803	2316.996
1648.364	2321.564
1649.924	2318.764
1651.485	2322.743
1653.045	2319.354
1654.605	2322.890
1656.166	2322.006
1657.726	2321.711
1659.286	2317.291
1660.846	2319.206
1662.406	2317.733
1663.966	2318.764
1665.525	2315.522
1667.085	2317.585
1668.644	2314.933
1670.204	2318.911
1671.763	2316.259
1673.323	2317.880
1674.882	2316.996
1676.441	2320.974
1678.000	2319.059
1679.559	2322.743
1681.118	2320.532
1682.677	2324.069
1684.236	2321.269
1685.794	2323.185
1687.353	2319.648
1688.911	2321.417
1690.470	2319.059
1692.028	2324.216
1693.586	2319.796
1695.145	2322.890
1696.703	2320.974
1698.261	2323.185
1699.819	2320.680
1701.377	2321.269
1702.934	2315.080
1704.492	2318.911
1706.050	2315.964
1707.607	2318.617
1709.165	2328.047
1710.722	2310.512
1712.280	2336.299
