899.343	2333.205
900.982	2339.394
902.621	2352.803
904.260	2344.698
905.898	2345.583
907.536	2347.203
909.174	2346.025
910.812	2345.435
912.449	2348.235
914.087	2349.266
915.724	2348.824
917.360	2352.361
918.997	2352.066
920.633	2352.508
922.269	2353.540
923.905	2355.455
925.540	2355.161
927.175	2355.308
928.810	2353.540
930.445	2354.276
932.079	2355.455
933.714	2353.834
935.348	2349.709
936.981	2350.887
938.615	2352.066
940.248	2353.098
941.881	2355.013
943.514	2352.656
945.147	2352.361
946.779	2351.182
948.411	2349.709
950.043	2347.203
951.675	2344.846
953.306	2342.488
954.937	2344.993
956.568	2345.583
958.199	2346.172
959.829	2346.172
961.460	2347.793
963.090	2347.056
964.719	2345.877
966.349	2343.667
967.978	2345.141
969.607	2344.846
971.236	2345.435
972.865	2341.162
974.493	2341.015
976.121	2339.688
977.749	2340.130
979.377	2340.573
981.004	2339.983
982.631	2336.741
984.258	2339.394
985.885	2340.720
987.511	2341.604
989.138	2339.394
990.764	2338.068
992.390	2336.005
994.015	2340.867
995.641	2338.952
997.266	2339.983
998.891	2339.983
1000.515	2340.720
1002.140	2338.952
1003.764	2339.983
1005.388	2337.036
1007.012	2338.510
1008.635	2334.384
1010.259	2333.647
1011.882	2334.384
1013.505	2337.331
1015.127	2336.889
1016.750	2336.447
1018.372	2338.362
1019.994	2338.657
1021.616	2339.541
1023.237	2337.920
1024.859	2337.331
1026.480	2337.331
1028.101	2337.331
1029.721	2335.563
1031.342	2337.773
1032.962	2338.657
1034.582	2341.457
1036.202	2339.836
1037.821	2340.867
1039.441	2342.783
1041.060	2342.636
1042.679	2341.751
1044.297	2339.541
1045.916	2341.899
1047.534	2339.541
1049.152	2339.099
1050.770	2335.710
1052.388	2334.236
1054.005	2333.352
1055.622	2334.089
1057.239	2329.668
1058.856	2334.089
1060.472	2333.942
1062.089	2335.710
1063.705	2336.889
1065.321	2339.246
1066.936	2338.215
1068.552	2339.983
1070.167	2335.415
1071.782	2337.625
1073.397	2334.973
1075.012	2336.594
1076.626	2334.089
1078.240	2336.594
1079.854	2335.120
1081.468	2337.625
1083.082	2336.152
1084.695	2338.804
1086.308	2336.447
1087.921	2337.625
1089.534	2336.594
1091.146	2336.152
1092.759	2337.331
1094.371	2336.741
1095.983	2334.384
1097.594	2338.657
1099.206	2336.299
1100.817	2337.478
1102.428	2336.152
1104.039	2334.678
1105.650	2335.415
1107.260	2337.773
1108.871	2336.152
1110.481	2338.804
1112.091	2336.889
1113.700	2338.804
1115.310	2339.394
1116.919	2340.720
1118.528	2340.720
1120.137	2338.362
1121.746	2340.425
1123.354	2338.068
1124.962	2338.657
1126.570	2335.857
1128.178	2333.942
1129.786	2333.794
1131.393	2333.647
1133.001	2330.847
1134.608	2332.173
1136.215	2331.731
1137.821	2333.057
1139.428	2334.531
1141.034	2332.468
1142.640	2335.563
1144.246	2334.384
1145.852	2336.447
1147.457	2334.384
1149.062	2336.152
1150.667	2333.205
1152.272	2335.268
1153.877	2330.552
1155.482	2331.142
1157.086	2330.110
1158.690	2332.173
1160.294	2329.521
1161.898	2332.468
1163.501	2331.437
1165.105	2333.352
1166.708	2334.236
1168.311	2335.268
1169.914	2333.500
1171.516	2335.268
1173.118	2331.879
1174.721	2331.437
1176.323	2329.668
1177.925	2328.342
1179.526	2324.511
1181.128	2327.016
1182.729	2327.311
1184.330	2328.342
1185.931	2328.342
1187.532	2330.110
1189.132	2330.258
1190.732	2333.352
1192.333	2329.816
1193.933	2329.963
1195.532	2332.026
1197.132	2330.405
1198.731	2330.995
1200.331	2329.668
1201.930	2329.079
1203.528	2333.352
1205.127	2330.995
1206.726	2329.816
1208.324	2330.552
1209.922	2330.552
1211.520	2331.289
1213.118	2331.879
1214.715	2327.753
1216.313	2330.258
1217.910	2327.900
1219.507	2329.226
1221.104	2324.216
1222.700	2326.869
1224.297	2323.332
1225.893	2324.216
1227.489	2322.890
1229.085	2325.690
1230.681	2325.248
1232.277	2329.521
1233.872	2326.574
1235.467	2329.374
1237.063	2329.816
1238.657	2330.847
1240.252	2329.816
1241.847	2332.763
1243.441	2330.700
1245.035	2333.942
1246.629	2331.142
1248.223	2332.026
1249.817	2329.374
1251.410	2329.668
1253.004	2326.574
1254.597	2328.784
1256.190	2325.395
1257.783	2328.637
1259.375	2327.163
1260.968	2329.521
1262.560	2325.984
1264.152	2330.110
1265.744	2326.427
1267.336	2330.405
1268.927	2322.743
1270.519	2322.890
1272.110	2319.059
1273.701	2322.595
1275.292	2317.880
1276.883	2322.301
1278.474	2317.585
1280.064	2325.395
1281.654	2324.511
1283.244	2330.110
1284.834	2328.784
1286.424	2329.816
1288.014	2329.079
1289.603	2330.552
1291.192	2328.932
1292.782	2330.405
1294.371	2327.016
1295.959	2325.984
1297.548	2323.922
1299.136	2323.922
1300.725	2324.953
1302.313	2326.721
1303.901	2325.248
1305.489	2327.900
1307.076	2328.047
1308.664	2330.405
1310.251	2329.963
1311.838	2331.731
1313.425	2328.784
1315.012	2331.437
1316.599	2327.753
1318.185	2332.026
1319.772	2328.195
1321.358	2328.637
1322.944	2324.364
1324.530	2327.753
1326.116	2324.806
1327.701	2326.721
1329.287	2323.185
1330.872	2326.427
1332.457	2325.837
1334.042	2328.784
1335.627	2327.016
1337.211	2331.731
1338.796	2328.047
1340.380	2331.437
1341.964	2327.900
1343.548	2329.226
1345.132	2325.690
1346.716	2325.984
1348.299	2322.890
1349.883	2327.163
1351.466	2323.922
1353.049	2327.311
1354.632	2323.922
1356.215	2326.721
1357.798	2327.163
1359.380	2327.900
1360.963	2325.837
1362.545	2327.605
1364.127	2328.784
1365.709	2329.668
1367.290	2329.521
1368.872	2328.637
1370.454	2325.984
1372.035	2327.753
1373.616	2326.132
1375.197	2325.542
1376.778	2325.100
1378.359	2327.016
1379.939	2326.132
1381.520	2329.226
1383.100	2328.047
1384.680	2329.374
1386.260	2329.079
1387.840	2329.226
1389.420	2327.605
1390.999	2328.490
1392.579	2326.574
1394.158	2324.806
1395.737	2321.859
1397.316	2322.153
1398.895	2322.006
1400.474	2322.743
1402.052	2321.417
1403.631	2323.185
1405.209	2324.069
1406.787	2326.869
1408.365	2323.922
1409.943	2324.511
1411.521	2322.595
1413.098	2322.595
1414.676	2321.711
1416.253	2322.006
1417.830	2318.027
1419.407	2320.827
1420.984	2320.680
1422.561	2322.595
1424.138	2322.595
1425.714	2322.595
1427.291	2322.448
1428.867	2327.163
1430.443	2325.542
1432.019	2325.100
1433.595	2320.974
1435.170	2324.658
1436.746	2321.417
1438.321	2325.248
1439.897	2321.711
1441.472	2325.100
1443.047	2325.837
1444.622	2329.816
1446.197	2325.984
1447.771	2328.490
1449.346	2324.658
1450.920	2327.605
1452.494	2323.627
1454.068	2325.395
1455.642	2323.627
1457.216	2324.511
1458.790	2323.922
1460.364	2325.395
1461.937	2323.185
1463.510	2323.185
1465.084	2319.501
1466.657	2322.153
1468.230	2322.301
1469.803	2323.479
1471.375	2321.122
1472.948	2322.448
1474.520	2324.364
1476.093	2329.079
1477.665	2325.395
1479.237	2325.984
1480.809	2328.047
1482.381	2329.521
1483.952	2329.079
1485.524	2328.490
1487.095	2322.743
1488.667	2325.837
1490.238	2324.216
1491.809	2322.890
1493.380	2323.037
1494.951	2323.922
1496.522	2323.479
1498.092	2328.932
1499.663	2326.132
1501.233	2327.458
1502.803	2326.279
1504.374	2327.753
1505.944	2326.574
1507.514	2327.458
1509.083	2322.890
1510.653	2323.185
1512.223	2324.511
1513.792	2323.332
1515.361	2321.859
1516.930	2323.332
1518.500	2323.332
1520.069	2325.690
1521.637	2324.953
1523.206	2326.279
1524.775	2328.342
1526.343	2329.963
1527.912	2328.342
1529.480	2328.047
1531.048	2329.079
1532.616	2328.490
1534.184	2325.837
1535.752	2325.100
1537.320	2323.185
1538.887	2323.185
1540.455	2321.269
1542.022	2323.037
1543.589	2324.364
1545.157	2324.364
1546.724	2322.448
1548.291	2322.890
1549.857	2322.890
1551.424	2326.869
1552.991	2323.922
1554.557	2326.721
1556.124	2327.311
1557.690	2328.342
1559.256	2330.110
1560.822	2329.079
1562.388	2326.574
1563.954	2328.784
1565.520	2324.364
1567.086	2326.132
1568.651	2323.479
1570.217	2322.153
1571.782	2322.006
1573.347	2323.185
1574.912	2321.859
1576.477	2323.037
1578.042	2320.680
1579.607	2326.279
1581.172	2323.922
1582.737	2327.753
1584.301	2323.627
1585.866	2323.922
1587.430	2321.269
1588.994	2320.974
1590.558	2319.206
1592.122	2321.417
1593.686	2317.291
1595.250	2320.680
1596.814	2318.027
1598.377	2322.743
1599.941	2322.743
1601.504	2324.658
1603.068	2322.448
1604.631	2324.364
1606.194	2321.711
1607.757	2324.658
1609.320	2322.006
1610.883	2323.479
1612.446	2321.564
1614.008	2324.069
1615.571	2321.859
1617.133	2325.100
1618.696	2323.774
1620.258	2326.427
1621.820	2324.953
1623.382	2325.542
1624.944	2324.364
1626.506	2327.311
1628.068	2326.132
1629.630	2326.869
1631.192	2323.627
1632.753	2326.574
1634.315	2324.069
1635.876	2325.984
1637.437	2321.564
1638.998	2320.974
1640.559	2317.880
1642.121	2321.859
1643.681	2317.585
1645.242	2318.764
1646.803	2317.880
1648.364	2322.448
1649.924	2323.479
1651.485	2327.163
1653.045	2324.511
1654.605	2324.806
1656.166	2325.395
1657.726	2323.332
1659.286	2322.006
1660.846	2321.269
1662.406	2320.385
1663.966	2321.564
1665.525	2321.564
1667.085	2321.269
1668.644	2321.564
1670.204	2322.448
1671.763	2320.680
1673.323	2321.269
1674.882	2320.532
1676.441	2322.153
1678.000	2318.764
1679.559	2322.743
1681.118	2318.469
1682.677	2323.332
1684.236	2318.617
1685.794	2318.617
1687.353	2315.670
1688.911	2319.206
1690.470	2316.701
1692.028	2321.711
1693.586	2317.438
1695.145	2321.859
1696.703	2321.122
1698.261	2322.890
1699.819	2319.354
1701.377	2318.617
1702.934	2314.638
1704.492	2315.817
1706.050	2312.575
1707.607	2316.112
1709.165	2318.764
1710.722	2306.386
1712.280	2340.425
