899.343	2351.771
900.982	2335.268
902.621	2357.960
904.260	2348.235
905.898	2345.730
907.536	2349.266
909.174	2348.088
910.812	2348.972
912.449	2350.887
914.087	2350.151
915.724	2350.151
917.360	2351.329
918.997	2349.266
920.633	2349.414
922.269	2349.561
923.905	2350.887
925.540	2350.887
927.175	2349.856
928.810	2351.771
930.445	2353.098
932.079	2353.245
933.714	2352.656
935.348	2349.856
936.981	2350.593
938.615	2350.740
940.248	2351.624
941.881	2350.298
943.514	2349.709
945.147	2346.909
946.779	2346.467
948.411	2344.846
950.043	2343.814
951.675	2341.457
953.306	2342.488
954.937	2342.488
956.568	2344.404
958.199	2344.846
959.829	2345.435
961.460	2346.761
963.090	2344.846
964.719	2345.435
966.349	2342.783
967.978	2345.141
969.607	2344.551
971.236	2344.551
972.865	2341.015
974.493	2341.309
976.121	2338.068
977.749	2340.130
979.377	2339.541
981.004	2338.362
982.631	2335.268
984.258	2339.099
985.885	2339.541
987.511	2340.573
989.138	2337.920
990.764	2334.384
992.390	2336.152
994.015	2337.331
995.641	2337.036
997.266	2337.331
998.891	2338.657
1000.515	2339.836
1002.140	2340.425
1003.764	2339.394
1005.388	2339.394
1007.012	2336.741
1008.635	2334.973
1010.259	2332.763
1011.882	2332.763
1013.505	2334.236
1015.127	2333.057
1016.750	2334.089
1018.372	2332.763
1019.994	2332.468
1021.616	2331.731
1023.237	2331.584
1024.859	2330.110
1026.480	2329.521
1028.101	2328.342
1029.721	2330.995
1031.342	2333.057
1032.962	2334.826
1034.582	2336.005
1036.202	2336.889
1037.821	2337.478
1039.441	2338.952
1041.060	2337.036
1042.679	2336.741
1044.297	2334.678
1045.916	2336.005
1047.534	2333.647
1049.152	2334.678
1050.770	2332.321
1052.388	2333.794
1054.005	2333.057
1055.622	2333.205
1057.239	2329.816
1058.856	2332.763
1060.472	2332.173
1062.089	2334.531
1063.705	2334.531
1065.321	2334.826
1066.936	2332.910
1068.552	2337.478
1070.167	2333.205
1071.782	2335.563
1073.397	2332.468
1075.012	2332.173
1076.626	2330.700
1078.240	2332.321
1079.854	2328.784
1081.468	2332.910
1083.082	2329.816
1084.695	2331.584
1086.308	2331.731
1087.921	2333.647
1089.534	2334.089
1091.146	2333.647
1092.759	2332.173
1094.371	2331.584
1095.983	2329.816
1097.594	2330.552
1099.206	2328.932
1100.817	2328.195
1102.428	2327.900
1104.039	2327.753
1105.650	2327.753
1107.260	2329.374
1108.871	2330.258
1110.481	2332.468
1112.091	2333.794
1113.700	2335.120
1115.310	2334.973
1116.919	2339.246
1118.528	2338.362
1120.137	2337.036
1121.746	2335.268
1123.354	2334.384
1124.962	2333.205
1126.570	2332.468
1128.178	2328.490
1129.786	2330.110
1131.393	2329.374
1133.001	2329.521
1134.608	2329.521
1136.215	2331.731
1137.821	2333.942
1139.428	2335.857
1141.034	2333.205
1142.640	2335.710
1144.246	2333.942
1145.852	2336.299
1147.457	2332.910
1149.062	2332.468
1150.667	2331.437
1152.272	2333.057
1153.877	2329.521
1155.482	2331.437
1157.086	2329.079
1158.690	2331.437
1160.294	2330.700
1161.898	2332.763
1163.501	2332.615
1165.105	2334.973
1166.708	2334.973
1168.311	2335.415
1169.914	2332.615
1171.516	2332.763
1173.118	2329.816
1174.721	2330.405
1176.323	2327.753
1177.925	2327.900
1179.526	2326.279
1181.128	2328.637
1182.729	2327.753
1184.330	2328.490
1185.931	2328.342
1187.532	2329.816
1189.132	2329.079
1190.732	2333.057
1192.333	2329.374
1193.933	2331.437
1195.532	2329.374
1197.132	2330.552
1198.731	2327.458
1200.331	2327.458
1201.930	2324.364
1203.528	2328.932
1205.127	2324.658
1206.726	2327.163
1208.324	2324.806
1209.922	2328.490
1211.520	2327.605
1213.118	2327.016
1214.715	2323.332
1216.313	2327.900
1217.910	2324.364
1219.507	2325.542
1221.104	2321.269
1222.700	2321.269
1224.297	2319.796
1225.893	2321.122
1227.489	2319.059
1229.085	2321.564
1230.681	2319.648
1232.277	2323.332
1233.872	2323.627
1235.467	2325.542
1237.063	2324.953
1238.657	2324.069
1240.252	2323.774
1241.847	2327.016
1243.441	2323.922
1245.035	2324.216
1246.629	2322.153
1248.223	2321.711
1249.817	2321.859
1251.410	2322.890
1253.004	2320.385
1254.597	2323.627
1256.190	2323.922
1257.783	2328.047
1259.375	2328.932
1260.968	2330.552
1262.560	2327.163
1264.152	2329.226
1265.744	2326.132
1267.336	2329.079
1268.927	2320.385
1270.519	2319.354
1272.110	2315.375
1273.701	2316.701
1275.292	2313.901
1276.883	2316.112
1278.474	2312.133
1280.064	2319.943
1281.654	2319.796
1283.244	2323.922
1284.834	2324.511
1286.424	2326.132
1288.014	2324.953
1289.603	2326.279
1291.192	2325.395
1292.782	2326.279
1294.371	2325.100
1295.959	2323.479
1297.548	2321.564
1299.136	2321.269
1300.725	2321.122
1302.313	2321.122
1303.901	2320.680
1305.489	2322.301
1307.076	2322.743
1308.664	2325.248
1310.251	2326.279
1311.838	2326.869
1313.425	2325.984
1315.012	2325.395
1316.599	2324.806
1318.185	2325.395
1319.772	2324.069
1321.358	2324.953
1322.944	2321.711
1324.530	2323.185
1326.116	2323.774
1327.701	2323.037
1329.287	2323.185
1330.872	2322.595
1332.457	2321.859
1334.042	2324.658
1335.627	2322.890
1337.211	2325.984
1338.796	2323.774
1340.380	2324.806
1341.964	2322.890
1343.548	2323.185
1345.132	2320.090
1346.716	2322.006
1348.299	2319.943
1349.883	2321.417
1351.466	2320.090
1353.049	2322.890
1354.632	2320.238
1356.215	2322.595
1357.798	2320.827
1359.380	2321.711
1360.963	2320.238
1362.545	2324.216
1364.127	2321.711
1365.709	2325.837
1367.290	2322.890
1368.872	2325.984
1370.454	2322.153
1372.035	2324.069
1373.616	2319.059
1375.197	2321.711
1376.778	2318.911
1378.359	2323.479
1379.939	2319.648
1381.520	2323.185
1383.100	2321.859
1384.680	2324.806
1386.260	2323.922
1387.840	2326.869
1389.420	2322.595
1390.999	2325.984
1392.579	2322.743
1394.158	2325.542
1395.737	2322.743
1397.316	2323.332
1398.895	2318.911
1400.474	2322.595
1402.052	2319.501
1403.631	2323.922
1405.209	2320.385
1406.787	2323.185
1408.365	2320.680
1409.943	2323.922
1411.521	2321.564
1413.098	2322.006
1414.676	2321.564
1416.253	2321.711
1417.830	2320.385
1419.407	2321.417
1420.984	2321.564
1422.561	2323.185
1424.138	2322.743
1425.714	2322.595
1427.291	2322.595
1428.867	2324.364
1430.443	2325.100
1432.019	2323.774
1433.595	2322.448
1435.170	2323.774
1436.746	2321.564
1438.321	2325.395
1439.897	2322.448
1441.472	2326.427
1443.047	2325.395
1444.622	2329.521
1446.197	2327.458
1447.771	2329.374
1449.346	2326.574
1450.920	2329.816
1452.494	2325.395
1454.068	2327.458
1455.642	2323.037
1457.216	2325.542
1458.790	2323.185
1460.364	2324.806
1461.937	2321.122
1463.510	2322.595
1465.084	2319.354
1466.657	2322.153
1468.230	2319.796
1469.803	2323.185
1471.375	2318.764
1472.948	2322.890
1474.520	2320.532
1476.093	2324.511
1477.665	2322.153
1479.237	2324.216
1480.809	2321.859
1482.381	2325.542
1483.952	2323.185
1485.524	2324.511
1487.095	2320.238
1488.667	2322.890
1490.238	2321.269
1491.809	2321.417
1493.380	2318.322
1494.951	2319.206
1496.522	2317.733
1498.092	2323.037
1499.663	2319.354
1501.233	2319.943
1502.803	2318.911
1504.374	2322.301
1505.944	2319.943
1507.514	2321.859
1509.083	2318.027
1510.653	2320.238
1512.223	2320.532
1513.792	2320.385
1515.361	2320.385
1516.930	2319.796
1518.500	2320.385
1520.069	2319.206
1521.637	2319.059
1523.206	2320.385
1524.775	2320.680
1526.343	2320.238
1527.912	2321.269
1529.480	2320.680
1531.048	2322.153
1532.616	2321.711
1534.184	2320.385
1535.752	2322.006
1537.320	2320.238
1538.887	2323.922
1540.455	2320.827
1542.022	2324.806
1543.589	2321.711
1545.157	2323.185
1546.724	2320.974
1548.291	2322.153
1549.857	2318.764
1551.424	2323.332
1552.991	2319.648
1554.557	2325.837
1556.124	2322.448
1557.690	2324.511
1559.256	2323.037
1560.822	2325.100
1562.388	2321.417
1563.954	2323.332
1565.520	2316.996
1567.086	2319.648
1568.651	2314.638
1570.217	2315.817
1571.782	2312.428
1573.347	2315.228
1574.912	2312.575
1576.477	2315.228
1578.042	2314.638
1579.607	2320.385
1581.172	2321.417
1582.737	2324.364
1584.301	2320.827
1585.866	2323.332
1587.430	2320.090
1588.994	2321.859
1590.558	2319.648
1592.122	2318.764
1593.686	2316.701
1595.250	2319.943
1596.814	2317.438
1598.377	2321.122
1599.941	2318.322
1601.504	2321.122
1603.068	2318.617
1604.631	2320.090
1606.194	2317.585
1607.757	2318.469
1609.320	2318.764
1610.883	2320.827
1612.446	2318.617
1614.008	2322.153
1615.571	2319.059
1617.133	2320.238
1618.696	2319.943
1620.258	2320.680
1621.820	2319.206
1623.382	2318.469
1624.944	2316.406
1626.506	2320.680
1628.068	2320.974
1629.630	2321.269
1631.192	2319.501
1632.753	2323.332
1634.315	2322.743
1635.876	2324.216
1637.437	2319.796
1638.998	2319.206
1640.559	2316.996
1642.121	2318.469
1643.681	2312.870
1645.242	2315.375
1646.803	2315.375
1648.364	2318.322
1649.924	2318.911
1651.485	2322.153
1653.045	2320.532
1654.605	2323.774
1656.166	2322.301
1657.726	2321.269
1659.286	2321.417
1660.846	2322.006
1662.406	2323.037
1663.966	2323.479
1665.525	2320.090
1667.085	2319.943
1668.644	2319.796
1670.204	2319.206
1671.763	2316.112
1673.323	2315.375
1674.882	2316.112
1676.441	2318.764
1678.000	2317.733
1679.559	2319.943
1681.118	2319.206
1682.677	2321.711
1684.236	2318.911
1685.794	2316.849
1687.353	2314.344
1688.911	2314.933
1690.470	2312.575
1692.028	2315.670
1693.586	2313.754
1695.145	2316.554
1696.703	2316.554
1698.261	2318.617
1699.819	2317.438
1701.377	2318.175
1702.934	2313.017
1704.492	2316.406
1706.050	2315.522
1707.607	2316.996
1709.165	2328.047
1710.722	2322.890
1712.280	2318.764
