899.343	2339.394
900.982	2340.425
902.621	2360.023
904.260	2349.266
905.898	2350.151
907.536	2350.887
909.174	2348.677
910.812	2347.646
912.449	2347.793
914.087	2346.467
915.724	2345.877
917.360	2347.351
918.997	2351.477
920.633	2352.066
922.269	2353.540
923.905	2355.455
925.540	2357.371
927.175	2358.697
928.810	2358.697
930.445	2354.719
932.079	2355.308
933.714	2353.687
935.348	2350.445
936.981	2348.677
938.615	2350.003
940.248	2348.972
941.881	2351.329
943.514	2351.035
945.147	2350.740
946.779	2351.771
948.411	2352.361
950.043	2350.003
951.675	2350.445
953.306	2349.414
954.937	2350.887
956.568	2349.856
958.199	2348.677
959.829	2350.445
961.460	2349.119
963.090	2345.730
964.719	2344.846
966.349	2341.309
967.978	2342.636
969.607	2345.288
971.236	2343.667
972.865	2342.930
974.493	2345.141
976.121	2343.667
977.749	2345.583
979.377	2347.646
981.004	2346.319
982.631	2342.636
984.258	2344.404
985.885	2342.193
987.511	2343.667
989.138	2338.952
990.764	2335.857
992.390	2334.089
994.015	2337.920
995.641	2336.889
997.266	2339.983
998.891	2338.657
1000.515	2342.341
1002.140	2342.341
1003.764	2341.899
1005.388	2340.130
1007.012	2340.720
1008.635	2336.889
1010.259	2338.068
1011.882	2335.415
1013.505	2337.036
1015.127	2334.531
1016.750	2332.910
1018.372	2331.879
1019.994	2333.794
1021.616	2332.468
1023.237	2334.089
1024.859	2332.173
1026.480	2334.678
1028.101	2337.036
1029.721	2337.920
1031.342	2339.246
1032.962	2339.983
1034.582	2340.720
1036.202	2341.604
1037.821	2339.688
1039.441	2338.952
1041.060	2338.362
1042.679	2336.005
1044.297	2335.268
1045.916	2336.299
1047.534	2336.152
1049.152	2338.215
1050.770	2338.068
1052.388	2337.183
1054.005	2337.773
1055.622	2337.773
1057.239	2335.710
1058.856	2336.889
1060.472	2338.068
1062.089	2338.362
1063.705	2338.510
1065.321	2339.246
1066.936	2336.889
1068.552	2337.036
1070.167	2334.236
1071.782	2333.794
1073.397	2333.057
1075.012	2333.794
1076.626	2332.763
1078.240	2334.531
1079.854	2335.563
1081.468	2337.183
1083.082	2336.299
1084.695	2336.299
1086.308	2336.299
1087.921	2336.005
1089.534	2334.236
1091.146	2331.142
1092.759	2331.879
1094.371	2330.847
1095.983	2330.258
1097.594	2331.584
1099.206	2331.437
1100.817	2334.089
1102.428	2335.857
1104.039	2334.236
1105.650	2335.268
1107.260	2336.005
1108.871	2336.889
1110.481	2338.510
1112.091	2337.478
1113.700	2339.688
1115.310	2337.331
1116.919	2339.394
1118.528	2337.773
1120.137	2336.594
1121.746	2333.942
1123.354	2332.910
1124.962	2330.995
1126.570	2333.205
1128.178	2330.405
1129.786	2332.173
1131.393	2331.437
1133.001	2333.647
1134.608	2334.236
1136.215	2335.415
1137.821	2335.268
1139.428	2336.299
1141.034	2334.973
1142.640	2334.236
1144.246	2332.321
1145.852	2333.500
1147.457	2331.879
1149.062	2334.531
1150.667	2334.973
1152.272	2336.152
1153.877	2335.710
1155.482	2337.920
1157.086	2336.152
1158.690	2336.889
1160.294	2334.973
1161.898	2335.268
1163.501	2334.089
1165.105	2334.236
1166.708	2332.173
1168.311	2334.678
1169.914	2330.700
1171.516	2330.847
1173.118	2327.016
1174.721	2328.047
1176.323	2326.132
1177.925	2327.753
1179.526	2324.658
1181.128	2328.784
1182.729	2327.458
1184.330	2330.110
1185.931	2329.079
1187.532	2330.700
1189.132	2329.226
1190.732	2331.879
1192.333	2327.605
1193.933	2330.405
1195.532	2327.605
1197.132	2327.900
1198.731	2325.690
1200.331	2325.542
1201.930	2323.185
1203.528	2329.226
1205.127	2325.100
1206.726	2327.311
1208.324	2327.016
1209.922	2331.437
1211.520	2331.731
1213.118	2332.763
1214.715	2328.047
1216.313	2329.668
1217.910	2330.552
1219.507	2328.932
1221.104	2325.690
1222.700	2325.100
1224.297	2324.364
1225.893	2325.395
1227.489	2324.806
1229.085	2325.248
1230.681	2326.721
1232.277	2327.016
1233.872	2326.869
1235.467	2327.016
1237.063	2326.869
1238.657	2328.784
1240.252	2328.784
1241.847	2328.637
1243.441	2330.995
1245.035	2331.879
1246.629	2332.026
1248.223	2331.584
1249.817	2329.374
1251.410	2327.458
1253.004	2327.900
1254.597	2326.721
1256.190	2325.100
1257.783	2326.279
1259.375	2327.900
1260.968	2330.700
1262.560	2328.490
1264.152	2332.321
1265.744	2330.110
1267.336	2332.468
1268.927	2324.364
1270.519	2324.806
1272.110	2320.090
1273.701	2324.364
1275.292	2319.354
1276.883	2320.532
1278.474	2319.206
1280.064	2327.605
1281.654	2324.511
1283.244	2329.374
1284.834	2327.016
1286.424	2329.079
1288.014	2327.900
1289.603	2331.437
1291.192	2326.869
1292.782	2331.142
1294.371	2326.721
1295.959	2330.258
1297.548	2327.605
1299.136	2329.816
1300.725	2326.427
1302.313	2330.258
1303.901	2327.753
1305.489	2331.584
1307.076	2326.721
1308.664	2329.374
1310.251	2329.226
1311.838	2331.584
1313.425	2330.258
1315.012	2329.374
1316.599	2329.226
1318.185	2330.847
1319.772	2330.552
1321.358	2330.995
1322.944	2328.490
1324.530	2329.521
1326.116	2329.374
1327.701	2328.932
1329.287	2328.932
1330.872	2328.195
1332.457	2326.574
1334.042	2327.900
1335.627	2327.016
1337.211	2330.552
1338.796	2329.226
1340.380	2329.521
1341.964	2330.552
1343.548	2330.405
1345.132	2330.847
1346.716	2330.700
1348.299	2329.374
1349.883	2328.637
1351.466	2327.458
1353.049	2327.900
1354.632	2327.163
1356.215	2326.132
1357.798	2327.311
1359.380	2327.016
1360.963	2327.753
1362.545	2332.763
1364.127	2329.226
1365.709	2332.910
1367.290	2329.963
1368.872	2331.584
1370.454	2328.637
1372.035	2328.490
1373.616	2323.332
1375.197	2326.279
1376.778	2323.479
1378.359	2328.784
1379.939	2324.658
1381.520	2327.605
1383.100	2327.605
1384.680	2330.258
1386.260	2327.900
1387.840	2328.932
1389.420	2324.364
1390.999	2326.574
1392.579	2323.479
1394.158	2324.216
1395.737	2320.532
1397.316	2322.153
1398.895	2319.354
1400.474	2323.774
1402.052	2320.974
1403.631	2324.511
1405.209	2321.859
1406.787	2324.658
1408.365	2322.743
1409.943	2324.511
1411.521	2320.532
1413.098	2323.774
1414.676	2319.501
1416.253	2323.037
1417.830	2318.469
1419.407	2321.269
1420.984	2319.059
1422.561	2321.269
1424.138	2319.796
1425.714	2324.069
1427.291	2320.385
1428.867	2324.511
1430.443	2322.890
1432.019	2325.248
1433.595	2322.448
1435.170	2322.301
1436.746	2320.090
1438.321	2323.037
1439.897	2320.532
1441.472	2321.269
1443.047	2321.269
1444.622	2322.595
1446.197	2321.859
1447.771	2323.332
1449.346	2321.269
1450.920	2323.922
1452.494	2321.122
1454.068	2321.859
1455.642	2320.974
1457.216	2322.153
1458.790	2320.532
1460.364	2322.448
1461.937	2322.890
1463.510	2323.774
1465.084	2323.037
1466.657	2325.542
1468.230	2325.395
1469.803	2326.721
1471.375	2322.153
1472.948	2321.269
1474.520	2322.006
1476.093	2323.185
1477.665	2320.238
1479.237	2320.680
1480.809	2320.680
1482.381	2325.690
1483.952	2325.100
1485.524	2325.690
1487.095	2323.332
1488.667	2326.574
1490.238	2324.216
1491.809	2325.248
1493.380	2322.153
1494.951	2322.153
1496.522	2321.564
1498.092	2324.806
1499.663	2322.301
1501.233	2323.332
1502.803	2321.417
1504.374	2324.806
1505.944	2324.806
1507.514	2326.427
1509.083	2322.301
1510.653	2324.658
1512.223	2325.248
1513.792	2324.953
1515.361	2320.827
1516.930	2323.332
1518.500	2321.122
1520.069	2322.890
1521.637	2321.859
1523.206	2324.658
1524.775	2325.984
1526.343	2329.668
1527.912	2327.605
1529.480	2329.668
1531.048	2329.668
1532.616	2330.110
1534.184	2326.427
1535.752	2327.163
1537.320	2327.163
1538.887	2326.869
1540.455	2327.163
1542.022	2328.047
1543.589	2326.721
1545.157	2328.637
1546.724	2326.132
1548.291	2325.542
1549.857	2325.100
1551.424	2326.574
1552.991	2326.574
1554.557	2331.289
1556.124	2329.079
1557.690	2331.731
1559.256	2332.468
1560.822	2331.731
1562.388	2329.521
1563.954	2329.816
1565.520	2325.100
1567.086	2326.574
1568.651	2321.859
1570.217	2320.680
1571.782	2321.564
1573.347	2322.743
1574.912	2320.974
1576.477	2320.385
1578.042	2320.680
1579.607	2325.984
1581.172	2325.984
1582.737	2327.753
1584.301	2325.690
1585.866	2325.542
1587.430	2324.953
1588.994	2324.216
1590.558	2322.006
1592.122	2320.827
1593.686	2317.438
1595.250	2319.943
1596.814	2319.648
1598.377	2321.122
1599.941	2320.090
1601.504	2322.301
1603.068	2321.122
1604.631	2323.332
1606.194	2320.827
1607.757	2322.301
1609.320	2324.216
1610.883	2326.132
1612.446	2325.542
1614.008	2327.753
1615.571	2327.458
1617.133	2327.016
1618.696	2324.511
1620.258	2323.922
1621.820	2323.332
1623.382	2321.859
1624.944	2320.532
1626.506	2321.859
1628.068	2322.448
1629.630	2324.658
1631.192	2323.627
1632.753	2325.395
1634.315	2324.069
1635.876	2324.069
1637.437	2323.037
1638.998	2322.301
1640.559	2321.564
1642.121	2322.301
1643.681	2318.027
1645.242	2319.943
1646.803	2321.859
1648.364	2321.564
1649.924	2322.153
1651.485	2324.216
1653.045	2323.332
1654.605	2326.721
1656.166	2325.395
1657.726	2324.364
1659.286	2324.511
1660.846	2324.658
1662.406	2324.806
1663.966	2324.806
1665.525	2323.774
1667.085	2324.364
1668.644	2323.332
1670.204	2323.332
1671.763	2321.417
1673.323	2320.974
1674.882	2320.238
1676.441	2321.122
1678.000	2320.238
1679.559	2322.006
1681.118	2319.059
1682.677	2324.658
1684.236	2319.059
1685.794	2320.532
1687.353	2316.554
1688.911	2318.764
1690.470	2317.733
1692.028	2320.974
1693.586	2316.406
1695.145	2322.595
1696.703	2320.238
1698.261	2323.037
1699.819	2319.943
1701.377	2321.711
1702.934	2318.175
1704.492	2320.238
1706.050	2319.059
1707.607	2321.711
1709.165	2329.079
1710.722	2327.016
1712.280	2330.110
