2347.646	2334.236	2325.984	2347.646	2332.173	2350.740	2418.818	2423.975	2343.520	2331.142	2339.394	2355.897	2341.457
2344.551	2363.118	2358.992	2347.646	2347.646	2358.992	2432.227	2410.566	2362.086	2344.551	2332.173	2327.016	2349.709
2365.181	2341.457	2343.520	2365.181	2364.149	2368.275	2439.447	2423.975	2351.771	2355.897	2347.646	2363.118	2362.086
2350.151	2344.698	2343.372	2351.329	2348.382	2360.465	2430.164	2420.881	2356.487	2346.319	2341.899	2346.614	2352.214
2347.498	2345.730	2344.846	2352.508	2348.972	2360.318	2431.048	2419.554	2357.518	2347.940	2342.636	2345.435	2353.245
2349.414	2344.256	2343.225	2352.656	2350.151	2361.497	2431.932	2422.943	2358.697	2349.709	2346.172	2349.561	2356.192
2345.583	2345.583	2343.078	2350.593	2348.088	2361.055	2430.753	2424.564	2359.287	2348.824	2346.025	2346.172	2353.687
2343.962	2346.319	2342.636	2346.614	2349.414	2360.465	2433.258	2425.891	2357.224	2348.088	2345.141	2346.909	2353.540
2344.698	2350.151	2345.583	2349.709	2351.182	2362.234	2436.647	2431.932	2360.171	2350.445	2350.003	2348.088	2354.424
2346.025	2350.445	2345.435	2348.972	2350.445	2361.055	2441.805	2432.522	2360.907	2350.887	2351.035	2349.119	2354.276
2345.730	2351.477	2345.435	2351.182	2348.382	2360.318	2443.426	2436.795	2362.528	2349.119	2349.856	2351.035	2352.803
2350.887	2353.098	2347.056	2350.740	2353.687	2361.349	2451.088	2442.100	2364.149	2350.740	2350.445	2352.214	2354.276
2351.919	2354.571	2350.887	2352.508	2353.098	2361.644	2454.772	2445.931	2363.412	2349.414	2350.593	2350.298	2353.392
2353.982	2351.182	2348.382	2352.214	2353.098	2360.171	2456.835	2448.141	2365.623	2346.025	2350.003	2353.540	2354.129
2358.697	2353.245	2351.771	2355.897	2352.803	2363.118	2461.108	2452.562	2365.770	2349.414	2351.477	2353.687	2357.371
2360.465	2352.508	2350.003	2357.666	2354.129	2365.770	2466.708	2458.308	2369.159	2348.235	2351.035	2355.308	2359.729
2361.349	2352.214	2350.445	2359.139	2356.929	2368.128	2468.329	2459.929	2366.949	2350.445	2352.950	2354.571	2360.465
2359.581	2352.950	2349.709	2357.813	2358.255	2368.128	2472.454	2463.613	2366.360	2352.066	2354.424	2351.182	2361.792
2358.844	2352.066	2349.561	2356.192	2355.161	2370.780	2473.928	2464.203	2365.328	2352.508	2354.424	2350.740	2361.792
2356.339	2350.298	2347.056	2353.834	2354.866	2371.370	2474.812	2465.234	2363.265	2352.508	2353.392	2350.593	2360.613
2355.603	2353.098	2351.035	2354.129	2355.603	2374.022	2480.854	2467.592	2361.644	2356.929	2355.455	2349.119	2361.644
2351.329	2349.856	2346.319	2351.035	2354.276	2371.959	2479.380	2467.444	2361.792	2353.392	2353.098	2349.414	2357.224
2348.972	2347.940	2346.614	2346.614	2353.098	2368.865	2480.412	2465.087	2356.192	2352.361	2351.329	2344.846	2356.929
2348.088	2348.824	2347.498	2344.846	2351.182	2371.222	2481.885	2468.476	2357.666	2350.887	2350.740	2345.288	2355.308
2349.414	2348.088	2348.972	2346.025	2351.035	2370.633	2486.453	2469.065	2357.813	2351.477	2349.414	2347.793	2357.076
2348.824	2349.414	2349.561	2348.677	2350.151	2372.401	2488.369	2472.897	2360.613	2351.771	2351.329	2347.940	2356.192
2350.003	2350.151	2350.151	2350.298	2351.182	2370.043	2494.410	2478.496	2364.886	2352.508	2350.740	2350.298	2358.108
2351.182	2351.035	2348.972	2350.151	2350.298	2370.485	2495.736	2480.117	2364.739	2349.561	2350.593	2349.709	2356.045
2351.624	2351.329	2350.151	2349.561	2348.677	2367.686	2496.768	2481.296	2363.265	2349.266	2348.677	2348.382	2354.276
2351.624	2351.477	2350.151	2351.477	2349.856	2366.507	2494.705	2481.443	2366.065	2347.940	2348.824	2348.382	2351.771
2351.329	2347.940	2347.940	2351.329	2347.646	2362.381	2496.326	2481.148	2365.328	2347.940	2347.203	2346.761	2352.066
2348.824	2348.972	2344.551	2349.709	2346.172	2362.528	2493.821	2479.970	2362.970	2344.993	2346.614	2344.846	2348.382
2348.088	2345.730	2343.078	2347.351	2345.877	2359.287	2493.084	2479.675	2359.287	2345.141	2345.288	2342.193	2348.235
2347.203	2346.319	2341.162	2346.909	2344.993	2361.055	2491.168	2474.959	2355.308	2343.225	2345.877	2339.099	2347.203
2347.056	2344.404	2340.425	2346.614	2346.025	2361.644	2492.200	2474.370	2354.719	2344.256	2345.877	2339.394	2350.151
2346.467	2344.109	2341.162	2347.793	2346.319	2363.560	2493.379	2471.570	2356.045	2342.930	2347.351	2337.773	2352.361
2345.288	2342.636	2339.394	2345.877	2343.520	2364.591	2496.031	2472.307	2353.392	2343.520	2346.614	2337.773	2352.066
2344.109	2343.962	2340.278	2344.698	2344.404	2365.917	2494.705	2470.097	2352.803	2341.899	2347.498	2338.510	2352.656
2347.351	2342.341	2341.457	2344.846	2346.614	2368.128	2497.652	2474.075	2355.897	2344.551	2349.266	2339.688	2353.834
2343.372	2342.488	2339.541	2343.667	2345.583	2365.917	2496.473	2470.834	2355.308	2340.573	2347.646	2339.541	2350.445
2345.583	2340.130	2338.952	2344.256	2345.435	2364.002	2499.568	2472.012	2356.634	2341.015	2346.614	2340.720	2348.382
2341.457	2339.541	2338.657	2343.520	2342.930	2362.528	2498.831	2471.865	2356.339	2340.573	2343.962	2338.657	2344.698
2342.341	2340.278	2337.773	2343.372	2345.583	2361.644	2500.010	2475.844	2357.371	2341.751	2342.930	2340.867	2344.551
2343.372	2343.078	2339.983	2345.141	2346.467	2365.033	2500.746	2477.022	2359.581	2343.078	2343.667	2342.341	2344.109
2343.667	2344.109	2340.278	2346.172	2345.583	2363.118	2506.493	2479.822	2360.613	2343.520	2341.309	2343.078	2344.993
2339.688	2341.899	2339.688	2344.551	2342.488	2360.318	2502.809	2476.286	2358.255	2342.046	2338.362	2341.899	2341.751
2342.783	2343.962	2341.162	2345.730	2342.636	2359.139	2508.114	2479.970	2361.349	2344.698	2337.478	2341.604	2345.730
2338.215	2342.783	2340.130	2343.225	2340.130	2357.371	2504.430	2479.822	2356.929	2342.046	2336.152	2342.341	2344.993
2340.425	2344.109	2341.899	2344.846	2339.983	2356.487	2506.346	2481.590	2358.550	2342.636	2337.183	2341.457	2346.467
2342.930	2346.909	2342.046	2343.814	2340.425	2359.287	2507.672	2482.327	2356.339	2344.256	2340.278	2344.551	2348.824
2342.046	2345.141	2339.541	2342.930	2339.099	2355.013	2507.672	2481.148	2352.950	2341.899	2337.478	2341.162	2348.824
2340.867	2341.015	2336.447	2338.952	2338.068	2354.719	2502.957	2476.728	2348.972	2337.920	2336.447	2339.836	2344.109
2341.899	2342.636	2335.268	2340.130	2339.688	2356.192	2505.462	2479.085	2348.382	2337.920	2339.099	2339.836	2347.351
2339.246	2339.836	2337.331	2337.478	2340.867	2358.992	2501.925	2475.549	2345.435	2335.857	2339.688	2340.425	2346.025
2341.899	2341.015	2335.563	2337.478	2342.046	2361.939	2503.694	2476.433	2348.382	2338.804	2340.573	2339.099	2347.203
2337.920	2336.741	2332.763	2333.647	2341.604	2359.581	2502.809	2472.160	2344.256	2336.005	2339.246	2338.215	2345.141
2336.299	2333.057	2331.289	2334.531	2338.657	2357.518	2503.988	2472.160	2344.404	2333.352	2335.857	2333.794	2343.667
2333.352	2332.763	2331.437	2333.057	2336.299	2357.518	2502.809	2469.655	2344.256	2333.205	2335.710	2334.826	2343.225
2336.299	2336.889	2334.531	2337.036	2340.720	2357.666	2504.578	2475.107	2348.382	2336.741	2336.447	2336.152	2344.551
2333.647	2334.236	2335.415	2336.594	2337.920	2356.782	2502.662	2472.602	2347.940	2336.889	2335.857	2336.152	2342.193
2335.563	2336.889	2333.942	2340.573	2339.099	2355.603	2503.546	2475.991	2349.709	2338.952	2335.710	2338.068	2342.341
2334.973	2337.920	2336.741	2341.899	2337.331	2357.076	2503.104	2474.517	2351.035	2339.688	2337.920	2339.541	2342.193
2339.099	2342.046	2338.068	2344.698	2338.510	2357.666	2501.778	2477.907	2354.276	2342.341	2337.183	2342.193	2341.899
2337.331	2342.636	2338.510	2342.488	2337.036	2359.139	2500.746	2476.875	2352.508	2342.488	2337.773	2341.899	2339.541
2339.394	2341.604	2338.804	2346.025	2337.773	2357.224	2501.336	2479.233	2354.719	2343.667	2337.920	2341.015	2339.246
2337.331	2341.899	2336.299	2343.225	2335.120	2356.192	2502.957	2476.875	2350.593	2340.867	2339.246	2339.246	2340.130
2338.804	2341.309	2338.952	2343.225	2337.183	2355.603	2504.725	2475.696	2352.214	2341.751	2337.036	2337.331	2340.867
2337.036	2339.983	2334.531	2338.952	2332.910	2354.276	2504.872	2474.223	2348.235	2337.478	2335.563	2333.794	2338.510
2335.710	2336.594	2334.236	2335.710	2334.678	2351.035	2505.167	2471.276	2347.351	2337.625	2333.205	2330.552	2337.478
2334.826	2333.647	2331.437	2334.826	2333.500	2350.740	2503.251	2470.539	2344.698	2334.826	2333.794	2329.668	2339.099
2336.152	2335.120	2331.879	2336.152	2337.625	2351.771	2503.841	2468.918	2347.056	2335.857	2336.152	2332.026	2340.573
2334.678	2332.910	2329.521	2333.057	2337.773	2351.035	2502.957	2467.297	2344.551	2333.352	2336.152	2331.584	2340.573
2335.710	2330.847	2329.374	2334.826	2337.478	2352.508	2502.662	2466.855	2346.319	2335.268	2335.120	2330.995	2338.952
2334.384	2332.910	2326.869	2333.205	2335.710	2352.950	2502.662	2467.444	2343.814	2333.057	2334.384	2332.615	2338.952
2336.152	2331.584	2329.963	2334.089	2337.920	2354.424	2500.304	2466.266	2346.172	2333.500	2333.647	2334.531	2338.068
2333.057	2332.468	2328.637	2334.973	2335.710	2353.687	2498.389	2467.592	2344.551	2330.110	2331.731	2334.531	2337.331
2335.268	2334.531	2330.847	2335.415	2339.394	2357.666	2501.778	2467.297	2345.877	2332.910	2332.026	2335.120	2336.594
2332.615	2332.468	2329.521	2334.678	2334.384	2352.803	2502.220	2469.065	2343.667	2331.584	2328.932	2333.352	2334.678
2335.710	2335.857	2331.879	2335.120	2336.447	2356.487	2505.167	2470.834	2342.930	2333.647	2328.637	2334.826	2334.384
2332.173	2336.005	2332.173	2334.678	2334.826	2354.276	2505.462	2472.012	2343.520	2332.910	2328.342	2333.205	2335.563
2333.647	2336.889	2332.615	2336.594	2335.710	2353.245	2509.440	2474.959	2343.372	2334.531	2330.258	2333.352	2336.005
2333.057	2338.804	2332.615	2336.152	2335.710	2353.098	2512.829	2476.580	2345.435	2334.236	2331.731	2332.321	2337.331
2337.920	2340.720	2334.531	2340.720	2339.099	2354.424	2515.924	2481.590	2344.993	2336.299	2334.384	2333.500	2338.804
2336.299	2341.457	2335.120	2339.246	2338.215	2353.245	2516.219	2480.264	2346.172	2335.710	2335.268	2334.826	2340.720
2337.773	2344.256	2335.268	2340.720	2341.457	2355.750	2517.397	2483.359	2345.583	2336.005	2336.594	2332.910	2342.636
2336.152	2340.720	2336.152	2337.183	2340.573	2353.392	2515.629	2480.706	2345.877	2333.942	2336.889	2332.468	2342.783
2339.836	2343.372	2336.152	2338.510	2342.930	2357.076	2516.955	2484.390	2346.025	2335.563	2338.657	2336.299	2344.256
2340.573	2341.015	2336.594	2339.394	2344.698	2358.697	2514.745	2481.590	2347.498	2334.973	2339.246	2337.183	2342.636
2340.573	2339.394	2335.563	2340.573	2345.435	2359.581	2513.566	2479.970	2345.877	2337.331	2338.068	2338.362	2345.877
2337.331	2337.625	2334.384	2338.657	2344.109	2359.139	2511.209	2474.517	2345.288	2336.594	2338.657	2338.215	2342.930
2339.983	2337.773	2333.942	2340.867	2342.783	2358.697	2509.882	2475.402	2345.141	2337.773	2337.478	2337.773	2345.288
2338.657	2335.857	2332.910	2339.246	2341.309	2358.108	2504.725	2468.329	2345.877	2336.594	2339.099	2339.836	2342.930
2341.457	2339.099	2332.468	2341.751	2343.372	2358.255	2500.599	2466.266	2347.056	2338.510	2337.183	2339.983	2343.372
2338.657	2336.005	2333.352	2339.983	2340.573	2356.782	2492.937	2458.308	2346.319	2337.625	2336.594	2339.394	2340.278
2339.541	2337.625	2332.321	2338.657	2341.457	2353.982	2487.337	2454.772	2345.141	2337.920	2334.826	2338.362	2340.573
2337.920	2337.773	2332.615	2338.804	2338.510	2353.540	2481.001	2450.351	2343.520	2335.563	2334.678	2337.036	2337.036
2337.625	2337.331	2331.437	2337.625	2337.331	2351.477	2476.875	2447.552	2343.078	2337.625	2332.026	2338.362	2338.804
2333.647	2335.710	2330.700	2336.005	2334.973	2349.856	2471.865	2443.131	2339.099	2333.647	2332.763	2333.794	2333.942
2336.005	2336.299	2333.647	2338.215	2336.889	2349.266	2470.539	2441.363	2340.130	2337.478	2332.026	2335.710	2337.036
2332.615	2336.152	2332.321	2339.246	2334.384	2349.856	2470.392	2440.184	2338.510	2335.268	2334.089	2334.089	2336.594
2333.942	2337.625	2332.910	2339.688	2337.036	2348.382	2467.886	2437.237	2337.920	2336.447	2334.384	2331.731	2339.394
2332.615	2336.741	2333.205	2340.573	2334.826	2347.793	2467.002	2436.647	2337.331	2334.531	2336.005	2332.026	2340.130
2334.973	2338.804	2335.268	2339.983	2336.741	2347.203	2467.150	2435.469	2338.362	2335.120	2339.394	2331.879	2342.046
2335.710	2336.447	2334.826	2339.394	2336.889	2347.498	2465.676	2433.553	2339.246	2331.289	2338.952	2329.521	2341.309
2337.773	2340.425	2334.973	2339.541	2340.130	2347.203	2466.560	2432.374	2342.046	2334.531	2339.246	2335.120	2344.993
2336.005	2335.857	2331.879	2337.036	2337.920	2346.614	2463.761	2431.195	2339.541	2330.847	2336.594	2332.173	2342.341
2338.068	2337.773	2331.437	2335.415	2339.246	2346.172	2466.413	2432.816	2340.278	2332.910	2334.826	2333.500	2341.604
2335.710	2334.531	2328.342	2333.647	2338.952	2346.467	2469.213	2434.290	2339.836	2331.731	2333.500	2334.973	2338.510
2336.152	2335.268	2329.226	2332.026	2338.510	2347.646	2470.539	2433.848	2340.573	2332.910	2330.995	2334.531	2337.331
2333.500	2331.879	2327.016	2332.763	2337.920	2347.498	2472.160	2434.879	2340.573	2334.236	2330.995	2335.710	2335.415
2334.384	2333.500	2327.753	2331.879	2336.594	2347.940	2473.486	2435.027	2338.362	2335.563	2331.437	2336.152	2335.120
2331.584	2329.668	2327.753	2330.847	2336.741	2348.088	2475.107	2436.500	2339.246	2335.268	2328.932	2334.973	2331.584
2335.120	2333.647	2330.258	2333.500	2336.889	2350.593	2478.201	2437.237	2340.720	2338.215	2330.405	2335.268	2333.647
2332.615	2331.437	2330.995	2335.857	2336.005	2351.771	2479.085	2434.732	2341.604	2336.152	2332.763	2337.920	2335.120
2333.942	2332.615	2332.468	2337.625	2333.942	2350.593	2477.465	2437.384	2340.573	2335.857	2333.205	2336.299	2337.478
2332.173	2332.173	2331.142	2337.773	2333.647	2351.329	2478.643	2435.174	2338.215	2333.352	2334.384	2336.594	2336.299
2333.794	2334.531	2331.731	2339.983	2333.794	2349.709	2478.643	2437.237	2336.594	2331.731	2332.615	2333.647	2337.920
2332.910	2335.563	2331.437	2339.099	2336.447	2348.530	2481.738	2436.500	2336.889	2331.584	2332.615	2332.910	2338.952
2333.794	2335.268	2330.405	2340.130	2332.468	2347.056	2477.907	2435.027	2334.089	2328.490	2333.500	2329.816	2339.099
2330.700	2334.826	2328.047	2336.889	2332.763	2344.109	2475.844	2432.669	2333.942	2327.163	2333.794	2329.963	2337.920
2332.321	2334.826	2331.142	2336.299	2332.173	2343.225	2470.834	2431.343	2332.173	2327.163	2332.763	2327.605	2335.268
2332.468	2332.468	2328.932	2333.500	2332.763	2343.667	2468.476	2426.333	2332.173	2326.132	2331.437	2328.195	2336.005
2335.415	2333.057	2332.321	2336.299	2334.384	2344.993	2467.297	2430.164	2334.678	2329.521	2331.879	2328.342	2338.510
2334.826	2330.258	2329.668	2332.763	2333.647	2345.288	2464.792	2426.627	2334.236	2330.258	2333.057	2329.668	2339.541
2334.826	2328.932	2329.816	2334.089	2331.879	2347.646	2460.961	2426.038	2336.152	2331.437	2332.026	2330.405	2337.183
2334.531	2331.289	2328.932	2333.647	2336.152	2347.646	2460.666	2424.417	2336.299	2333.352	2334.531	2332.321	2338.804
2332.910	2329.521	2328.047	2336.299	2334.089	2348.530	2461.108	2425.743	2336.005	2332.173	2333.205	2332.468	2338.068
2334.236	2329.079	2325.542	2334.826	2335.268	2347.793	2463.761	2427.217	2336.594	2333.352	2332.910	2331.879	2339.394
2333.352	2330.552	2327.605	2337.478	2334.089	2348.677	2468.476	2429.722	2336.741	2333.352	2332.468	2332.615	2338.952
2334.973	2331.437	2325.690	2336.594	2336.299	2348.824	2470.981	2431.048	2340.130	2336.889	2333.647	2333.794	2341.457
2334.826	2334.236	2329.079	2337.920	2337.036	2350.298	2475.844	2434.290	2339.541	2336.005	2332.026	2336.152	2339.983
2337.773	2336.594	2329.816	2338.215	2336.741	2351.624	2478.054	2436.353	2341.015	2334.973	2333.352	2336.889	2343.078
2337.773	2335.857	2332.468	2339.836	2335.415	2351.182	2485.422	2442.836	2340.867	2334.089	2332.321	2336.005	2344.109
2337.920	2336.299	2334.089	2338.804	2337.036	2352.950	2489.548	2445.783	2342.636	2334.531	2333.352	2334.678	2344.993
2337.920	2337.773	2336.005	2339.099	2336.741	2352.656	2495.589	2449.467	2342.930	2334.384	2335.268	2335.268	2347.940
2340.130	2339.836	2336.889	2339.394	2339.099	2355.161	2496.031	2451.235	2344.698	2334.384	2337.773	2335.120	2347.351
2337.036	2338.952	2337.625	2338.215	2336.889	2353.540	2499.862	2452.267	2341.457	2331.879	2337.331	2332.763	2348.088
2336.594	2338.510	2337.331	2336.594	2337.036	2353.098	2502.662	2453.888	2342.636	2333.942	2337.331	2329.963	2345.288
2334.089	2338.362	2335.268	2337.036	2338.510	2350.151	2506.935	2455.361	2341.162	2333.205	2337.331	2327.900	2346.172
2333.647	2338.510	2334.236	2333.205	2335.415	2350.740	2502.809	2450.057	2341.457	2332.763	2336.447	2326.869	2341.604
2334.678	2337.478	2333.352	2332.615	2337.478	2349.266	2500.304	2447.699	2339.541	2332.173	2336.741	2327.163	2340.425
2332.173	2335.857	2331.289	2332.321	2333.942	2349.266	2491.905	2442.394	2339.246	2332.321	2332.763	2325.248	2336.299
2332.321	2334.531	2329.816	2332.468	2334.236	2347.498	2489.842	2439.300	2338.657	2333.647	2333.942	2325.690	2335.120
2332.026	2332.173	2327.900	2331.584	2330.405	2346.909	2482.032	2434.142	2337.036	2330.700	2330.995	2325.690	2331.879
2331.731	2332.026	2326.869	2332.026	2329.079	2346.761	2476.433	2429.427	2337.036	2328.047	2332.763	2326.721	2333.942
2332.173	2328.932	2327.605	2329.963	2325.542	2347.793	2470.392	2424.712	2336.299	2327.900	2330.258	2326.869	2330.847
2331.289	2328.637	2328.637	2332.763	2326.721	2349.856	2470.981	2422.796	2339.099	2328.490	2330.700	2328.637	2334.089
2332.615	2329.816	2329.226	2332.615	2325.248	2349.266	2465.676	2421.765	2337.331	2328.784	2328.047	2330.552	2334.973
2333.500	2331.437	2329.521	2334.089	2329.816	2348.088	2467.297	2420.144	2339.099	2328.195	2330.995	2331.437	2338.804
2331.437	2329.668	2328.932	2330.552	2325.395	2347.498	2460.224	2414.544	2334.973	2327.458	2326.574	2329.668	2337.920
2331.731	2332.321	2330.405	2330.995	2329.079	2346.025	2461.845	2412.776	2335.268	2328.047	2330.258	2329.521	2339.246
2332.026	2331.731	2329.668	2333.794	2329.374	2346.761	2455.214	2407.913	2335.120	2327.900	2328.047	2327.753	2339.099
2332.468	2334.384	2329.816	2333.352	2333.205	2345.288	2452.856	2410.271	2334.384	2328.047	2330.110	2330.110	2341.309
2334.531	2334.089	2327.900	2334.678	2334.089	2344.846	2448.436	2409.092	2332.615	2329.374	2329.816	2328.490	2341.751
2333.647	2335.563	2331.584	2334.531	2334.826	2344.109	2451.678	2408.503	2334.531	2329.521	2333.647	2328.047	2341.751
2333.942	2334.973	2329.963	2333.942	2334.089	2344.846	2449.025	2409.092	2332.763	2330.110	2333.794	2329.226	2341.899
2334.826	2337.183	2332.468	2335.268	2334.973	2343.520	2451.972	2411.745	2336.299	2330.995	2336.152	2330.552	2342.046
2332.763	2333.500	2327.605	2332.615	2331.731	2343.520	2448.878	2410.124	2335.120	2330.110	2331.731	2329.226	2340.867
2333.942	2335.268	2327.900	2330.995	2330.552	2340.867	2454.772	2413.660	2335.563	2332.615	2333.500	2330.110	2339.983
2333.205	2333.352	2326.574	2332.910	2327.900	2341.162	2456.540	2411.597	2335.857	2332.026	2332.615	2329.816	2341.457
2333.057	2333.942	2326.574	2330.405	2329.374	2339.688	2458.751	2413.365	2334.973	2331.289	2333.647	2331.437	2339.394
2330.847	2330.700	2323.627	2330.552	2326.427	2339.983	2457.572	2411.597	2334.089	2329.816	2329.521	2329.816	2338.657
2330.258	2330.995	2326.132	2330.405	2325.837	2340.867	2459.045	2411.892	2334.826	2329.816	2330.405	2330.405	2337.331
2328.195	2328.637	2324.216	2330.847	2326.132	2340.278	2462.729	2411.155	2333.057	2327.016	2328.932	2331.142	2338.068
2328.932	2330.995	2328.195	2333.647	2328.637	2343.078	2461.108	2413.365	2333.794	2328.047	2332.468	2331.731	2337.920
2327.163	2329.668	2329.079	2332.910	2329.963	2342.783	2460.813	2410.713	2335.268	2325.542	2330.700	2333.794	2338.657
2326.427	2331.142	2331.437	2333.057	2332.763	2343.520	2457.424	2412.334	2334.384	2329.226	2332.321	2331.731	2336.741
2325.690	2327.605	2331.879	2331.879	2329.521	2341.309	2455.951	2409.682	2333.942	2327.163	2329.079	2328.784	2336.447
2328.490	2330.552	2332.910	2332.321	2331.584	2342.193	2460.224	2413.955	2333.352	2328.932	2332.026	2331.731	2337.920
2327.163	2328.784	2330.258	2330.847	2329.521	2339.394	2462.140	2413.808	2332.321	2327.753	2329.226	2327.458	2336.299
2330.110	2332.173	2333.500	2331.142	2333.057	2343.078	2461.698	2415.134	2332.321	2330.995	2330.995	2327.605	2337.331
2330.258	2330.847	2329.816	2329.226	2331.731	2339.541	2461.992	2411.597	2331.289	2329.079	2328.637	2327.753	2335.415
2332.026	2330.700	2330.847	2328.342	2332.763	2339.983	2462.434	2415.281	2329.226	2332.026	2328.490	2326.721	2335.120
2330.847	2328.342	2326.869	2324.658	2328.637	2338.510	2463.908	2412.334	2328.932	2327.605	2328.047	2325.690	2333.647
2331.731	2330.110	2329.079	2325.248	2332.173	2342.046	2465.676	2415.134	2329.374	2332.026	2327.900	2328.342	2333.500
2329.521	2328.637	2325.984	2323.774	2330.110	2341.604	2462.140	2411.892	2329.374	2331.289	2327.900	2326.574	2334.384
2332.173	2328.342	2329.079	2325.395	2330.700	2343.520	2460.077	2412.039	2329.226	2331.289	2326.721	2329.226	2333.352
2328.932	2325.395	2324.953	2326.427	2326.132	2340.130	2457.866	2411.155	2331.584	2329.079	2325.837	2327.163	2332.910
2329.079	2324.658	2326.721	2327.458	2325.690	2342.193	2456.098	2412.776	2333.500	2329.816	2325.248	2328.195	2333.057
2327.016	2323.774	2324.658	2326.869	2323.185	2342.341	2452.709	2408.798	2332.468	2329.374	2324.069	2327.016	2330.700
2326.869	2324.069	2328.490	2330.995	2325.542	2342.636	2451.235	2408.355	2334.531	2329.963	2324.511	2328.195	2331.437
2325.395	2324.953	2324.953	2330.700	2321.269	2338.952	2452.120	2405.261	2331.731	2326.869	2325.837	2329.079	2330.258
2326.427	2324.069	2327.311	2332.321	2323.627	2340.573	2452.120	2407.177	2332.321	2325.542	2324.069	2327.605	2328.932
2324.953	2323.479	2324.658	2331.142	2323.185	2338.215	2450.057	2404.082	2332.910	2324.364	2326.279	2329.521	2330.552
2328.195	2324.511	2326.721	2329.521	2325.542	2339.099	2447.699	2404.230	2330.110	2325.248	2326.132	2329.226	2330.995
2327.163	2325.100	2326.279	2330.258	2324.953	2335.120	2446.815	2400.546	2327.605	2324.069	2327.016	2328.195	2330.405
2328.490	2325.542	2327.163	2329.963	2326.721	2334.973	2446.668	2403.493	2328.047	2323.185	2328.342	2327.458	2333.500
2328.932	2326.869	2324.364	2330.552	2326.279	2334.678	2448.288	2400.840	2325.395	2323.774	2327.605	2326.721	2333.057
2332.615	2327.458	2328.342	2331.731	2329.079	2338.215	2444.752	2400.398	2330.552	2326.279	2330.258	2327.605	2334.973
2330.258	2325.837	2323.185	2330.700	2326.132	2334.089	2438.416	2391.852	2328.047	2325.248	2327.605	2327.016	2331.142
2329.816	2326.574	2324.511	2329.963	2329.226	2336.447	2434.584	2390.673	2327.016	2327.016	2326.869	2325.690	2329.816
2327.900	2326.574	2320.974	2328.784	2327.016	2334.973	2432.522	2387.431	2327.900	2325.984	2324.658	2325.248	2327.753
2329.816	2329.521	2322.890	2328.784	2330.405	2339.541	2436.942	2391.557	2330.847	2328.932	2326.427	2328.342	2328.047
2328.195	2328.637	2320.680	2329.668	2327.753	2339.836	2437.384	2389.641	2330.258	2328.490	2323.479	2328.195	2327.605
2327.605	2329.374	2321.859	2326.427	2329.816	2340.573	2436.058	2391.999	2331.289	2328.490	2322.595	2329.079	2325.690
2322.006	2328.932	2318.617	2324.953	2325.984	2337.625	2432.816	2391.262	2327.458	2326.427	2318.911	2326.132	2325.248
2323.922	2329.521	2322.743	2325.248	2330.995	2339.541	2437.237	2396.714	2330.110	2327.605	2322.890	2327.900	2328.342
2320.827	2329.374	2319.943	2325.542	2326.279	2338.804	2439.447	2396.567	2329.226	2325.984	2321.711	2327.016	2327.753
2321.269	2328.047	2322.890	2327.163	2326.574	2338.068	2440.037	2398.483	2330.552	2324.364	2323.774	2328.047	2329.226
2317.143	2322.448	2320.238	2324.364	2321.711	2335.268	2438.416	2394.652	2328.637	2323.037	2320.827	2322.595	2327.605
2318.469	2323.037	2322.448	2324.953	2324.216	2334.678	2439.152	2394.799	2328.047	2322.006	2324.364	2322.448	2327.458
2318.027	2319.796	2321.417	2323.037	2321.417	2334.678	2442.984	2394.504	2329.374	2321.711	2323.922	2322.595	2327.900
2319.648	2319.206	2322.153	2324.806	2324.069	2334.236	2445.931	2395.978	2328.342	2320.238	2325.100	2320.974	2327.458
2318.911	2320.532	2324.364	2322.301	2321.269	2336.447	2446.815	2393.325	2330.110	2320.385	2323.627	2322.153	2327.605
2322.890	2320.385	2324.806	2322.448	2323.774	2336.299	2450.646	2398.630	2329.374	2322.890	2325.837	2321.417	2330.110
2323.037	2320.974	2325.837	2321.711	2325.837	2336.594	2456.098	2398.483	2327.900	2324.953	2324.216	2320.090	2329.816
2327.016	2324.806	2326.132	2322.006	2330.110	2339.541	2456.098	2401.872	2327.753	2324.806	2327.605	2323.627	2332.615
2326.574	2323.627	2322.743	2322.301	2328.637	2339.541	2453.446	2397.746	2327.900	2324.069	2324.806	2324.511	2329.521
2328.932	2326.279	2324.069	2324.953	2329.816	2339.541	2449.909	2397.304	2327.458	2325.100	2328.195	2324.658	2330.258
2329.374	2324.658	2321.122	2323.774	2328.047	2339.541	2449.909	2396.272	2327.900	2325.100	2325.100	2325.984	2329.226
2331.289	2325.690	2318.469	2327.753	2330.700	2338.362	2449.909	2398.335	2325.837	2325.542	2325.100	2324.806	2327.753
2328.047	2325.837	2319.943	2328.637	2328.195	2339.099	2446.225	2392.589	2327.605	2324.069	2323.627	2326.574	2328.490
2327.900	2327.458	2319.796	2330.405	2331.437	2341.457	2442.394	2392.146	2329.226	2324.069	2326.869	2329.079	2328.784
2326.132	2326.279	2320.827	2332.321	2328.195	2339.983	2446.225	2392.736	2329.668	2323.627	2324.216	2328.932	2328.195
2326.427	2329.226	2324.511	2333.500	2329.668	2341.015	2446.962	2398.041	2332.321	2325.837	2328.195	2328.784	2331.437
2325.248	2325.100	2323.037	2332.321	2326.721	2341.309	2448.730	2397.009	2329.963	2322.448	2324.364	2327.753	2330.110
2324.069	2325.984	2325.690	2332.468	2327.016	2341.162	2449.025	2398.335	2333.057	2321.859	2328.195	2327.016	2331.142
2322.006	2323.037	2325.100	2330.552	2324.658	2341.604	2445.341	2393.767	2330.258	2322.153	2328.195	2326.574	2330.700
2324.069	2323.185	2325.542	2331.142	2327.163	2339.983	2447.110	2398.483	2331.437	2321.564	2329.668	2323.479	2329.079
2323.332	2320.385	2323.332	2330.110	2323.037	2339.099	2447.552	2396.420	2327.900	2321.269	2327.900	2324.364	2328.195
2323.479	2322.006	2324.364	2328.784	2326.721	2338.952	2444.457	2395.978	2330.552	2322.890	2330.552	2323.627	2329.668
2323.479	2319.501	2324.953	2326.574	2326.427	2336.741	2444.310	2390.673	2325.837	2321.417	2329.374	2322.301	2329.374
2324.953	2324.953	2325.690	2328.637	2330.405	2337.331	2445.636	2393.620	2329.079	2325.395	2332.026	2324.216	2332.910
2325.100	2323.479	2325.395	2327.605	2330.700	2338.362	2440.626	2388.315	2325.248	2326.574	2328.195	2325.395	2331.437
2327.605	2326.427	2325.690	2327.605	2331.879	2337.625	2439.889	2389.789	2329.079	2327.605	2328.932	2325.984	2335.563
2325.690	2323.774	2320.385	2322.448	2329.079	2334.973	2433.553	2381.979	2324.364	2325.837	2324.364	2324.658	2331.289
2329.816	2328.047	2322.595	2325.542	2332.026	2336.447	2433.995	2384.189	2329.374	2328.637	2324.806	2325.837	2333.794
2327.605	2325.984	2319.206	2324.364	2329.226	2335.415	2429.722	2378.885	2325.542	2326.574	2320.532	2324.511	2329.963
2328.784	2328.195	2319.059	2326.132	2332.910	2338.362	2427.806	2379.916	2330.258	2329.079	2319.796	2327.605	2331.289
2321.417	2320.827	2314.786	2320.238	2324.069	2331.731	2417.049	2370.043	2323.774	2321.564	2312.870	2321.711	2323.332
2321.564	2319.796	2314.049	2320.532	2324.806	2329.963	2416.313	2371.370	2323.774	2323.922	2314.344	2319.501	2325.690
2317.143	2317.733	2312.133	2319.059	2319.796	2326.279	2415.576	2369.749	2320.090	2319.059	2312.133	2317.291	2320.532
2320.532	2319.206	2316.554	2323.922	2324.069	2331.142	2414.839	2372.548	2322.006	2324.806	2315.964	2319.206	2323.774
2315.522	2316.849	2315.817	2320.385	2319.501	2326.721	2411.892	2370.338	2318.764	2319.501	2315.817	2315.817	2321.417
2318.764	2317.585	2318.911	2324.364	2320.238	2327.458	2413.365	2371.517	2320.238	2320.974	2320.238	2316.701	2325.248
2316.849	2317.438	2317.438	2319.648	2314.786	2324.953	2413.218	2370.780	2316.112	2317.291	2318.322	2316.554	2322.301
2324.069	2322.890	2323.479	2325.248	2323.332	2329.816	2418.376	2375.495	2320.385	2322.595	2325.100	2321.122	2328.784
2323.037	2324.069	2324.806	2323.332	2321.417	2332.173	2419.260	2373.875	2321.122	2318.469	2325.248	2322.448	2326.427
2327.016	2326.427	2327.311	2324.806	2327.311	2335.710	2423.238	2377.411	2323.922	2324.216	2329.079	2324.806	2331.584
2324.658	2325.690	2325.837	2323.627	2323.922	2332.763	2425.449	2375.938	2323.627	2320.680	2329.668	2323.627	2331.584
2327.163	2326.427	2323.479	2323.627	2326.721	2335.563	2424.712	2376.380	2323.922	2323.627	2327.016	2324.216	2332.763
2325.100	2325.690	2323.774	2320.827	2326.279	2334.826	2421.470	2374.317	2322.448	2321.859	2325.542	2323.479	2329.668
2327.016	2324.953	2323.479	2326.132	2329.668	2336.889	2423.680	2377.116	2325.837	2325.690	2326.132	2323.479	2330.552
2325.248	2323.922	2321.122	2324.953	2327.458	2336.152	2423.238	2376.969	2324.658	2324.806	2322.301	2321.564	2327.163
2325.984	2326.869	2320.532	2328.637	2330.552	2337.773	2425.301	2381.095	2325.837	2328.932	2322.743	2324.069	2330.110
2324.364	2324.953	2318.911	2327.163	2324.953	2335.857	2418.965	2377.116	2324.069	2325.100	2318.322	2322.006	2324.953
2324.069	2326.427	2320.385	2327.605	2326.721	2338.362	2423.238	2379.179	2325.100	2326.574	2317.733	2324.658	2327.458
2319.648	2324.806	2320.090	2325.984	2322.595	2336.152	2421.028	2377.853	2323.774	2324.806	2318.764	2321.711	2324.069
2322.006	2324.806	2319.059	2327.900	2323.922	2337.183	2426.333	2381.537	2322.890	2328.342	2318.764	2322.153	2325.395
2319.943	2323.479	2319.648	2326.574	2321.711	2338.215	2422.943	2381.242	2324.216	2324.216	2319.354	2321.711	2325.690
2321.564	2324.364	2322.006	2329.374	2325.984	2337.920	2425.006	2382.863	2325.100	2328.342	2323.332	2322.743	2329.226
2322.006	2322.595	2321.564	2329.226	2322.301	2336.447	2421.323	2381.684	2325.542	2324.069	2323.774	2320.680	2326.869
2324.069	2324.658	2325.100	2330.110	2326.132	2338.068	2426.480	2385.073	2326.279	2326.574	2327.605	2321.564	2331.584
2323.185	2322.006	2323.922	2328.490	2323.774	2334.531	2423.828	2384.484	2324.953	2324.069	2326.132	2319.796	2328.490
2326.574	2323.332	2326.427	2329.079	2328.490	2336.741	2428.690	2385.663	2324.658	2325.100	2327.900	2322.153	2331.437
2325.542	2324.216	2325.542	2325.984	2326.869	2335.415	2424.122	2385.958	2324.806	2323.332	2329.226	2321.564	2331.731
2328.195	2325.984	2323.774	2326.427	2327.016	2335.268	2427.511	2385.958	2323.479	2327.016	2328.047	2321.122	2332.173
2326.279	2325.542	2321.417	2322.890	2324.069	2336.889	2427.511	2385.958	2323.627	2324.216	2328.047	2321.417	2332.173
2327.753	2325.690	2320.680	2323.037	2326.721	2336.005	2433.258	2388.757	2322.301	2326.574	2326.721	2321.564	2334.236
2326.427	2323.774	2316.259	2322.743	2325.248	2334.384	2432.816	2386.989	2322.595	2325.395	2323.627	2321.711	2330.405
2329.816	2327.900	2317.143	2324.806	2328.784	2337.625	2436.058	2389.347	2324.069	2327.900	2325.248	2324.511	2332.763
2326.427	2325.837	2315.080	2324.364	2326.279	2335.710	2434.879	2389.347	2323.774	2326.869	2322.448	2323.185	2329.226
2327.900	2327.900	2317.291	2327.605	2328.195	2338.362	2439.447	2390.820	2327.458	2327.753	2323.627	2326.427	2331.879
2322.595	2322.595	2317.143	2324.806	2327.016	2334.826	2433.406	2387.431	2324.364	2324.806	2322.743	2324.364	2328.342
2323.922	2326.132	2318.911	2326.721	2326.869	2336.005	2430.606	2387.284	2325.984	2325.984	2321.711	2324.806	2330.847
2322.006	2322.301	2318.764	2324.069	2323.922	2337.036	2423.828	2382.274	2324.658	2325.837	2321.711	2322.890	2327.753
2321.269	2326.427	2322.153	2325.690	2323.332	2336.005	2420.733	2379.621	2326.869	2326.279	2323.774	2322.890	2329.521
2318.175	2323.037	2321.269	2324.953	2322.595	2336.741	2413.071	2375.348	2325.100	2324.216	2323.627	2319.206	2327.458
2322.743	2325.837	2322.890	2326.279	2322.890	2336.299	2412.923	2372.401	2326.427	2325.100	2325.395	2322.301	2330.405
2321.122	2321.269	2319.648	2324.953	2322.743	2335.857	2407.619	2368.275	2322.006	2322.890	2322.006	2317.880	2327.900
2325.395	2325.100	2323.627	2328.490	2323.922	2337.331	2410.418	2368.275	2324.216	2323.627	2326.132	2320.827	2332.468
2323.332	2320.827	2320.532	2325.542	2322.006	2334.826	2407.619	2365.623	2320.532	2324.069	2325.100	2319.796	2328.784
2326.574	2324.953	2324.216	2328.342	2327.016	2335.563	2411.303	2366.065	2324.511	2324.511	2328.637	2322.743	2332.026
2325.395	2319.943	2320.385	2325.100	2326.869	2335.415	2411.008	2366.065	2320.238	2322.743	2324.953	2320.827	2330.847
2328.195	2322.595	2323.922	2325.100	2326.574	2334.678	2414.544	2367.980	2322.301	2323.479	2326.427	2324.511	2333.205
2325.542	2319.796	2320.974	2323.922	2325.837	2335.415	2413.218	2368.570	2322.006	2321.269	2323.185	2321.711	2332.763
2325.100	2323.922	2322.153	2323.479	2325.984	2335.710	2414.397	2367.391	2325.690	2322.890	2325.690	2325.542	2334.089
2324.953	2323.037	2318.764	2320.385	2325.395	2335.120	2413.955	2366.802	2324.069	2323.037	2322.006	2323.922	2331.731
2326.427	2325.542	2322.448	2324.364	2328.490	2338.068	2418.081	2369.896	2328.195	2323.332	2326.132	2326.869	2336.741
2324.953	2325.690	2319.943	2323.922	2327.163	2338.068	2417.786	2370.191	2326.279	2323.627	2323.037	2327.311	2334.236
2325.837	2328.490	2322.448	2326.574	2326.721	2340.130	2415.134	2371.222	2328.342	2325.690	2324.806	2330.405	2337.773
2321.269	2324.953	2318.764	2325.837	2325.542	2336.447	2412.334	2367.833	2326.279	2324.364	2321.269	2327.311	2333.057
2322.743	2327.900	2322.006	2327.900	2324.806	2339.246	2409.387	2368.128	2326.279	2327.605	2325.100	2328.784	2332.321
2320.827	2322.890	2320.974	2326.132	2322.890	2334.236	2407.619	2365.770	2322.595	2325.100	2321.417	2323.627	2328.490
2320.827	2324.953	2322.890	2327.311	2321.564	2337.773	2404.672	2365.328	2323.922	2326.279	2323.774	2326.721	2329.226
2321.859	2322.006	2320.238	2326.574	2320.532	2334.678	2402.314	2361.202	2321.564	2325.542	2320.385	2323.037	2325.690
2322.006	2323.922	2321.417	2325.542	2319.206	2335.268	2399.219	2360.171	2320.238	2324.364	2321.564	2323.185	2327.753
2320.827	2319.943	2320.090	2323.922	2319.501	2332.468	2397.893	2357.813	2319.796	2323.037	2321.417	2318.469	2323.627
2326.132	2324.511	2321.711	2325.690	2321.711	2335.415	2398.188	2360.171	2321.859	2326.721	2325.395	2320.974	2328.490
2325.100	2322.448	2318.764	2324.658	2323.332	2333.352	2398.925	2358.697	2324.069	2323.922	2324.806	2319.796	2328.637
2328.637	2327.016	2322.153	2325.837	2324.806	2337.183	2399.662	2363.707	2326.427	2327.311	2327.163	2325.100	2332.763
2326.279	2323.479	2317.733	2323.627	2324.953	2332.321	2401.577	2362.234	2324.069	2324.511	2324.806	2320.090	2330.995
2327.311	2326.279	2321.269	2323.479	2326.574	2335.415	2404.672	2364.739	2327.016	2325.395	2324.658	2323.037	2331.437
2326.721	2322.301	2318.027	2321.564	2325.837	2331.731	2403.345	2363.118	2327.311	2324.364	2324.806	2320.238	2329.374
2327.016	2325.984	2319.354	2323.479	2326.869	2334.531	2407.619	2366.507	2327.605	2325.542	2325.395	2324.216	2331.584
2326.721	2323.479	2318.617	2321.711	2324.216	2333.794	2407.029	2364.886	2325.984	2323.332	2323.037	2322.448	2329.079
2326.427	2324.658	2321.711	2322.743	2327.605	2334.384	2406.735	2365.623	2324.806	2326.721	2322.448	2323.627	2330.847
2324.806	2321.564	2318.469	2322.448	2324.069	2333.352	2402.903	2358.697	2324.511	2324.069	2319.206	2320.238	2326.574
2326.279	2324.953	2323.627	2327.311	2329.963	2337.331	2405.408	2361.792	2328.490	2327.311	2323.774	2325.395	2330.405
2321.859	2321.269	2320.532	2325.395	2325.690	2334.236	2397.893	2356.192	2324.216	2324.216	2321.269	2322.743	2327.605
2321.417	2323.185	2323.627	2328.342	2329.226	2336.447	2400.251	2357.666	2324.216	2326.721	2321.859	2324.511	2328.047
2322.301	2320.532	2323.627	2328.047	2326.721	2332.910	2395.830	2354.424	2325.837	2325.984	2322.006	2321.564	2328.047
2322.006	2323.479	2326.574	2332.026	2328.490	2333.942	2397.009	2356.782	2326.279	2328.047	2323.332	2325.248	2328.490
2322.595	2319.943	2324.216	2327.458	2323.479	2331.879	2395.683	2353.982	2325.395	2325.542	2321.859	2321.711	2326.574
2323.774	2323.479	2326.132	2330.700	2325.837	2330.847	2395.830	2356.487	2323.922	2324.806	2325.100	2325.248	2328.784
2321.859	2320.974	2321.122	2324.511	2320.532	2328.784	2389.789	2352.361	2320.827	2323.774	2320.974	2319.943	2324.658
2325.395	2324.806	2323.627	2328.342	2324.658	2330.110	2394.209	2357.666	2323.774	2324.511	2324.364	2323.185	2327.458
2325.395	2323.627	2319.796	2324.511	2320.680	2328.490	2394.504	2356.634	2322.595	2321.711	2322.301	2322.595	2327.605
2325.395	2324.953	2319.059	2323.332	2322.890	2330.847	2399.367	2358.992	2321.417	2320.385	2323.479	2325.837	2326.869
2322.890	2320.680	2313.901	2318.175	2320.680	2328.195	2397.451	2356.487	2321.711	2316.406	2321.122	2320.974	2324.953
2322.890	2324.069	2315.964	2323.037	2323.774	2331.289	2401.430	2360.318	2322.595	2318.175	2324.511	2325.100	2326.427
2323.332	2321.122	2314.491	2319.206	2322.595	2331.584	2403.640	2360.760	2322.006	2317.585	2322.301	2321.859	2325.100
2325.542	2323.922	2319.501	2324.658	2325.984	2333.794	2410.860	2366.212	2325.395	2319.354	2327.458	2326.132	2328.932
2324.216	2321.417	2315.817	2320.532	2324.069	2331.584	2410.271	2363.412	2322.448	2317.733	2322.743	2323.185	2325.542
2323.185	2322.743	2319.796	2325.100	2323.774	2332.910	2414.102	2364.591	2325.395	2320.090	2325.984	2324.658	2327.163
2322.595	2320.532	2319.354	2325.100	2322.006	2332.763	2409.240	2362.381	2323.774	2319.206	2322.743	2320.827	2328.195
2322.890	2322.153	2323.037	2327.605	2322.890	2336.299	2412.187	2364.002	2325.100	2322.595	2323.479	2324.806	2328.932
2319.648	2318.175	2320.680	2324.364	2318.027	2333.057	2404.082	2358.550	2324.806	2320.238	2320.090	2319.354	2327.163
2318.322	2319.648	2321.417	2324.806	2319.796	2333.205	2401.430	2357.518	2324.806	2322.595	2320.238	2321.859	2327.016
2317.143	2316.554	2321.711	2324.364	2315.522	2332.173	2394.652	2353.392	2323.332	2319.059	2316.701	2318.175	2323.774
2317.585	2320.238	2322.595	2324.658	2316.406	2332.468	2392.589	2353.687	2323.922	2320.385	2320.532	2322.301	2325.395
2317.880	2316.996	2322.743	2325.100	2316.701	2332.468	2386.105	2351.919	2321.859	2320.827	2316.996	2319.059	2321.711
2319.206	2319.501	2322.448	2323.627	2318.469	2332.615	2389.199	2352.361	2322.153	2321.269	2319.796	2321.564	2322.006
2318.027	2316.259	2318.175	2322.301	2316.849	2328.195	2384.042	2347.940	2318.322	2318.764	2318.617	2317.438	2320.974
2322.743	2320.532	2319.354	2324.511	2321.269	2329.668	2389.936	2353.245	2319.206	2319.354	2322.006	2322.448	2322.301
2323.185	2320.238	2317.880	2324.364	2319.943	2328.490	2390.378	2355.013	2320.974	2318.469	2322.595	2319.648	2324.069
2325.690	2323.332	2316.996	2324.806	2323.332	2329.374	2392.589	2356.782	2321.711	2320.974	2323.627	2323.185	2327.458
2324.658	2320.827	2317.733	2325.100	2321.711	2329.521	2392.294	2356.782	2322.301	2319.206	2323.479	2320.385	2326.574
2326.427	2323.479	2317.438	2323.185	2323.922	2329.226	2394.799	2359.434	2324.364	2320.090	2325.542	2323.332	2329.816
2325.100	2322.595	2317.733	2323.922	2322.595	2328.784	2391.852	2358.108	2324.069	2320.090	2323.627	2321.564	2326.869
2325.837	2326.427	2321.859	2325.837	2325.690	2332.615	2396.125	2361.202	2327.753	2320.974	2324.806	2325.100	2330.110
2323.479	2324.511	2322.153	2325.542	2325.542	2331.142	2393.178	2357.813	2325.984	2321.122	2325.395	2323.185	2329.226
2322.006	2324.069	2324.658	2326.869	2325.395	2333.205	2396.125	2359.287	2326.427	2320.827	2323.332	2323.185	2329.226
2316.996	2319.354	2321.859	2323.774	2322.301	2328.932	2392.883	2355.013	2325.248	2318.322	2322.301	2319.354	2325.690
2319.501	2321.859	2323.627	2325.395	2321.711	2331.289	2396.420	2357.813	2324.216	2320.532	2320.974	2317.880	2325.248
2316.701	2318.617	2321.859	2321.859	2320.090	2329.963	2393.915	2353.540	2322.890	2318.175	2318.469	2314.638	2323.627
2318.322	2322.301	2322.301	2323.037	2321.269	2333.057	2399.956	2357.518	2324.069	2321.269	2320.532	2317.733	2325.690
2318.911	2319.206	2319.354	2320.090	2318.617	2330.995	2396.272	2356.487	2322.153	2320.090	2319.059	2314.491	2322.006
2321.269	2320.974	2321.269	2320.238	2319.796	2332.468	2399.956	2358.992	2322.890	2323.627	2319.501	2317.733	2326.279
2321.269	2321.417	2317.880	2321.269	2320.680	2331.142	2398.777	2356.782	2321.269	2322.890	2321.417	2318.764	2324.364
2326.721	2324.069	2320.385	2321.417	2323.627	2333.500	2403.051	2359.876	2321.711	2327.016	2322.301	2320.974	2327.753
2323.185	2321.859	2316.849	2320.090	2324.511	2330.700	2400.546	2357.813	2323.332	2324.511	2322.743	2321.269	2327.311
2325.690	2325.100	2318.175	2324.216	2325.690	2334.089	2405.261	2361.644	2322.743	2327.605	2325.690	2323.479	2328.637
2324.511	2320.680	2318.469	2323.922	2324.953	2330.995	2404.230	2360.318	2322.301	2323.479	2325.395	2322.153	2326.574
2325.837	2324.216	2320.827	2326.721	2328.342	2332.468	2409.092	2362.823	2324.511	2327.605	2329.079	2325.248	2330.110
2322.743	2322.301	2316.996	2325.100	2324.511	2329.963	2406.882	2361.055	2322.743	2321.417	2324.364	2321.711	2324.511
2322.890	2323.479	2319.943	2325.542	2325.690	2331.437	2409.240	2362.970	2325.248	2322.006	2325.837	2322.448	2326.132
2320.385	2322.890	2317.733	2325.690	2321.859	2329.816	2407.766	2363.118	2323.774	2317.733	2322.743	2320.385	2323.922
2321.417	2322.448	2320.532	2326.869	2324.953	2331.289	2409.387	2364.002	2324.069	2320.680	2325.837	2321.564	2325.984
2320.532	2321.269	2318.764	2324.953	2320.974	2326.869	2405.850	2362.234	2321.564	2316.112	2321.269	2317.733	2324.511
2320.238	2323.774	2320.238	2327.016	2324.953	2328.637	2405.408	2361.939	2323.185	2320.385	2322.890	2321.417	2326.279
2320.827	2322.153	2319.206	2325.395	2321.122	2328.342	2400.840	2360.760	2320.680	2316.554	2318.911	2317.585	2322.743
2321.711	2322.153	2322.301	2325.395	2323.774	2330.995	2403.787	2359.729	2320.680	2319.943	2320.827	2320.827	2327.311
2321.859	2320.532	2318.322	2324.511	2320.974	2329.816	2399.072	2358.697	2320.090	2318.911	2315.522	2317.438	2323.185
2323.479	2322.595	2322.153	2325.395	2326.279	2333.352	2402.756	2359.581	2321.711	2323.037	2319.059	2322.595	2327.900
2322.890	2323.774	2319.796	2326.132	2322.890	2332.615	2400.988	2359.581	2320.532	2321.417	2316.259	2320.680	2325.984
2324.806	2323.922	2322.301	2327.163	2328.342	2338.804	2402.167	2360.318	2324.953	2324.953	2321.122	2325.542	2330.110
2324.069	2322.448	2317.880	2323.479	2322.153	2334.089	2396.272	2356.339	2321.122	2321.122	2318.175	2319.354	2325.395
2323.332	2322.301	2318.764	2324.658	2325.248	2336.741	2399.662	2356.782	2323.479	2325.100	2320.238	2323.479	2328.784
2322.301	2320.532	2317.585	2325.100	2324.364	2333.205	2396.420	2358.402	2324.216	2322.153	2319.501	2320.680	2324.658
2323.627	2322.153	2321.417	2325.690	2327.311	2334.236	2398.483	2357.960	2325.542	2326.279	2324.806	2324.069	2330.258
2321.564	2319.059	2316.701	2323.185	2322.743	2329.226	2392.883	2354.719	2322.301	2320.238	2321.711	2319.206	2323.774
2323.479	2318.469	2318.469	2320.974	2323.627	2328.784	2393.767	2354.424	2323.627	2320.532	2321.859	2322.153	2325.100
2321.269	2318.469	2317.143	2320.532	2319.796	2325.100	2391.999	2354.571	2322.006	2318.617	2320.680	2321.122	2321.859
2322.153	2319.648	2321.417	2324.364	2324.364	2331.142	2396.272	2358.402	2325.690	2320.532	2321.122	2325.100	2327.605
2321.269	2320.090	2319.648	2322.743	2320.827	2327.753	2392.294	2355.897	2323.627	2317.438	2322.448	2321.417	2325.984
2321.417	2322.890	2319.501	2325.248	2320.680	2332.173	2395.388	2354.719	2324.364	2320.680	2321.564	2323.627	2327.605
2320.680	2319.501	2315.964	2321.122	2316.112	2329.668	2390.084	2353.245	2318.911	2315.964	2319.501	2319.796	2324.069
2322.153	2323.922	2320.680	2324.069	2318.617	2334.089	2395.094	2355.603	2321.859	2320.974	2321.711	2324.806	2328.047
2321.122	2322.890	2318.027	2321.564	2317.880	2334.826	2392.589	2355.308	2321.417	2321.122	2321.269	2321.417	2326.132
2320.680	2323.922	2317.733	2321.564	2319.648	2335.563	2391.704	2352.656	2321.711	2322.006	2320.974	2322.890	2327.458
2319.648	2324.511	2316.259	2317.291	2317.291	2332.615	2387.431	2352.508	2322.595	2321.417	2321.564	2320.090	2323.332
2319.796	2323.922	2315.964	2320.532	2320.680	2334.236	2387.579	2351.771	2322.301	2321.859	2321.417	2322.448	2325.837
2320.680	2324.511	2317.585	2317.291	2320.385	2332.468	2386.547	2352.950	2321.417	2320.680	2322.890	2320.532	2322.890
2322.743	2326.721	2321.417	2321.859	2325.837	2336.005	2394.652	2356.487	2326.132	2325.837	2326.279	2326.869	2328.342
2319.501	2321.122	2316.701	2319.648	2324.511	2335.268	2389.936	2354.276	2324.216	2323.774	2323.922	2321.417	2323.774
2319.354	2321.122	2318.911	2322.448	2325.690	2334.236	2393.325	2354.719	2324.658	2325.395	2325.248	2323.627	2325.542
2319.501	2318.764	2318.911	2321.564	2325.100	2334.531	2395.094	2356.782	2322.890	2321.122	2325.395	2321.417	2322.890
2322.595	2319.501	2320.532	2325.248	2327.458	2335.563	2398.777	2356.634	2321.711	2324.069	2326.279	2324.658	2327.311
2322.301	2320.385	2322.006	2322.301	2324.364	2334.089	2398.925	2356.634	2322.153	2321.859	2326.132	2323.922	2325.100
2325.100	2320.827	2321.269	2325.690	2328.342	2333.942	2398.188	2357.813	2324.364	2322.595	2327.016	2325.984	2327.311
2323.037	2319.206	2319.354	2322.153	2321.859	2330.258	2393.178	2354.276	2321.417	2318.617	2322.448	2320.090	2321.122
2323.479	2323.185	2321.859	2325.395	2323.774	2329.963	2395.388	2357.076	2323.479	2319.206	2323.037	2324.658	2324.658
2325.542	2323.627	2321.417	2324.511	2320.974	2331.731	2393.767	2356.929	2322.890	2317.880	2321.564	2322.448	2325.100
2323.627	2324.806	2320.974	2325.395	2321.564	2329.963	2392.441	2357.224	2325.100	2321.269	2320.090	2324.658	2325.984
2322.301	2321.122	2318.175	2322.448	2317.733	2329.226	2394.504	2355.750	2322.743	2319.796	2317.291	2320.680	2322.595
2320.974	2322.153	2317.438	2323.627	2319.354	2330.405	2395.683	2357.224	2323.332	2321.269	2316.259	2322.301	2321.711
2318.617	2321.417	2315.964	2320.385	2315.670	2331.289	2395.241	2356.487	2322.006	2320.827	2315.817	2320.532	2323.627
2317.438	2320.974	2315.817	2321.859	2319.796	2334.089	2395.978	2356.487	2321.711	2321.859	2318.027	2323.332	2323.774
2319.648	2319.796	2314.786	2318.911	2318.175	2332.763	2396.272	2355.161	2319.796	2321.711	2318.175	2320.238	2324.511
2320.238	2320.385	2316.701	2322.006	2322.153	2335.268	2396.125	2354.424	2321.417	2323.922	2321.122	2324.216	2324.806
2322.301	2320.974	2316.701	2323.185	2322.153	2335.415	2395.978	2353.982	2320.385	2323.479	2322.301	2322.006	2326.132
2322.301	2321.417	2319.796	2326.869	2326.279	2337.773	2392.883	2355.603	2323.332	2322.890	2325.542	2325.542	2327.163
2323.922	2321.122	2320.385	2324.658	2325.837	2336.889	2392.441	2355.013	2322.153	2323.037	2325.395	2323.774	2326.721
2325.395	2320.385	2321.711	2327.753	2327.311	2338.952	2390.820	2354.571	2322.301	2322.595	2326.721	2325.690	2327.163
2326.427	2323.332	2321.711	2328.932	2326.574	2336.889	2390.526	2355.013	2323.627	2322.743	2327.163	2325.100	2329.816
2327.605	2323.185	2322.743	2331.289	2326.427	2338.510	2389.347	2356.634	2325.984	2322.153	2326.574	2326.869	2328.047
2326.721	2320.827	2320.974	2328.784	2323.774	2333.794	2388.610	2355.308	2324.069	2321.564	2324.806	2321.859	2326.574
2325.984	2321.417	2322.448	2330.995	2323.037	2334.384	2389.936	2356.339	2325.690	2321.711	2324.658	2325.100	2327.900
2327.163	2322.006	2319.648	2326.721	2319.501	2330.847	2388.463	2354.424	2323.627	2322.301	2324.806	2321.417	2327.163
2326.279	2321.269	2318.617	2331.289	2319.943	2330.847	2387.284	2353.982	2327.016	2322.448	2324.953	2324.658	2330.552
2325.395	2320.385	2317.585	2327.605	2317.143	2327.605	2385.221	2354.129	2324.216	2322.153	2322.743	2320.238	2328.342
2326.721	2321.269	2319.943	2331.289	2320.090	2332.615	2388.610	2355.603	2329.521	2324.953	2323.479	2323.037	2332.026
2324.364	2321.122	2319.059	2327.163	2319.354	2331.289	2383.747	2352.950	2325.690	2325.542	2323.627	2319.206	2329.079
2324.069	2324.216	2318.764	2327.311	2321.417	2333.942	2383.747	2352.361	2329.374	2325.248	2325.690	2323.479	2332.026
2324.511	2323.627	2318.911	2322.448	2321.564	2331.731	2376.674	2350.740	2325.690	2324.511	2324.806	2319.501	2328.047
2323.627	2323.627	2319.501	2323.922	2323.037	2334.089	2375.053	2348.824	2326.132	2324.658	2323.922	2322.301	2327.458
2322.301	2323.479	2319.059	2321.122	2322.301	2333.647	2371.222	2348.382	2322.006	2324.216	2323.332	2318.469	2325.984
2324.511	2325.100	2321.269	2325.395	2325.984	2336.299	2372.990	2347.498	2326.721	2327.605	2326.721	2322.743	2327.016
2323.627	2324.069	2320.238	2320.090	2323.627	2332.615	2368.422	2344.109	2320.974	2324.806	2325.395	2319.943	2323.627
2328.784	2325.837	2324.216	2326.427	2328.637	2335.415	2374.906	2348.235	2326.132	2330.552	2330.405	2326.132	2329.521
2326.279	2324.216	2323.037	2325.248	2325.690	2333.647	2370.780	2346.761	2321.417	2325.542	2327.605	2322.301	2325.100
2329.079	2322.595	2322.595	2328.637	2324.953	2333.942	2374.759	2346.025	2324.364	2328.932	2329.963	2323.774	2327.605
2330.552	2321.417	2323.185	2329.668	2325.395	2333.942	2375.495	2347.646	2324.216	2326.427	2328.195	2320.974	2329.079
2330.847	2320.532	2325.395	2328.932	2324.658	2332.468	2377.558	2348.824	2326.721	2326.427	2328.342	2323.479	2328.932
2327.163	2319.206	2322.153	2326.132	2321.269	2332.026	2375.643	2348.382	2324.364	2322.153	2322.890	2318.764	2326.574
2327.458	2320.532	2324.364	2329.374	2323.037	2333.057	2379.179	2352.361	2329.079	2322.301	2324.069	2323.479	2328.490
2323.774	2316.701	2317.585	2323.627	2316.406	2329.374	2374.317	2348.088	2322.743	2315.964	2317.143	2316.996	2324.364
2325.248	2318.469	2320.974	2329.079	2319.943	2331.731	2379.769	2350.151	2327.605	2321.417	2319.059	2323.479	2329.374
2321.564	2317.438	2315.522	2321.859	2319.206	2330.258	2378.885	2350.151	2321.859	2315.670	2314.786	2318.617	2325.984
2319.648	2319.648	2315.522	2324.216	2319.354	2329.816	2378.737	2350.298	2324.511	2318.175	2317.585	2320.090	2326.132
2319.501	2319.501	2312.723	2321.711	2319.206	2329.816	2381.095	2349.856	2320.238	2317.143	2315.964	2315.817	2324.953
2322.890	2321.417	2314.196	2321.859	2322.006	2330.110	2381.242	2349.856	2322.743	2320.238	2319.943	2320.385	2326.427
2323.037	2319.501	2311.102	2318.764	2320.532	2329.521	2380.358	2348.972	2317.291	2319.796	2319.059	2316.406	2324.658
2322.595	2321.711	2314.344	2319.943	2323.332	2330.110	2380.211	2347.498	2319.354	2319.501	2322.448	2318.911	2324.069
2323.479	2321.122	2313.017	2317.291	2322.153	2328.932	2378.295	2346.172	2315.375	2318.175	2320.238	2315.080	2322.743
2327.458	2323.185	2319.206	2325.248	2324.658	2331.731	2379.916	2347.351	2323.332	2322.448	2324.511	2320.532	2325.837
2327.900	2323.774	2319.796	2324.511	2323.774	2333.647	2380.800	2348.088	2320.680	2321.269	2322.743	2322.595	2325.984
2331.437	2325.542	2322.890	2327.753	2325.690	2334.678	2380.653	2349.266	2324.953	2325.984	2328.047	2326.279	2327.753
2328.342	2322.153	2322.153	2327.163	2324.658	2332.910	2381.684	2348.972	2321.711	2321.417	2323.922	2323.627	2326.869
2330.258	2324.069	2323.332	2328.195	2322.448	2331.437	2378.737	2348.088	2324.069	2323.479	2326.427	2323.332	2326.869
2326.427	2321.417	2320.385	2327.016	2321.417	2330.700	2377.706	2348.088	2323.627	2320.827	2323.037	2320.827	2327.163
2328.195	2322.006	2319.943	2326.279	2319.796	2329.816	2377.264	2349.856	2324.511	2320.827	2324.953	2321.564	2327.458
2324.806	2322.006	2318.027	2324.953	2319.354	2328.490	2378.000	2350.003	2321.859	2318.469	2323.185	2319.354	2327.900
2324.069	2320.827	2319.501	2324.069	2319.648	2327.016	2379.474	2351.919	2320.974	2318.027	2322.448	2318.617	2328.784
2319.501	2319.059	2315.375	2323.332	2318.617	2326.721	2378.000	2350.445	2320.090	2312.428	2318.175	2314.491	2327.458
2320.090	2322.595	2318.469	2324.069	2319.796	2327.311	2376.969	2352.361	2320.385	2317.585	2323.185	2315.670	2329.226
2315.670	2318.617	2314.344	2323.774	2319.796	2327.016	2378.443	2348.088	2318.027	2313.312	2319.059	2313.312	2326.427
2320.238	2321.859	2316.554	2325.248	2321.269	2328.932	2379.327	2352.656	2320.532	2317.143	2322.301	2316.849	2331.142
2315.817	2319.796	2314.638	2325.248	2321.417	2329.668	2380.211	2349.561	2317.733	2315.817	2320.680	2315.080	2325.837
2318.322	2321.417	2316.554	2324.511	2323.037	2332.763	2378.737	2351.329	2320.385	2319.059	2323.479	2318.322	2328.342
2315.964	2319.206	2311.249	2323.332	2321.122	2330.258	2374.317	2345.583	2318.027	2316.554	2322.153	2314.786	2322.595
2319.206	2320.090	2314.638	2322.006	2321.564	2333.352	2372.843	2346.467	2318.175	2319.206	2322.890	2318.617	2324.364
2318.617	2316.112	2311.249	2321.417	2320.974	2330.552	2371.222	2343.814	2318.617	2317.291	2318.764	2317.880	2320.680
2321.564	2320.680	2316.112	2321.859	2322.890	2335.120	2371.664	2348.972	2321.122	2320.532	2320.385	2321.269	2323.774
2320.827	2317.291	2315.228	2322.301	2324.216	2331.731	2371.222	2345.877	2318.617	2320.532	2318.027	2319.206	2319.796
2324.806	2322.153	2320.090	2323.479	2325.837	2334.531	2372.548	2351.771	2323.479	2322.890	2319.943	2324.511	2326.574
2321.859	2320.090	2318.911	2322.890	2324.953	2331.584	2373.727	2349.266	2322.006	2321.269	2316.259	2322.595	2323.332
2328.637	2325.100	2323.627	2324.658	2327.163	2334.089	2378.885	2355.603	2327.458	2324.364	2321.269	2326.574	2330.110
2324.216	2322.006	2321.269	2324.806	2324.216	2329.521	2380.948	2353.098	2325.984	2324.069	2317.585	2322.153	2327.458
2327.605	2324.069	2324.216	2326.574	2324.658	2332.173	2384.779	2355.897	2326.574	2322.890	2320.090	2324.364	2331.289
2323.627	2319.796	2319.354	2324.806	2323.479	2328.195	2382.863	2352.508	2325.542	2321.859	2317.733	2320.827	2329.668
2326.279	2324.658	2323.479	2325.984	2322.595	2333.352	2386.694	2353.687	2328.195	2322.153	2320.974	2324.658	2331.879
2321.564	2319.648	2318.617	2325.100	2321.269	2329.521	2384.926	2350.887	2325.837	2320.385	2318.911	2317.880	2327.605
2322.743	2321.122	2318.175	2324.216	2320.532	2331.142	2384.926	2349.561	2322.890	2320.532	2320.680	2316.996	2327.900
2317.143	2316.554	2314.638	2323.037	2318.764	2329.374	2379.769	2346.172	2322.006	2320.385	2316.406	2314.786	2323.774
2322.595	2321.269	2316.112	2323.185	2323.479	2333.500	2384.484	2347.793	2323.479	2320.238	2320.827	2319.796	2325.100
2319.354	2320.827	2313.165	2322.743	2320.974	2333.057	2381.242	2345.877	2323.774	2320.974	2319.206	2316.701	2320.974
2321.711	2322.153	2318.175	2323.037	2322.743	2335.120	2384.779	2347.646	2322.301	2321.711	2321.859	2320.238	2322.743
2319.501	2321.269	2315.080	2322.448	2321.269	2334.236	2381.684	2347.351	2320.827	2321.711	2320.974	2316.849	2319.206
2324.364	2324.511	2318.469	2323.185	2324.069	2335.563	2383.305	2348.972	2322.595	2324.069	2323.185	2321.122	2323.037
2324.806	2322.448	2318.764	2324.806	2324.953	2336.447	2380.800	2349.709	2324.658	2324.953	2323.922	2322.006	2322.006
2326.869	2326.869	2320.827	2324.216	2324.658	2336.741	2382.863	2350.003	2324.069	2325.542	2323.479	2323.037	2324.806
2324.511	2322.153	2320.090	2323.479	2321.269	2336.447	2376.822	2348.677	2321.711	2323.627	2320.974	2319.206	2323.479
2326.721	2324.216	2321.122	2323.185	2321.564	2335.268	2379.327	2348.530	2321.859	2322.595	2319.648	2320.974	2325.984
2323.332	2321.122	2318.027	2322.301	2317.585	2332.910	2373.727	2346.909	2322.448	2320.532	2315.522	2316.406	2323.185
2326.279	2320.238	2320.827	2322.890	2321.122	2331.437	2374.759	2347.498	2324.511	2319.648	2316.406	2316.849	2327.311
2319.943	2315.228	2315.670	2319.354	2315.228	2328.784	2369.012	2341.751	2320.680	2315.817	2312.428	2312.723	2323.479
2320.974	2315.522	2315.228	2316.849	2314.491	2327.900	2369.012	2343.962	2320.238	2314.196	2311.544	2311.544	2324.953
2318.617	2313.901	2313.901	2320.090	2318.027	2329.668	2367.980	2341.604	2318.469	2314.344	2314.491	2314.344	2323.922
2318.469	2317.291	2314.491	2320.385	2321.122	2328.637	2367.686	2343.520	2324.069	2316.701	2316.259	2316.849	2325.395
2315.522	2315.522	2315.228	2321.711	2321.269	2328.490	2362.086	2340.720	2321.269	2317.585	2318.469	2315.228	2327.900
2319.501	2318.911	2316.554	2322.448	2325.837	2329.816	2362.528	2341.162	2323.627	2318.617	2322.006	2318.469	2328.490
2314.491	2318.175	2313.017	2322.448	2321.711	2328.490	2355.750	2336.152	2320.090	2318.322	2319.354	2316.996	2326.574
2318.322	2320.827	2316.112	2323.627	2326.132	2331.142	2355.603	2336.889	2321.122	2321.269	2322.006	2319.501	2325.984
2315.375	2320.532	2314.196	2323.037	2324.069	2328.490	2348.972	2331.289	2319.059	2319.648	2319.501	2319.059	2323.627
2317.143	2319.943	2315.817	2321.859	2322.743	2327.458	2346.909	2333.352	2320.385	2320.090	2319.501	2317.291	2322.448
2315.670	2318.175	2314.786	2322.153	2318.911	2325.542	2341.899	2328.932	2315.228	2316.554	2317.291	2315.964	2319.354
2318.764	2320.532	2315.375	2321.564	2322.890	2325.837	2343.814	2331.584	2319.796	2321.711	2318.764	2319.059	2318.911
2318.322	2318.911	2315.817	2322.006	2319.354	2324.953	2341.457	2329.521	2318.027	2319.943	2320.385	2319.354	2320.090
2321.269	2320.532	2317.291	2322.743	2322.006	2325.395	2344.256	2332.468	2320.238	2323.479	2320.827	2322.153	2321.122
2319.206	2318.175	2317.438	2322.448	2318.027	2321.269	2339.688	2332.173	2320.385	2319.648	2319.943	2320.238	2321.122
2322.448	2319.796	2319.943	2324.806	2320.385	2322.595	2342.636	2333.500	2323.037	2323.185	2320.238	2322.743	2322.890
2318.764	2316.554	2317.880	2323.922	2318.322	2318.911	2339.983	2329.374	2321.269	2319.796	2320.090	2321.122	2323.037
2321.859	2320.090	2319.059	2324.216	2320.385	2318.469	2341.015	2333.647	2323.185	2323.037	2320.974	2320.974	2326.279
2316.406	2314.933	2313.754	2322.890	2315.080	2315.670	2336.594	2327.311	2317.585	2317.585	2317.438	2316.406	2322.006
2315.522	2318.469	2315.522	2321.564	2318.764	2316.996	2336.594	2330.552	2321.564	2320.532	2315.228	2316.554	2321.859
2313.607	2316.406	2311.691	2320.385	2315.522	2316.259	2332.173	2326.427	2318.027	2315.670	2313.607	2313.459	2319.501
2314.786	2319.501	2315.228	2320.090	2319.796	2319.796	2335.120	2327.311	2320.680	2319.943	2314.344	2315.670	2320.532
2312.870	2318.469	2310.954	2318.175	2316.996	2318.469	2330.700	2323.774	2316.112	2316.849	2315.080	2311.691	2319.354
2317.143	2321.564	2312.575	2317.291	2320.090	2322.006	2331.879	2324.806	2317.585	2320.680	2315.228	2312.428	2319.796
2313.459	2317.880	2309.923	2315.817	2318.911	2321.417	2327.605	2321.417	2314.196	2318.911	2314.491	2312.575	2319.059
2317.880	2322.890	2314.491	2318.027	2322.743	2325.837	2332.321	2326.869	2317.438	2322.448	2318.911	2316.554	2322.153
2316.259	2319.648	2310.660	2316.996	2318.175	2322.890	2327.605	2321.122	2312.133	2321.859	2317.880	2314.196	2319.354
2316.406	2320.238	2314.196	2314.933	2319.943	2324.069	2328.195	2322.743	2314.933	2321.564	2321.122	2316.406	2320.532
2315.522	2318.175	2310.070	2314.786	2315.670	2320.238	2324.806	2320.385	2311.544	2319.059	2318.027	2314.344	2320.090
2315.817	2318.911	2313.459	2316.259	2318.911	2322.448	2328.047	2322.153	2314.049	2318.469	2318.175	2317.438	2321.417
2315.522	2319.648	2313.165	2316.996	2316.259	2319.206	2326.132	2322.595	2313.901	2316.112	2315.817	2316.406	2321.859
2319.648	2321.564	2318.027	2320.680	2320.974	2322.006	2331.289	2324.511	2318.911	2318.764	2319.501	2319.206	2324.216
2316.849	2318.027	2315.964	2316.701	2316.849	2318.175	2326.574	2321.711	2316.701	2314.344	2314.491	2315.817	2322.301
2319.206	2320.238	2319.648	2320.827	2320.827	2319.501	2331.142	2326.279	2319.943	2315.522	2315.522	2320.974	2326.427
2320.385	2318.469	2317.438	2319.354	2319.354	2318.469	2330.995	2326.574	2319.501	2316.554	2314.491	2317.733	2326.132
2318.617	2318.322	2316.996	2319.796	2321.711	2320.532	2332.321	2326.132	2320.680	2316.554	2314.786	2320.974	2325.984
2317.291	2316.701	2315.375	2316.996	2318.027	2316.996	2329.816	2325.248	2320.238	2315.670	2315.080	2317.585	2323.922
2314.638	2315.670	2314.344	2318.617	2319.206	2319.943	2330.110	2323.627	2318.469	2316.259	2316.849	2319.943	2322.595
2311.102	2313.312	2308.155	2313.459	2314.491	2315.670	2324.216	2318.322	2313.754	2312.575	2311.691	2313.901	2319.059
2313.312	2316.849	2309.776	2316.996	2317.880	2318.322	2323.922	2319.354	2314.786	2315.522	2316.112	2315.817	2318.911
2311.396	2314.049	2305.060	2313.459	2315.817	2317.880	2320.827	2318.469	2310.807	2312.870	2315.670	2310.218	2317.733
2313.754	2319.648	2309.333	2319.059	2320.385	2320.827	2323.037	2319.206	2313.607	2317.291	2317.880	2314.638	2319.501
2320.827	2330.110	2319.796	2331.142	2330.110	2325.984	2320.827	2322.890	2314.638	2327.016	2331.142	2317.733	2313.607
2306.386	2309.481	2298.135	2308.449	2311.544	2318.764	2321.859	2333.205	2304.323	2312.575	2314.638	2301.229	2325.984
2343.520	2343.520	2334.236	2340.425	2345.583	2342.488	2338.362	2330.110	2334.236	2343.520	2334.236	2330.110	2335.268
