2339.394	2350.740	2344.551	2334.236	2336.299	2414.692	2416.755	2409.534	2367.244	2338.362	2346.614	2349.709	2331.142
2345.583	2344.551	2347.646	2336.299	2350.740	2416.755	2417.786	2426.038	2373.433	2345.583	2352.803	2337.331	2354.866
2354.866	2356.929	2347.646	2341.457	2363.118	2430.164	2438.416	2436.353	2383.747	2357.960	2352.803	2366.212	2344.551
2347.056	2352.803	2347.646	2343.962	2352.950	2418.228	2426.775	2427.069	2375.643	2346.909	2350.003	2348.677	2344.846
2348.824	2350.445	2347.056	2344.551	2354.571	2418.818	2427.659	2427.217	2375.938	2346.319	2348.382	2346.614	2345.730
2348.677	2354.129	2348.235	2345.730	2355.308	2418.965	2430.901	2427.659	2378.148	2345.877	2348.088	2349.856	2346.319
2348.677	2351.624	2348.235	2346.025	2352.656	2421.323	2431.490	2426.185	2377.706	2345.583	2346.467	2346.614	2346.467
2346.025	2352.656	2347.646	2345.730	2351.477	2420.438	2431.343	2427.069	2378.148	2343.225	2343.225	2346.909	2346.909
2346.172	2351.771	2350.151	2348.530	2353.392	2424.564	2438.121	2429.427	2379.179	2344.993	2348.088	2347.203	2350.003
2344.551	2353.540	2350.003	2348.382	2350.003	2427.806	2440.037	2433.848	2380.653	2346.172	2348.382	2349.561	2351.182
2347.203	2351.919	2351.477	2349.561	2349.119	2432.227	2445.489	2434.142	2379.621	2347.056	2348.972	2351.035	2350.740
2347.498	2355.308	2354.571	2350.003	2351.035	2437.237	2448.730	2441.215	2380.653	2349.709	2351.919	2354.866	2353.687
2350.593	2353.687	2354.866	2354.276	2351.035	2443.868	2453.741	2446.373	2383.600	2352.656	2354.129	2354.571	2353.982
2349.709	2355.308	2355.161	2352.508	2354.571	2443.426	2455.214	2450.204	2382.568	2351.771	2355.308	2353.834	2354.424
2352.214	2354.719	2356.634	2355.455	2356.782	2449.467	2460.961	2455.361	2385.368	2354.276	2357.813	2355.750	2355.750
2354.276	2357.224	2355.308	2354.129	2356.487	2452.267	2462.434	2456.982	2388.905	2354.719	2358.255	2356.192	2357.960
2356.487	2356.929	2358.550	2354.276	2359.139	2456.540	2467.297	2461.256	2389.199	2356.339	2358.844	2355.455	2356.929
2355.897	2358.550	2356.045	2350.445	2360.760	2458.014	2466.266	2463.171	2391.115	2356.487	2360.318	2355.013	2357.666
2356.192	2356.929	2356.192	2350.740	2359.581	2460.519	2472.012	2465.676	2393.031	2356.929	2357.960	2353.098	2355.308
2353.245	2355.455	2353.982	2346.319	2358.844	2460.813	2472.454	2468.771	2389.936	2355.455	2356.339	2350.593	2354.424
2356.192	2355.308	2353.098	2349.266	2357.076	2463.761	2476.875	2469.802	2392.294	2354.129	2356.045	2352.950	2353.834
2352.950	2352.656	2350.151	2344.993	2355.308	2460.371	2476.433	2469.065	2389.641	2353.982	2351.624	2349.561	2351.624
2352.066	2351.919	2349.414	2342.783	2353.098	2460.666	2477.022	2468.329	2387.726	2350.003	2349.414	2347.793	2346.909
2350.003	2349.119	2347.351	2343.078	2354.424	2461.108	2480.706	2468.623	2388.168	2348.972	2347.646	2349.561	2348.824
2350.887	2349.856	2350.593	2345.288	2354.866	2462.434	2482.032	2469.949	2388.610	2347.793	2347.203	2350.593	2347.351
2349.561	2349.709	2350.151	2346.467	2356.192	2465.529	2484.980	2470.097	2388.463	2347.351	2351.329	2351.919	2350.003
2349.856	2352.950	2352.066	2348.530	2357.224	2468.623	2488.369	2472.012	2391.557	2349.119	2352.656	2355.750	2351.329
2346.909	2351.035	2353.392	2346.761	2358.255	2469.949	2487.337	2474.665	2389.494	2349.709	2352.656	2355.897	2352.214
2349.119	2350.298	2353.834	2346.467	2355.750	2471.718	2486.748	2474.517	2389.494	2347.351	2353.392	2356.929	2352.656
2347.793	2349.266	2354.571	2346.467	2355.897	2472.602	2484.980	2475.696	2386.842	2349.266	2354.276	2356.782	2353.245
2347.498	2351.035	2353.540	2347.351	2353.687	2472.602	2483.801	2475.696	2388.168	2348.088	2355.603	2355.603	2352.066
2345.288	2348.972	2350.593	2343.962	2350.298	2473.339	2485.422	2476.286	2385.073	2346.761	2353.834	2352.950	2351.477
2345.583	2349.414	2349.709	2344.698	2350.740	2471.423	2482.032	2475.696	2383.453	2346.025	2350.593	2352.214	2350.298
2345.877	2346.319	2347.646	2341.015	2349.561	2469.802	2480.117	2472.602	2379.032	2344.404	2350.593	2348.235	2346.467
2347.056	2350.593	2349.561	2343.078	2349.709	2469.949	2481.001	2473.044	2381.242	2346.025	2350.003	2351.182	2348.677
2346.467	2351.919	2347.056	2341.457	2351.624	2471.718	2481.148	2474.075	2379.474	2345.877	2350.740	2349.119	2347.203
2346.467	2350.887	2346.319	2341.309	2351.035	2471.865	2483.801	2472.749	2381.684	2344.404	2348.088	2349.709	2347.056
2347.498	2349.561	2344.993	2340.130	2351.771	2472.307	2483.359	2472.749	2379.179	2347.793	2346.614	2348.088	2345.435
2347.056	2349.709	2346.614	2343.667	2354.276	2473.044	2485.716	2474.075	2383.747	2348.088	2346.172	2348.235	2348.972
2344.846	2346.172	2343.667	2339.394	2350.593	2472.454	2484.243	2470.834	2382.863	2347.203	2344.109	2345.141	2344.993
2343.372	2346.909	2344.256	2341.162	2350.740	2470.686	2486.453	2473.486	2384.631	2345.435	2342.341	2346.909	2345.877
2339.688	2342.046	2340.425	2338.510	2348.088	2471.276	2487.779	2471.570	2383.453	2343.372	2342.488	2342.783	2341.604
2340.720	2343.962	2342.930	2340.867	2349.119	2470.392	2487.779	2473.633	2385.073	2345.435	2342.341	2344.551	2344.109
2340.720	2343.962	2344.698	2343.520	2351.477	2471.128	2489.842	2476.728	2383.453	2347.056	2345.583	2344.993	2344.993
2339.836	2344.109	2345.583	2342.783	2352.508	2471.423	2488.811	2478.349	2385.221	2344.993	2345.877	2346.172	2345.877
2339.983	2342.193	2344.256	2339.836	2352.361	2468.918	2486.453	2476.433	2379.621	2344.993	2346.025	2346.467	2341.457
2341.604	2345.583	2344.109	2341.457	2351.919	2469.507	2486.600	2480.854	2383.011	2344.256	2348.235	2348.530	2344.993
2341.604	2342.636	2344.846	2337.920	2353.098	2470.834	2482.917	2478.054	2379.032	2342.783	2347.203	2346.909	2343.962
2343.078	2344.846	2345.435	2339.394	2352.214	2471.570	2483.359	2480.854	2380.063	2342.046	2346.614	2347.793	2346.025
2344.698	2344.551	2349.119	2338.510	2354.424	2475.107	2488.074	2482.032	2379.769	2342.783	2348.824	2350.298	2347.203
2343.520	2343.962	2345.288	2334.973	2351.035	2476.433	2487.485	2481.885	2377.853	2341.309	2345.583	2349.119	2345.435
2342.193	2342.488	2343.078	2332.763	2346.025	2475.107	2487.043	2479.675	2372.696	2338.657	2342.783	2345.583	2341.899
2343.372	2344.404	2342.046	2333.352	2344.846	2479.085	2488.958	2482.180	2375.643	2339.541	2342.488	2346.025	2344.698
2343.962	2343.372	2341.899	2332.468	2344.846	2478.938	2491.021	2481.590	2371.959	2339.099	2340.867	2344.404	2341.899
2343.225	2344.993	2341.015	2335.710	2343.520	2481.148	2493.673	2479.675	2374.169	2338.804	2340.720	2343.814	2344.698
2339.688	2340.720	2338.068	2332.468	2342.930	2480.117	2493.084	2479.970	2370.633	2336.889	2338.804	2339.541	2339.688
2335.710	2340.573	2333.647	2331.879	2340.130	2479.970	2492.200	2476.286	2369.307	2332.763	2336.594	2335.710	2338.510
2334.826	2337.773	2334.531	2332.910	2340.130	2479.675	2488.811	2475.254	2369.896	2331.437	2336.447	2334.826	2334.826
2336.152	2340.573	2336.741	2335.268	2343.520	2479.822	2492.347	2476.433	2373.138	2331.584	2338.362	2338.952	2337.331
2334.531	2337.331	2337.625	2334.826	2343.372	2479.233	2487.337	2471.423	2372.548	2332.026	2338.804	2337.331	2333.647
2333.500	2337.773	2340.573	2337.036	2346.467	2478.054	2487.632	2470.392	2375.201	2332.910	2341.899	2340.425	2336.594
2335.563	2338.362	2341.309	2337.478	2346.467	2478.496	2485.422	2472.307	2377.264	2336.889	2342.930	2342.783	2334.973
2339.394	2341.162	2343.667	2340.425	2346.909	2477.170	2486.453	2470.097	2378.295	2338.068	2346.172	2345.730	2337.920
2341.899	2339.688	2343.667	2338.215	2348.972	2473.191	2483.064	2471.865	2377.264	2338.952	2345.877	2346.614	2336.741
2341.457	2342.046	2343.372	2336.889	2346.909	2470.392	2484.095	2471.718	2376.822	2339.688	2347.203	2346.614	2339.688
2340.130	2340.130	2343.078	2333.794	2348.382	2470.834	2479.527	2472.160	2375.495	2340.720	2343.814	2343.520	2338.952
2340.278	2341.899	2340.425	2332.615	2346.319	2468.623	2481.148	2475.696	2373.580	2338.215	2343.520	2343.078	2339.541
2338.804	2340.425	2337.625	2330.110	2342.488	2467.297	2477.612	2474.370	2369.307	2336.447	2338.804	2339.688	2336.447
2337.478	2339.541	2335.563	2327.311	2340.278	2463.613	2476.728	2473.486	2364.739	2333.647	2335.120	2336.299	2336.447
2337.183	2339.099	2333.647	2325.984	2339.246	2461.698	2472.012	2472.012	2363.707	2334.826	2333.647	2334.826	2336.152
2335.710	2339.983	2333.794	2328.932	2338.362	2464.792	2473.928	2471.865	2366.212	2337.331	2333.057	2336.005	2339.099
2338.215	2338.657	2332.026	2328.047	2339.836	2464.350	2470.686	2472.160	2366.212	2336.299	2330.405	2333.647	2335.710
2336.005	2337.773	2329.963	2329.226	2336.152	2465.824	2472.897	2469.802	2365.033	2337.920	2332.026	2334.236	2337.183
2337.331	2336.889	2332.468	2330.405	2337.478	2466.560	2472.454	2469.802	2364.886	2337.183	2331.584	2335.120	2334.384
2336.005	2339.099	2332.321	2330.110	2338.215	2465.971	2472.897	2466.855	2365.181	2338.362	2332.763	2336.152	2336.005
2336.005	2335.268	2331.584	2330.700	2339.394	2463.171	2471.276	2465.529	2365.181	2336.447	2334.089	2336.152	2332.468
2334.826	2337.773	2334.236	2330.258	2340.573	2466.708	2473.044	2466.708	2366.654	2337.920	2335.563	2337.183	2333.352
2333.500	2333.647	2334.089	2328.637	2338.215	2463.761	2473.339	2464.645	2364.002	2334.531	2335.268	2334.973	2327.311
2332.468	2334.236	2336.741	2330.258	2339.688	2465.971	2474.812	2463.319	2365.033	2337.478	2337.331	2337.331	2328.490
2335.120	2334.678	2337.478	2330.405	2341.309	2462.729	2473.486	2465.529	2364.297	2335.563	2338.952	2337.478	2327.605
2332.910	2334.236	2338.068	2332.910	2340.573	2464.203	2475.844	2466.560	2367.686	2337.478	2341.751	2339.099	2330.405
2335.268	2333.942	2339.688	2331.584	2341.457	2465.529	2476.875	2470.392	2367.391	2338.215	2341.309	2338.804	2329.521
2335.857	2338.510	2341.162	2334.236	2340.720	2468.623	2477.907	2472.749	2370.338	2342.488	2345.730	2339.836	2332.321
2338.215	2337.773	2342.046	2333.794	2342.488	2468.034	2478.054	2473.486	2367.980	2341.751	2342.341	2341.604	2332.910
2340.425	2340.130	2340.425	2334.973	2341.751	2470.539	2476.728	2475.844	2369.749	2342.930	2343.962	2339.541	2336.152
2338.362	2339.983	2340.573	2333.057	2339.836	2468.181	2477.465	2474.812	2367.538	2340.425	2341.457	2340.278	2337.478
2339.836	2341.899	2340.278	2335.857	2340.278	2472.454	2480.264	2475.844	2369.307	2342.046	2341.604	2340.425	2338.657
2339.688	2343.667	2341.899	2333.352	2341.162	2471.276	2479.233	2473.633	2367.244	2343.372	2338.362	2341.604	2337.478
2339.983	2343.225	2339.688	2334.973	2341.899	2470.981	2477.612	2471.718	2368.128	2344.256	2339.246	2341.309	2336.594
2337.036	2341.899	2338.657	2333.647	2342.488	2468.623	2475.696	2469.065	2365.328	2340.720	2336.152	2341.899	2334.531
2338.657	2342.636	2338.068	2335.563	2341.899	2466.560	2474.223	2464.939	2368.128	2341.457	2339.983	2341.309	2335.120
2335.710	2342.783	2339.541	2333.942	2342.930	2461.108	2470.834	2461.256	2365.475	2339.836	2338.215	2343.372	2332.763
2336.299	2345.730	2338.804	2335.563	2344.256	2456.393	2465.676	2456.246	2366.212	2341.457	2340.278	2342.046	2335.857
2333.500	2341.309	2339.541	2333.205	2343.078	2448.288	2457.866	2452.709	2365.033	2338.952	2339.688	2341.162	2333.500
2334.384	2341.604	2337.773	2333.205	2343.372	2443.131	2454.183	2446.815	2364.297	2339.983	2341.162	2338.952	2333.794
2333.205	2338.804	2339.394	2333.647	2341.015	2437.237	2449.320	2443.131	2363.118	2337.183	2341.457	2339.246	2334.089
2335.415	2336.594	2339.836	2333.794	2339.541	2437.679	2448.878	2440.184	2362.823	2337.625	2340.278	2338.510	2334.826
2331.879	2335.120	2338.362	2330.552	2336.594	2433.258	2442.984	2437.532	2360.023	2334.973	2337.625	2336.299	2332.910
2335.857	2335.563	2340.130	2333.352	2337.920	2433.700	2443.720	2435.616	2361.055	2339.246	2340.130	2336.889	2335.120
2336.741	2332.910	2340.573	2331.879	2336.152	2435.911	2442.836	2436.647	2360.171	2338.510	2338.804	2334.531	2332.321
2338.215	2336.152	2342.636	2332.173	2338.362	2436.942	2442.542	2433.553	2358.992	2339.541	2337.625	2335.710	2334.678
2338.215	2334.973	2340.573	2331.142	2337.331	2435.763	2439.742	2435.027	2357.813	2337.773	2338.068	2334.236	2335.563
2339.688	2336.889	2342.783	2330.405	2338.804	2437.974	2442.100	2436.647	2357.076	2340.867	2337.773	2333.057	2337.036
2337.183	2336.889	2339.541	2327.311	2338.804	2433.700	2437.826	2434.142	2357.960	2340.720	2338.804	2332.468	2335.857
2340.867	2338.362	2342.636	2330.552	2342.488	2435.027	2439.005	2433.848	2357.518	2343.225	2339.836	2333.057	2336.447
2335.268	2336.299	2338.362	2327.458	2339.836	2433.406	2436.058	2431.195	2355.161	2339.246	2336.447	2332.910	2337.331
2337.036	2337.036	2340.278	2328.784	2341.604	2434.437	2438.858	2432.079	2355.897	2338.804	2337.920	2335.268	2335.710
2334.384	2335.563	2336.741	2327.753	2338.952	2435.763	2440.331	2431.785	2355.161	2336.594	2337.920	2333.942	2335.415
2333.500	2334.089	2337.478	2328.342	2339.836	2435.763	2441.363	2430.311	2355.013	2336.152	2336.152	2334.973	2332.910
2331.437	2336.299	2335.857	2329.226	2339.246	2435.763	2439.595	2430.016	2356.487	2332.173	2336.005	2336.447	2332.321
2332.615	2336.152	2339.836	2330.700	2340.720	2434.142	2442.247	2430.016	2354.276	2335.268	2335.268	2337.183	2332.173
2328.932	2336.005	2336.889	2328.195	2337.478	2434.879	2442.394	2433.553	2354.719	2332.321	2335.268	2336.594	2331.142
2332.910	2336.447	2339.983	2329.226	2340.573	2435.027	2443.868	2435.616	2357.518	2334.384	2336.889	2337.036	2330.847
2330.552	2337.331	2337.183	2329.668	2338.068	2431.637	2441.215	2435.321	2357.224	2333.500	2337.331	2337.183	2332.468
2332.173	2337.478	2339.246	2328.047	2339.541	2428.248	2440.773	2436.205	2358.402	2334.973	2338.804	2338.215	2332.173
2332.468	2338.510	2339.983	2328.195	2336.889	2429.574	2439.889	2437.826	2358.255	2334.531	2338.804	2338.362	2332.763
2333.205	2335.710	2339.246	2325.542	2337.625	2430.016	2442.836	2437.826	2357.813	2337.331	2338.362	2338.362	2332.615
2333.205	2337.478	2337.331	2324.658	2335.563	2432.669	2443.278	2439.742	2358.108	2334.973	2339.246	2336.299	2333.500
2332.026	2333.942	2337.625	2323.185	2335.563	2430.753	2442.394	2436.500	2354.866	2334.236	2336.152	2334.826	2333.500
2331.437	2335.563	2336.152	2322.301	2333.500	2431.637	2440.921	2435.911	2353.540	2333.352	2337.625	2332.910	2331.584
2331.879	2333.500	2337.331	2321.269	2334.678	2432.522	2440.626	2434.584	2352.508	2334.973	2335.268	2330.995	2330.110
2332.763	2333.205	2333.942	2322.301	2331.437	2431.637	2437.679	2430.311	2349.856	2334.678	2335.268	2328.637	2329.816
2332.910	2335.415	2336.889	2323.479	2334.384	2431.490	2438.416	2432.669	2352.950	2335.563	2335.563	2328.490	2329.816
2332.615	2335.415	2334.826	2325.100	2333.352	2427.069	2434.879	2427.069	2350.003	2333.647	2334.531	2326.132	2330.110
2331.142	2336.299	2335.857	2326.279	2334.826	2424.417	2432.374	2426.038	2349.709	2335.857	2333.500	2329.374	2329.079
2332.173	2335.857	2336.005	2328.342	2335.563	2423.828	2431.343	2422.354	2351.182	2334.826	2335.857	2330.700	2329.079
2330.995	2334.531	2337.625	2329.816	2336.005	2420.881	2430.606	2421.470	2350.445	2336.152	2332.910	2330.995	2328.047
2332.910	2333.647	2335.563	2330.405	2337.331	2420.881	2433.406	2421.175	2351.035	2332.763	2334.384	2332.910	2328.047
2330.700	2334.089	2337.920	2330.847	2337.331	2421.765	2432.816	2422.796	2353.540	2334.973	2334.236	2335.857	2327.458
2332.173	2332.910	2337.036	2333.205	2339.688	2422.059	2436.500	2423.091	2353.098	2335.563	2337.036	2337.773	2331.584
2332.615	2333.500	2340.573	2332.468	2339.099	2425.301	2437.384	2428.543	2356.929	2336.299	2339.394	2340.720	2331.584
2335.120	2332.321	2340.130	2332.910	2339.394	2429.574	2439.889	2430.901	2357.666	2333.647	2339.983	2338.510	2333.057
2335.268	2335.857	2340.130	2332.173	2339.394	2433.700	2444.899	2439.595	2360.613	2337.036	2341.015	2342.046	2334.531
2335.857	2335.563	2337.773	2330.405	2336.594	2440.184	2448.288	2443.278	2361.202	2334.826	2341.309	2339.983	2336.447
2334.826	2338.215	2342.341	2330.847	2337.036	2444.605	2450.057	2449.025	2362.676	2338.068	2342.341	2342.341	2339.688
2336.594	2339.099	2341.162	2330.700	2338.657	2447.699	2454.919	2453.004	2363.118	2337.036	2344.698	2340.720	2340.130
2336.594	2339.983	2342.046	2327.900	2337.478	2452.562	2457.424	2455.361	2363.265	2337.331	2341.309	2338.362	2339.688
2335.710	2339.836	2339.246	2328.784	2338.804	2456.982	2461.992	2457.719	2360.613	2337.331	2340.867	2336.447	2336.741
2334.826	2339.836	2342.046	2327.753	2338.362	2458.014	2463.171	2458.456	2362.676	2337.036	2338.804	2335.563	2339.394
2333.794	2339.246	2339.688	2328.490	2338.068	2454.035	2460.961	2453.151	2358.255	2334.678	2335.857	2332.910	2335.415
2333.352	2337.331	2340.867	2329.668	2340.130	2450.204	2459.340	2453.004	2356.487	2336.889	2336.152	2335.120	2337.183
2329.668	2337.036	2336.447	2329.521	2339.688	2444.162	2454.330	2444.752	2353.392	2333.352	2334.089	2330.847	2332.763
2331.142	2336.152	2338.510	2331.731	2341.015	2441.510	2452.267	2443.868	2352.214	2334.384	2333.057	2331.879	2334.089
2328.195	2335.415	2335.415	2330.110	2338.657	2433.406	2443.131	2435.027	2348.235	2330.110	2332.173	2332.615	2330.405
2327.753	2333.794	2336.152	2330.405	2336.741	2426.627	2436.942	2431.932	2348.824	2331.289	2331.584	2332.468	2332.173
2326.721	2334.089	2332.615	2328.342	2338.362	2421.323	2432.374	2425.449	2345.288	2328.932	2331.437	2333.647	2328.932
2326.574	2332.910	2335.563	2330.552	2337.920	2419.407	2428.838	2423.238	2347.498	2330.995	2334.236	2333.794	2332.468
2328.490	2334.678	2335.268	2329.963	2339.836	2416.165	2424.564	2417.491	2347.940	2328.784	2334.236	2334.531	2330.110
2331.289	2335.120	2337.625	2333.500	2339.099	2417.344	2423.680	2418.965	2350.298	2332.910	2336.299	2336.889	2333.794
2326.574	2333.647	2333.794	2328.047	2336.741	2413.071	2416.460	2411.892	2348.088	2328.784	2332.615	2334.826	2329.816
2329.521	2334.678	2336.005	2332.173	2336.594	2414.102	2416.902	2414.250	2349.561	2332.173	2335.120	2337.773	2332.615
2330.405	2334.384	2334.678	2330.110	2334.826	2410.860	2414.102	2409.829	2347.056	2330.110	2335.268	2335.857	2332.321
2331.142	2335.563	2336.299	2333.647	2333.794	2410.566	2412.923	2409.682	2347.793	2333.500	2336.594	2339.394	2332.763
2332.173	2335.415	2334.531	2331.437	2334.678	2410.713	2412.481	2409.092	2346.761	2332.763	2336.889	2337.478	2334.089
2331.879	2337.331	2337.625	2332.173	2333.057	2411.303	2413.218	2410.271	2346.172	2334.236	2337.183	2339.541	2333.647
2332.173	2337.036	2335.268	2328.637	2333.942	2409.092	2411.597	2409.092	2342.783	2333.500	2336.594	2337.331	2335.268
2335.120	2336.889	2338.952	2332.615	2335.563	2412.481	2414.839	2410.566	2344.698	2333.057	2336.594	2338.068	2335.415
2333.647	2336.152	2334.531	2327.605	2334.826	2407.913	2413.660	2405.850	2340.720	2331.289	2333.500	2332.026	2331.584
2331.289	2335.857	2335.857	2329.079	2338.510	2412.776	2416.460	2410.124	2342.636	2329.521	2332.026	2332.910	2331.289
2333.942	2335.268	2335.415	2328.195	2337.625	2411.597	2416.755	2408.650	2342.193	2327.016	2330.405	2330.258	2329.668
2331.584	2333.942	2336.889	2328.195	2338.215	2412.481	2416.165	2409.976	2343.078	2326.574	2327.900	2332.173	2327.311
2331.879	2329.668	2333.794	2327.605	2337.331	2410.566	2416.755	2406.587	2342.930	2323.627	2326.574	2329.226	2327.311
2329.668	2328.637	2335.120	2329.226	2338.068	2410.860	2416.165	2405.703	2344.993	2323.185	2327.311	2330.552	2326.132
2326.869	2328.490	2332.763	2328.047	2338.657	2407.766	2416.902	2404.672	2344.551	2323.922	2327.458	2330.405	2327.458
2327.753	2328.932	2335.857	2330.110	2338.510	2411.892	2415.723	2404.524	2348.677	2324.658	2330.258	2333.794	2330.700
2329.079	2331.142	2335.710	2328.932	2338.362	2409.976	2415.576	2401.577	2348.235	2327.605	2331.142	2335.268	2331.879
2328.047	2330.110	2336.741	2330.258	2337.036	2410.271	2414.544	2404.672	2349.266	2329.963	2333.794	2335.563	2334.678
2328.784	2329.374	2332.468	2327.458	2333.352	2409.240	2414.839	2404.230	2346.761	2329.079	2333.942	2332.173	2333.500
2328.195	2332.615	2334.678	2329.963	2334.531	2414.692	2417.933	2409.534	2350.003	2331.879	2335.710	2332.763	2335.268
2327.900	2330.995	2331.731	2325.837	2331.142	2417.197	2421.912	2412.039	2347.351	2330.258	2332.173	2331.879	2333.352
2331.731	2334.826	2335.857	2327.311	2330.700	2420.438	2422.059	2414.397	2350.298	2333.057	2332.763	2332.026	2333.352
2330.405	2332.026	2330.995	2325.100	2330.700	2418.670	2421.323	2415.576	2346.614	2331.879	2333.205	2328.637	2332.173
2332.026	2332.615	2332.763	2326.574	2330.847	2419.849	2421.617	2416.313	2348.235	2332.026	2331.731	2328.490	2329.963
2328.490	2330.552	2328.195	2322.153	2329.963	2417.786	2422.059	2414.986	2343.814	2327.016	2330.552	2324.216	2326.869
2330.700	2333.794	2330.700	2326.132	2333.647	2420.291	2424.564	2416.902	2344.698	2329.963	2330.258	2328.195	2327.016
2330.405	2332.173	2327.753	2323.332	2332.615	2414.397	2421.175	2414.986	2342.488	2326.279	2330.110	2327.311	2324.364
2330.700	2332.173	2329.374	2325.542	2334.531	2412.039	2418.376	2412.187	2344.551	2328.047	2330.258	2327.458	2323.774
2331.142	2328.047	2325.542	2324.364	2333.205	2409.240	2420.586	2413.218	2341.309	2324.658	2328.932	2327.900	2324.511
2328.784	2328.784	2328.047	2325.837	2333.794	2408.061	2419.554	2412.039	2343.814	2323.774	2326.132	2329.668	2324.364
2329.374	2325.248	2325.100	2325.100	2330.552	2404.377	2417.197	2410.124	2341.899	2321.564	2327.605	2328.932	2325.542
2331.289	2330.995	2329.226	2329.374	2333.500	2406.292	2415.576	2409.387	2345.435	2325.984	2327.753	2332.910	2328.637
2330.258	2326.721	2328.342	2326.721	2329.374	2403.198	2412.776	2407.324	2344.993	2322.890	2326.132	2330.700	2328.490
2328.784	2327.900	2329.816	2326.279	2330.552	2407.324	2412.039	2406.145	2345.730	2325.984	2326.132	2332.173	2330.847
2329.963	2327.753	2330.847	2324.216	2327.458	2406.440	2409.092	2406.587	2345.435	2324.364	2328.342	2332.615	2331.142
2328.784	2329.816	2331.879	2324.953	2329.521	2406.440	2405.556	2404.230	2345.877	2326.132	2330.405	2333.057	2331.584
2330.995	2328.490	2330.405	2321.859	2327.163	2406.440	2406.292	2405.998	2345.141	2326.427	2329.668	2334.384	2331.731
2328.932	2330.110	2333.500	2321.417	2329.816	2408.503	2405.703	2405.703	2344.698	2327.605	2328.637	2332.468	2330.258
2329.226	2326.279	2329.816	2318.322	2328.047	2408.650	2406.735	2405.703	2342.636	2326.279	2329.963	2333.205	2330.405
2331.437	2330.847	2332.173	2321.859	2333.205	2408.355	2406.440	2403.935	2344.404	2328.932	2332.910	2333.794	2331.142
2330.552	2328.637	2327.900	2320.680	2329.816	2400.988	2402.019	2399.219	2340.573	2324.511	2331.731	2330.258	2327.605
2330.258	2330.700	2325.690	2322.743	2333.057	2399.809	2401.577	2396.714	2339.099	2325.837	2329.226	2329.668	2326.721
2328.195	2329.226	2325.248	2320.974	2329.521	2395.830	2397.157	2393.178	2340.573	2324.069	2327.900	2327.605	2323.332
2331.289	2331.879	2328.195	2325.542	2333.500	2398.483	2399.367	2392.589	2340.573	2324.364	2329.079	2328.784	2323.037
2329.816	2333.647	2326.132	2324.953	2332.173	2394.062	2398.777	2392.441	2340.720	2323.332	2327.900	2330.552	2323.037
2331.142	2333.057	2328.490	2325.837	2332.763	2394.062	2396.714	2389.494	2341.457	2322.006	2324.953	2329.668	2321.859
2325.837	2330.847	2326.132	2322.153	2329.226	2389.199	2395.536	2388.315	2339.541	2319.648	2323.627	2327.900	2320.974
2329.963	2331.289	2329.374	2324.216	2330.995	2393.620	2396.567	2390.526	2341.309	2322.890	2324.658	2331.437	2324.069
2327.311	2331.731	2329.816	2322.595	2331.142	2390.526	2396.125	2391.852	2341.309	2321.122	2325.395	2330.405	2324.069
2328.932	2331.584	2329.963	2322.301	2330.700	2392.883	2397.157	2392.146	2339.541	2323.037	2325.984	2332.910	2327.163
2323.185	2327.311	2327.458	2318.175	2328.342	2388.610	2392.294	2389.789	2337.625	2321.711	2324.658	2328.637	2325.395
2324.658	2324.658	2327.311	2318.175	2327.311	2392.146	2393.620	2390.084	2338.215	2323.185	2327.163	2330.700	2327.163
2321.711	2322.006	2325.984	2314.786	2325.395	2392.441	2394.357	2393.915	2337.183	2324.364	2326.721	2328.784	2325.690
2324.364	2322.006	2326.574	2317.733	2325.690	2397.009	2396.272	2395.241	2337.331	2324.216	2328.047	2329.963	2325.248
2321.859	2324.511	2325.984	2316.406	2324.953	2396.567	2399.367	2397.009	2336.889	2324.511	2327.605	2326.869	2325.837
2325.248	2323.479	2326.574	2317.291	2325.542	2401.430	2403.051	2398.925	2337.478	2325.690	2327.311	2330.258	2326.132
2324.511	2324.364	2327.605	2317.733	2326.869	2404.377	2406.440	2402.167	2338.362	2324.953	2328.195	2327.311	2327.016
2328.784	2327.900	2328.195	2321.269	2328.932	2408.650	2410.418	2403.493	2338.657	2330.552	2328.932	2331.289	2327.311
2328.047	2327.458	2325.395	2320.680	2329.374	2404.377	2407.766	2401.282	2338.510	2326.574	2329.374	2327.016	2327.753
2329.816	2330.847	2327.016	2323.774	2331.731	2404.377	2409.092	2399.956	2338.804	2328.784	2330.110	2328.342	2327.753
2327.753	2329.963	2324.806	2321.711	2331.584	2400.840	2406.735	2398.041	2338.804	2327.016	2328.342	2326.574	2327.016
2328.490	2329.521	2326.869	2322.448	2333.352	2401.282	2405.998	2395.683	2337.773	2326.721	2326.869	2328.932	2325.100
2325.837	2328.784	2326.427	2322.595	2331.437	2396.714	2402.609	2394.504	2336.005	2326.132	2327.753	2327.016	2326.132
2328.195	2329.374	2326.132	2324.216	2333.500	2396.272	2400.988	2390.673	2335.120	2326.132	2328.342	2330.995	2326.132
2324.511	2330.258	2327.900	2323.332	2332.026	2393.031	2398.335	2392.441	2336.594	2323.627	2328.784	2329.374	2326.279
2329.079	2331.879	2332.173	2328.342	2334.531	2396.567	2402.461	2393.031	2337.036	2328.490	2328.195	2333.352	2326.869
2324.216	2331.142	2329.816	2325.395	2333.057	2394.652	2398.483	2393.031	2336.447	2325.100	2327.163	2332.026	2327.016
2324.953	2330.405	2332.173	2326.869	2331.879	2397.157	2400.546	2392.146	2337.478	2327.605	2329.521	2334.678	2329.226
2323.185	2328.195	2329.963	2324.216	2329.816	2393.767	2395.978	2390.968	2337.036	2327.163	2329.816	2333.794	2329.963
2324.953	2327.753	2332.026	2324.953	2329.374	2395.830	2398.777	2390.378	2339.394	2327.311	2330.110	2333.352	2330.847
2321.711	2324.806	2331.142	2322.153	2325.984	2393.620	2395.978	2391.852	2337.920	2327.163	2326.869	2329.963	2328.047
2324.511	2323.185	2332.468	2324.069	2329.521	2394.504	2396.125	2389.936	2338.952	2327.900	2330.405	2332.468	2328.342
2320.680	2322.301	2329.079	2319.354	2326.132	2392.883	2391.557	2388.315	2337.478	2326.574	2326.869	2329.374	2325.542
2326.279	2323.774	2332.615	2323.037	2327.753	2394.799	2395.094	2388.757	2340.425	2330.258	2331.879	2332.910	2326.574
2327.163	2324.216	2330.110	2321.269	2329.079	2393.767	2389.199	2387.431	2336.741	2330.552	2327.900	2330.405	2324.216
2328.784	2326.279	2332.026	2325.100	2330.847	2392.736	2390.968	2388.610	2341.604	2331.142	2329.816	2333.352	2327.458
2325.395	2323.627	2326.869	2320.238	2328.490	2389.494	2384.337	2383.600	2335.710	2328.932	2325.542	2329.079	2321.564
2328.490	2328.342	2328.637	2324.216	2332.321	2388.757	2388.610	2383.158	2339.688	2330.405	2328.342	2331.289	2325.100
2325.542	2326.721	2325.690	2320.238	2327.605	2384.189	2385.810	2383.011	2334.384	2328.342	2324.511	2325.984	2323.037
2327.753	2328.047	2329.226	2323.185	2330.847	2383.158	2385.810	2381.684	2336.741	2328.342	2329.816	2328.932	2325.100
2319.648	2323.185	2323.479	2317.438	2325.248	2371.812	2377.558	2374.317	2328.932	2324.069	2320.532	2321.269	2319.648
2319.206	2323.627	2325.542	2317.143	2324.953	2369.454	2379.032	2372.990	2330.405	2322.301	2321.711	2322.301	2320.827
2315.228	2319.354	2322.890	2314.196	2322.743	2367.833	2376.380	2371.370	2325.690	2319.796	2318.322	2318.322	2315.228
2317.438	2322.006	2327.016	2316.554	2326.427	2367.833	2377.706	2371.812	2330.700	2321.711	2323.332	2323.332	2319.354
2315.817	2318.175	2325.395	2313.754	2322.890	2365.623	2370.633	2369.159	2325.690	2320.238	2322.006	2321.417	2316.406
2318.175	2318.911	2327.458	2315.670	2324.069	2369.012	2374.169	2369.896	2329.963	2320.974	2323.627	2324.364	2320.090
2316.112	2317.733	2324.806	2311.249	2320.238	2367.538	2371.812	2370.191	2326.869	2319.648	2321.122	2322.743	2318.617
2323.627	2321.417	2328.637	2318.911	2327.605	2376.232	2376.380	2374.611	2333.205	2323.774	2327.458	2328.932	2324.806
2323.332	2320.385	2330.110	2317.143	2325.395	2375.053	2377.706	2376.232	2333.647	2323.479	2327.163	2328.637	2324.511
2328.047	2327.163	2331.879	2320.680	2330.847	2379.032	2380.948	2379.621	2337.331	2327.311	2331.289	2330.110	2328.047
2327.163	2325.542	2333.647	2320.238	2328.342	2378.295	2380.211	2380.063	2334.973	2326.574	2327.163	2330.258	2325.690
2327.311	2326.279	2331.289	2321.564	2329.374	2380.800	2382.863	2382.274	2337.625	2326.721	2326.132	2328.637	2325.837
2325.984	2326.427	2329.668	2319.501	2328.784	2376.380	2379.179	2378.148	2333.500	2323.922	2324.364	2328.047	2322.301
2327.605	2328.932	2330.258	2322.595	2332.763	2378.148	2381.537	2382.274	2336.152	2325.248	2324.216	2327.605	2322.301
2325.248	2327.311	2327.605	2318.911	2327.605	2374.169	2381.537	2379.179	2332.468	2322.890	2324.511	2322.890	2321.122
2327.311	2330.552	2328.342	2323.479	2331.437	2376.380	2381.979	2382.274	2333.647	2323.922	2326.574	2324.511	2322.448
2323.627	2326.869	2327.016	2319.206	2326.279	2371.959	2378.295	2376.232	2329.079	2321.417	2322.448	2321.711	2319.501
2327.900	2329.374	2325.100	2320.827	2328.195	2373.138	2380.948	2380.211	2332.173	2320.974	2326.721	2322.153	2321.417
2323.774	2326.869	2325.248	2317.585	2326.427	2369.896	2380.211	2377.264	2329.374	2318.322	2325.100	2323.332	2319.206
2327.753	2327.016	2326.721	2320.238	2327.311	2373.580	2383.747	2379.621	2333.057	2319.354	2324.806	2322.743	2322.006
2324.511	2324.069	2327.311	2317.733	2327.311	2373.138	2383.011	2375.348	2331.879	2319.501	2324.364	2323.479	2322.743
2329.079	2325.984	2331.289	2321.269	2328.784	2377.116	2384.484	2380.063	2336.299	2320.238	2325.100	2327.605	2324.216
2324.953	2321.564	2329.226	2316.849	2327.605	2376.085	2384.631	2377.264	2334.678	2320.827	2324.216	2326.132	2323.037
2327.900	2323.479	2332.910	2322.595	2328.784	2381.832	2388.905	2383.453	2339.394	2325.100	2327.900	2330.405	2324.806
2322.595	2321.711	2331.731	2319.648	2327.311	2382.274	2391.262	2380.358	2337.183	2324.364	2324.953	2327.163	2323.922
2325.248	2326.132	2331.731	2322.006	2328.047	2385.663	2391.999	2383.453	2337.773	2327.753	2328.342	2329.079	2326.574
2321.859	2325.837	2330.847	2319.354	2327.163	2385.810	2391.557	2383.453	2339.099	2328.784	2330.700	2328.932	2325.984
2324.216	2327.458	2328.932	2320.827	2325.395	2386.252	2391.410	2387.284	2337.625	2329.374	2330.700	2329.079	2328.932
2320.385	2326.869	2325.837	2318.469	2326.427	2387.726	2390.084	2386.105	2335.710	2328.932	2329.963	2325.984	2325.248
2322.743	2330.552	2327.311	2320.974	2326.279	2388.315	2389.641	2387.136	2335.710	2327.900	2328.784	2328.195	2328.047
2320.680	2328.637	2323.037	2316.849	2325.542	2386.105	2387.284	2382.421	2330.995	2326.574	2327.311	2324.069	2325.542
2324.806	2331.879	2326.279	2320.385	2328.490	2385.516	2386.400	2387.136	2334.678	2326.869	2328.932	2328.342	2329.079
2323.185	2327.900	2325.690	2318.764	2328.932	2381.242	2386.105	2383.895	2332.468	2327.311	2325.984	2324.069	2325.542
2324.511	2329.816	2326.279	2322.301	2330.995	2381.242	2385.958	2386.842	2332.321	2327.163	2326.132	2327.458	2325.984
2320.680	2326.279	2325.837	2321.122	2330.258	2377.264	2383.305	2380.211	2331.584	2324.511	2325.395	2324.069	2320.532
2324.658	2328.195	2329.079	2322.301	2331.437	2375.790	2383.895	2381.832	2333.647	2324.216	2325.100	2326.279	2323.332
2321.564	2324.511	2326.279	2320.090	2328.637	2374.759	2380.948	2378.443	2332.615	2322.301	2324.364	2323.627	2319.648
2324.658	2327.458	2327.458	2319.648	2332.026	2373.285	2380.948	2378.443	2334.973	2321.859	2324.364	2326.279	2322.890
2320.680	2322.890	2324.806	2321.564	2328.047	2371.664	2377.706	2372.401	2332.763	2323.627	2323.922	2323.185	2320.385
2324.658	2325.100	2327.605	2321.711	2329.521	2372.696	2377.706	2374.611	2335.710	2322.595	2325.984	2325.690	2323.037
2322.006	2322.890	2327.311	2320.680	2325.690	2371.075	2377.558	2370.191	2333.942	2321.417	2323.774	2322.595	2322.890
2324.216	2325.837	2330.258	2320.974	2326.279	2374.317	2377.706	2374.464	2336.594	2323.627	2325.984	2327.605	2327.311
2319.943	2323.185	2326.721	2319.501	2323.922	2370.191	2375.348	2370.485	2334.384	2323.479	2322.301	2327.458	2325.984
2324.953	2327.163	2332.173	2321.711	2328.342	2371.812	2375.790	2373.875	2339.394	2327.163	2324.806	2328.932	2329.521
2320.090	2322.595	2329.226	2321.417	2324.511	2370.633	2372.696	2373.580	2335.710	2324.216	2322.006	2325.690	2326.574
2323.479	2326.721	2332.763	2320.827	2327.605	2374.022	2373.727	2374.906	2337.920	2325.690	2323.037	2329.963	2328.637
2321.122	2325.542	2329.226	2320.827	2326.132	2372.696	2372.401	2373.285	2335.120	2324.069	2324.216	2327.753	2325.248
2323.627	2327.458	2329.079	2320.385	2329.521	2374.317	2372.696	2375.053	2336.594	2325.395	2324.511	2331.289	2325.837
2323.037	2326.721	2324.069	2320.827	2329.521	2371.075	2373.727	2372.106	2333.057	2324.953	2322.153	2327.163	2322.006
2324.953	2328.490	2326.427	2322.890	2332.321	2374.759	2376.674	2376.380	2333.794	2325.837	2325.542	2329.079	2323.922
2322.595	2328.195	2324.069	2323.185	2332.763	2371.664	2377.411	2372.843	2330.405	2325.395	2326.279	2328.490	2320.827
2327.016	2329.668	2326.427	2324.806	2333.794	2370.927	2379.179	2373.285	2332.910	2325.690	2328.784	2330.405	2321.417
2323.185	2325.984	2321.269	2323.037	2333.057	2365.328	2375.643	2368.128	2329.226	2322.448	2327.753	2325.690	2318.911
2325.395	2326.132	2324.364	2323.479	2333.057	2366.507	2377.264	2367.391	2333.500	2322.743	2326.721	2329.374	2323.332
2321.417	2324.953	2322.595	2321.711	2330.258	2362.823	2372.990	2363.560	2330.110	2320.680	2325.690	2323.922	2320.974
2325.690	2324.953	2326.721	2321.417	2329.963	2365.328	2374.169	2364.739	2332.173	2320.827	2328.490	2327.016	2323.332
2323.037	2324.953	2326.574	2322.448	2327.753	2362.823	2371.075	2360.171	2331.731	2320.532	2328.342	2324.953	2322.301
2323.922	2323.332	2325.837	2321.711	2325.984	2364.444	2371.075	2362.823	2333.205	2320.090	2328.047	2326.279	2324.658
2320.974	2320.680	2326.427	2319.796	2323.922	2364.444	2368.570	2361.349	2332.910	2320.385	2326.132	2326.427	2324.364
2326.574	2324.953	2329.963	2320.238	2326.132	2368.570	2372.254	2366.065	2336.447	2323.627	2328.342	2329.668	2327.016
2324.069	2326.132	2329.079	2318.469	2326.869	2367.686	2367.686	2366.360	2335.563	2324.806	2328.932	2328.784	2324.069
2328.195	2328.047	2330.995	2320.680	2328.932	2369.749	2370.485	2369.159	2336.889	2327.900	2329.668	2332.910	2326.132
2323.479	2326.574	2327.605	2322.153	2327.458	2366.949	2366.507	2368.570	2336.005	2324.806	2328.047	2329.226	2323.185
2327.753	2327.016	2327.163	2321.122	2329.816	2371.222	2368.422	2371.370	2336.594	2325.248	2327.458	2331.437	2323.774
2326.132	2326.574	2324.806	2319.501	2329.668	2366.507	2363.118	2368.422	2335.710	2323.037	2324.806	2327.163	2319.796
2327.900	2329.521	2323.774	2320.385	2332.321	2370.485	2366.065	2371.075	2335.268	2324.216	2325.690	2328.784	2323.332
2324.216	2326.427	2323.922	2319.206	2329.963	2366.507	2363.412	2367.833	2332.026	2320.385	2322.890	2325.248	2320.238
2328.490	2327.016	2323.774	2323.037	2328.637	2369.307	2367.686	2367.833	2330.110	2322.006	2323.037	2325.690	2324.511
2324.216	2324.511	2321.269	2321.269	2328.047	2364.149	2363.412	2363.855	2327.900	2318.322	2323.185	2322.743	2322.301
2330.405	2327.016	2325.837	2322.890	2330.110	2367.096	2367.096	2363.855	2330.110	2324.364	2324.953	2328.047	2326.721
2325.100	2324.069	2324.364	2321.269	2329.079	2361.055	2364.002	2361.497	2328.342	2321.417	2324.216	2325.248	2324.953
2328.784	2324.658	2325.984	2322.595	2328.490	2364.886	2367.686	2361.792	2328.784	2323.774	2326.279	2328.784	2328.637
2324.953	2325.100	2325.837	2321.122	2328.784	2360.465	2365.033	2359.139	2329.374	2323.479	2326.279	2326.427	2325.395
2326.279	2325.837	2324.364	2321.859	2328.342	2363.118	2366.212	2362.676	2332.026	2326.869	2329.521	2329.079	2328.342
2321.859	2327.311	2323.627	2320.238	2326.574	2359.287	2362.234	2361.055	2332.173	2323.185	2327.311	2328.195	2325.542
2325.542	2327.016	2325.690	2319.501	2325.690	2362.381	2364.591	2362.234	2335.563	2325.395	2326.574	2329.668	2328.490
2319.943	2324.806	2322.890	2318.322	2324.511	2359.139	2359.434	2359.729	2332.615	2320.680	2325.690	2325.984	2325.248
2324.069	2327.311	2326.279	2318.322	2324.953	2362.086	2363.707	2360.760	2336.299	2324.953	2326.132	2327.016	2326.721
2321.122	2326.869	2326.132	2316.849	2324.658	2362.970	2363.118	2361.497	2335.268	2323.922	2327.016	2327.016	2327.163
2324.953	2326.427	2327.458	2319.059	2323.774	2362.823	2367.391	2363.118	2335.120	2323.037	2325.542	2327.016	2325.690
2323.332	2325.690	2327.605	2317.733	2323.332	2363.707	2364.149	2360.465	2331.142	2318.322	2323.185	2325.984	2324.806
2325.542	2324.658	2327.605	2318.469	2326.869	2364.297	2366.360	2363.265	2331.437	2321.564	2324.364	2326.132	2324.806
2323.627	2324.511	2326.427	2318.175	2326.427	2362.823	2364.886	2362.823	2328.784	2318.617	2322.743	2324.069	2321.859
2326.869	2328.637	2327.311	2319.354	2329.079	2366.360	2370.780	2366.802	2331.142	2322.153	2325.542	2326.427	2324.216
2324.364	2325.395	2322.890	2316.554	2326.721	2362.823	2366.802	2363.855	2329.521	2316.701	2324.364	2324.806	2320.385
2324.216	2326.427	2324.216	2319.354	2328.637	2362.676	2369.601	2364.149	2329.226	2320.680	2324.069	2325.690	2320.680
2322.595	2325.837	2320.974	2318.027	2325.837	2363.118	2366.065	2362.086	2328.342	2318.027	2324.364	2325.542	2321.564
2323.774	2325.837	2322.153	2320.532	2326.132	2362.381	2368.865	2362.823	2330.995	2321.564	2325.837	2325.542	2321.711
2318.764	2323.185	2321.417	2316.996	2322.448	2360.613	2366.654	2360.023	2329.079	2317.880	2324.953	2324.216	2320.532
2319.648	2322.890	2322.301	2319.354	2321.269	2361.497	2367.686	2358.992	2330.995	2320.974	2327.605	2326.279	2322.890
2316.259	2318.027	2320.827	2314.786	2319.354	2358.255	2364.444	2357.518	2329.816	2317.143	2323.332	2324.953	2320.827
2318.469	2321.417	2324.806	2317.291	2319.648	2360.023	2365.475	2357.076	2329.079	2320.974	2325.395	2327.458	2325.100
2319.059	2320.090	2322.595	2314.196	2318.322	2357.813	2361.792	2354.276	2329.079	2317.143	2322.301	2326.721	2323.332
2321.269	2321.417	2327.016	2315.522	2321.122	2358.550	2363.560	2356.045	2330.552	2321.122	2322.890	2326.574	2325.248
2319.059	2320.090	2322.153	2312.428	2319.354	2354.866	2360.465	2354.129	2328.342	2319.206	2319.354	2325.837	2322.006
2323.627	2322.153	2325.690	2315.522	2322.153	2356.634	2360.760	2356.339	2331.437	2322.153	2320.090	2326.132	2323.627
2323.922	2322.743	2325.542	2313.607	2323.922	2358.844	2359.729	2357.371	2332.173	2322.743	2318.617	2327.163	2324.364
2326.427	2326.574	2329.226	2317.733	2325.837	2359.139	2360.171	2358.992	2335.857	2325.395	2319.796	2327.458	2324.953
2324.511	2324.511	2326.427	2316.849	2326.721	2361.055	2358.402	2358.844	2333.057	2321.859	2318.911	2325.690	2325.542
2325.690	2326.869	2327.458	2318.175	2328.047	2361.202	2359.287	2362.381	2335.857	2324.511	2322.301	2324.216	2324.658
2321.711	2324.953	2323.479	2315.817	2326.132	2359.434	2356.045	2360.613	2332.615	2321.122	2320.974	2323.037	2322.743
2324.216	2328.637	2327.458	2319.059	2331.731	2360.318	2358.550	2362.234	2336.594	2326.132	2323.922	2324.216	2323.479
2320.090	2328.047	2323.627	2318.322	2328.047	2358.108	2360.023	2359.287	2332.615	2322.890	2323.774	2325.248	2321.859
2319.648	2328.784	2326.574	2319.354	2328.784	2355.750	2360.907	2358.697	2330.995	2323.185	2325.395	2322.743	2319.943
2315.817	2325.690	2321.269	2316.554	2323.332	2354.276	2358.992	2354.571	2324.806	2318.322	2323.479	2320.532	2318.469
2318.322	2327.016	2322.006	2317.880	2322.006	2352.214	2360.465	2354.719	2327.163	2320.385	2324.069	2321.564	2317.438
2315.375	2324.216	2319.796	2316.112	2319.648	2352.361	2360.907	2354.719	2323.922	2315.817	2320.680	2321.711	2318.027
2318.175	2325.248	2322.743	2319.796	2321.564	2355.750	2365.328	2356.045	2328.342	2319.648	2326.721	2325.100	2319.501
2316.112	2323.774	2321.417	2315.964	2317.585	2356.192	2364.591	2355.013	2324.953	2315.817	2322.743	2322.890	2319.354
2321.711	2324.953	2325.837	2318.617	2323.774	2361.497	2366.212	2359.287	2329.521	2320.090	2326.721	2325.248	2322.743
2322.301	2326.427	2323.627	2317.733	2322.448	2361.497	2364.002	2360.023	2330.110	2318.322	2324.953	2327.605	2323.774
2326.132	2328.490	2327.753	2318.764	2326.721	2364.886	2365.475	2363.707	2333.647	2323.332	2327.753	2328.195	2327.163
2323.922	2326.279	2327.753	2316.701	2325.837	2364.886	2365.328	2365.181	2333.205	2324.658	2324.806	2328.047	2324.511
2326.869	2327.900	2330.700	2319.943	2328.195	2367.244	2365.475	2366.360	2334.678	2327.311	2325.542	2327.753	2327.163
2325.837	2327.016	2329.668	2317.291	2327.311	2368.570	2366.802	2366.654	2331.437	2325.248	2320.680	2324.658	2323.774
2328.784	2327.605	2331.142	2319.943	2328.342	2368.865	2367.686	2370.043	2332.910	2326.869	2325.248	2326.427	2327.900
2324.658	2324.953	2326.279	2316.406	2324.364	2366.507	2364.591	2366.507	2328.195	2325.837	2319.354	2321.711	2322.301
2326.132	2323.627	2329.374	2318.469	2325.837	2365.623	2367.686	2369.454	2329.963	2325.690	2321.417	2322.153	2324.216
2322.743	2322.153	2326.132	2317.733	2324.658	2364.149	2367.244	2367.391	2327.016	2323.332	2318.911	2322.153	2319.501
2321.859	2324.658	2329.079	2319.501	2328.342	2364.444	2368.422	2370.338	2330.258	2321.269	2322.448	2322.595	2321.269
2318.911	2322.890	2325.395	2315.522	2323.185	2361.202	2367.833	2365.181	2326.574	2320.090	2322.153	2321.859	2316.554
2319.501	2325.837	2326.869	2320.090	2326.427	2361.055	2366.507	2368.275	2328.784	2320.680	2325.100	2324.953	2321.269
2316.112	2324.511	2323.185	2317.585	2323.332	2361.644	2365.328	2364.149	2326.427	2318.469	2323.185	2324.953	2317.880
2318.764	2326.869	2324.658	2319.501	2326.721	2360.318	2366.065	2365.917	2329.816	2318.469	2325.984	2328.195	2322.006
2314.196	2324.069	2319.501	2315.375	2323.037	2360.023	2364.297	2361.055	2325.984	2318.469	2322.006	2323.774	2318.175
2318.911	2329.963	2324.069	2316.701	2325.100	2362.970	2368.570	2362.970	2330.700	2321.122	2326.869	2327.458	2324.364
2319.206	2327.016	2320.827	2315.964	2321.711	2362.234	2365.770	2359.139	2328.047	2322.743	2323.774	2326.721	2323.774
2322.153	2332.763	2325.248	2319.796	2327.605	2364.739	2367.833	2362.528	2332.321	2325.837	2328.490	2328.932	2328.195
2320.974	2326.279	2322.890	2314.196	2322.595	2359.139	2362.528	2356.634	2328.932	2324.806	2323.479	2328.342	2322.595
2324.216	2329.668	2326.427	2317.291	2325.395	2360.907	2363.118	2360.318	2332.321	2327.311	2327.016	2326.427	2326.427
2322.743	2327.163	2326.279	2316.996	2322.890	2361.497	2362.676	2358.550	2331.879	2325.984	2323.922	2327.163	2322.743
2326.427	2330.110	2329.816	2320.385	2326.869	2362.676	2362.086	2359.581	2335.120	2329.816	2327.311	2328.342	2325.984
2321.564	2323.627	2325.984	2317.585	2323.922	2356.192	2353.982	2356.634	2329.816	2323.922	2321.417	2325.837	2319.796
2323.037	2326.427	2327.753	2319.206	2326.132	2355.603	2356.192	2358.108	2332.321	2326.869	2324.953	2325.100	2322.595
2320.974	2321.417	2325.542	2318.175	2324.511	2352.508	2352.508	2357.224	2328.784	2322.301	2321.417	2322.890	2318.469
2322.006	2326.279	2326.721	2321.269	2328.637	2354.424	2355.013	2359.139	2334.678	2326.427	2325.395	2322.595	2322.301
2322.595	2322.743	2326.574	2319.943	2325.248	2351.919	2353.834	2356.339	2330.700	2322.301	2322.301	2323.185	2317.880
2321.859	2325.100	2326.279	2320.532	2328.195	2350.887	2356.192	2360.023	2331.142	2322.743	2325.395	2321.269	2321.417
2320.090	2323.185	2321.859	2319.648	2323.774	2350.593	2354.719	2356.782	2326.574	2317.291	2323.922	2320.090	2316.701
2322.301	2327.900	2323.037	2322.153	2329.079	2355.455	2361.202	2361.202	2329.963	2323.037	2327.753	2321.711	2321.122
2320.090	2326.132	2319.501	2322.153	2325.395	2354.866	2359.434	2358.402	2326.869	2319.648	2324.953	2321.269	2318.175
2320.827	2326.574	2322.006	2321.564	2325.837	2357.666	2361.497	2358.992	2329.521	2323.479	2328.047	2324.216	2321.122
2318.764	2324.216	2319.943	2320.680	2321.269	2356.634	2359.876	2355.750	2324.511	2319.501	2324.511	2322.890	2320.238
2318.027	2324.069	2319.943	2319.354	2324.069	2357.371	2361.792	2356.634	2327.458	2322.890	2325.690	2324.806	2321.711
2318.764	2321.122	2321.122	2316.406	2322.006	2358.402	2359.139	2354.424	2325.837	2322.448	2322.153	2324.216	2320.532
2321.711	2326.721	2324.953	2317.585	2327.900	2361.792	2366.949	2361.939	2331.289	2326.869	2326.574	2329.374	2323.185
2319.796	2321.417	2323.479	2315.375	2322.006	2359.287	2362.381	2357.076	2328.342	2324.364	2322.448	2325.248	2321.859
2321.122	2322.153	2326.132	2314.491	2324.364	2361.055	2365.917	2360.171	2329.079	2324.364	2323.332	2327.753	2320.680
2320.680	2322.153	2323.037	2314.638	2323.185	2359.729	2363.265	2359.729	2328.047	2324.953	2320.827	2323.479	2320.090
2323.479	2325.395	2326.132	2315.964	2327.753	2363.412	2365.623	2364.591	2331.731	2325.542	2325.690	2328.490	2321.122
2322.448	2324.953	2324.069	2316.554	2327.458	2361.202	2362.528	2364.591	2329.816	2326.721	2323.037	2324.806	2321.122
2322.890	2326.574	2325.395	2319.648	2328.047	2361.939	2363.265	2365.475	2330.258	2326.869	2327.016	2327.753	2321.859
2320.090	2320.974	2322.448	2317.585	2322.448	2355.750	2356.192	2361.202	2327.605	2324.953	2323.185	2321.564	2320.090
2323.185	2324.364	2324.953	2320.532	2326.869	2356.782	2360.318	2362.823	2328.637	2325.395	2327.016	2324.658	2321.564
2322.153	2324.658	2323.479	2319.648	2325.837	2358.108	2357.813	2361.497	2329.668	2325.100	2328.195	2322.890	2323.332
2320.974	2325.100	2324.658	2318.322	2328.195	2357.813	2360.465	2361.349	2327.458	2321.122	2328.047	2326.427	2322.448
2321.564	2322.006	2321.269	2317.438	2324.806	2356.045	2360.023	2358.992	2325.837	2320.090	2327.311	2322.153	2321.417
2321.859	2322.301	2324.658	2316.554	2326.721	2358.697	2362.528	2358.550	2325.248	2319.059	2327.163	2325.100	2322.448
2323.037	2323.185	2322.743	2317.438	2324.953	2358.108	2363.412	2356.634	2325.248	2319.648	2327.753	2323.037	2323.479
2322.743	2322.448	2325.100	2316.701	2326.279	2361.497	2365.328	2357.666	2324.364	2318.617	2326.279	2325.837	2325.100
2320.238	2319.206	2322.448	2317.143	2323.479	2361.349	2363.412	2357.224	2325.248	2319.059	2323.479	2325.248	2322.301
2323.185	2319.943	2324.806	2318.764	2327.311	2361.644	2364.739	2359.139	2325.542	2321.269	2323.332	2326.869	2327.016
2325.395	2318.322	2323.627	2320.680	2325.248	2361.644	2362.381	2357.813	2326.721	2323.774	2322.890	2325.984	2325.395
2324.953	2321.711	2328.047	2320.974	2327.311	2360.907	2361.497	2358.550	2327.900	2326.721	2323.185	2329.816	2328.784
2323.922	2321.417	2324.658	2322.301	2325.100	2360.318	2359.434	2359.139	2329.226	2324.806	2324.953	2326.427	2324.511
2323.479	2321.269	2325.395	2320.680	2326.721	2360.318	2358.844	2359.876	2331.142	2325.690	2323.627	2328.637	2323.627
2324.658	2323.627	2324.069	2322.153	2328.195	2360.318	2355.750	2359.287	2332.026	2325.100	2325.690	2326.574	2322.006
2326.427	2325.690	2325.542	2322.006	2328.932	2361.792	2357.518	2360.465	2333.647	2324.216	2327.458	2326.869	2322.153
2323.774	2323.774	2323.774	2320.238	2326.427	2357.518	2353.834	2358.844	2329.816	2320.385	2327.163	2324.069	2317.733
2325.100	2326.279	2325.395	2321.859	2328.047	2358.402	2358.844	2358.255	2335.415	2322.448	2329.521	2324.511	2321.711
2321.711	2324.364	2322.595	2320.385	2326.869	2357.076	2357.960	2354.866	2331.731	2318.911	2327.163	2320.974	2318.175
2323.185	2327.163	2324.658	2322.595	2329.963	2355.013	2359.139	2354.866	2334.826	2322.153	2327.753	2325.837	2322.006
2320.680	2326.574	2324.806	2319.059	2324.953	2355.308	2358.402	2351.477	2331.289	2319.059	2327.458	2323.037	2321.269
2321.122	2329.816	2328.490	2321.859	2329.226	2355.603	2364.444	2356.192	2333.794	2322.301	2327.605	2326.721	2325.837
2321.564	2327.016	2325.542	2318.322	2326.279	2352.950	2359.729	2352.066	2330.258	2321.564	2326.132	2326.279	2326.279
2321.859	2330.995	2327.753	2319.648	2325.395	2353.392	2360.023	2351.182	2332.468	2324.953	2325.690	2329.374	2328.342
2319.354	2327.311	2325.395	2315.964	2322.890	2350.151	2354.719	2351.035	2327.163	2320.827	2321.711	2328.047	2325.984
2322.153	2329.668	2325.395	2315.964	2322.595	2350.003	2355.308	2352.950	2330.405	2322.743	2321.564	2328.784	2327.605
2320.238	2325.542	2322.153	2314.196	2319.796	2350.003	2353.834	2350.151	2326.869	2319.943	2318.764	2325.248	2327.458
2323.627	2328.047	2323.332	2319.648	2326.132	2350.887	2356.045	2355.161	2330.847	2324.069	2319.796	2328.490	2329.374
2323.185	2322.448	2319.059	2316.849	2322.006	2349.561	2351.919	2351.182	2328.490	2321.859	2319.059	2325.542	2327.458
2325.984	2327.458	2325.837	2323.185	2328.784	2354.276	2356.634	2357.666	2334.089	2326.132	2323.332	2329.226	2329.816
2325.100	2322.448	2322.301	2321.711	2327.753	2352.656	2353.982	2355.897	2332.173	2323.479	2321.564	2324.216	2327.311
2325.984	2325.984	2324.658	2323.922	2330.405	2355.013	2354.424	2356.634	2334.236	2325.395	2325.100	2327.311	2326.721
2326.132	2323.627	2325.542	2324.806	2330.847	2355.161	2352.508	2356.192	2333.794	2323.774	2325.542	2325.542	2325.984
2327.163	2325.690	2327.163	2325.690	2331.289	2358.992	2355.013	2355.897	2335.563	2326.574	2328.342	2327.605	2323.922
2324.511	2322.448	2325.690	2322.448	2328.047	2353.687	2351.035	2353.687	2330.995	2321.122	2325.690	2324.216	2321.564
2328.195	2327.163	2329.226	2325.542	2330.995	2357.076	2353.687	2353.392	2335.415	2324.069	2327.605	2328.490	2323.627
2319.796	2322.743	2323.037	2318.617	2324.953	2349.266	2348.972	2347.056	2327.900	2318.175	2324.953	2323.479	2320.238
2325.248	2326.574	2328.195	2321.269	2327.605	2352.066	2354.129	2351.035	2332.615	2319.501	2326.721	2329.079	2322.301
2320.680	2323.037	2322.743	2316.406	2325.248	2348.824	2351.771	2347.056	2327.016	2317.438	2324.806	2324.658	2321.564
2321.711	2323.627	2324.364	2315.228	2324.806	2348.088	2354.276	2349.119	2328.637	2318.027	2324.364	2327.753	2323.185
2318.469	2320.680	2321.564	2311.544	2324.658	2344.698	2350.593	2349.119	2325.248	2314.491	2323.037	2325.690	2322.743
2319.059	2322.595	2325.248	2314.196	2324.806	2349.119	2353.687	2349.561	2329.226	2318.027	2324.069	2328.195	2325.395
2314.049	2317.733	2320.532	2312.428	2324.658	2344.846	2351.477	2349.414	2325.100	2315.080	2321.859	2324.658	2323.185
2317.143	2318.617	2321.564	2314.491	2324.511	2347.351	2353.392	2351.477	2328.195	2317.585	2321.269	2326.132	2325.395
2312.133	2315.080	2318.322	2311.839	2324.216	2347.203	2351.624	2349.561	2325.395	2317.438	2322.301	2322.890	2321.417
2318.617	2319.059	2324.069	2319.501	2326.132	2352.214	2354.866	2355.161	2332.615	2320.680	2323.479	2325.542	2323.627
2317.291	2318.911	2322.890	2321.417	2327.900	2353.540	2352.361	2354.276	2331.142	2322.301	2324.511	2322.743	2322.006
2321.417	2323.922	2327.163	2326.279	2328.195	2355.603	2356.487	2358.844	2335.415	2324.364	2326.427	2326.279	2323.332
2320.827	2322.301	2323.627	2323.922	2328.047	2353.392	2352.950	2356.634	2332.468	2323.185	2326.279	2322.448	2323.037
2322.743	2324.806	2326.574	2322.595	2326.132	2354.866	2355.013	2353.834	2332.173	2324.069	2327.458	2324.511	2322.006
2322.153	2323.332	2326.869	2323.185	2326.427	2352.803	2351.919	2353.834	2332.910	2322.595	2324.216	2321.564	2320.238
2324.069	2326.427	2327.753	2322.448	2326.869	2353.834	2354.276	2351.771	2331.731	2323.774	2326.721	2322.448	2323.185
2321.711	2325.690	2327.605	2321.564	2325.984	2351.477	2352.361	2351.771	2332.173	2320.385	2324.364	2322.890	2322.595
2321.711	2326.132	2328.342	2318.764	2326.279	2352.508	2353.834	2350.151	2329.963	2319.354	2326.427	2324.658	2323.037
2319.796	2321.859	2325.690	2316.259	2323.332	2347.646	2349.561	2347.646	2326.721	2317.585	2321.564	2320.238	2322.301
2320.385	2323.922	2329.816	2317.585	2325.395	2351.771	2352.803	2348.235	2328.342	2317.880	2323.332	2323.332	2323.332
2316.406	2319.796	2324.806	2316.112	2322.301	2348.530	2349.119	2348.530	2325.248	2318.175	2319.648	2320.385	2321.859
2319.059	2322.301	2328.490	2318.175	2324.216	2351.624	2353.245	2349.561	2325.984	2319.206	2322.743	2323.774	2324.364
2315.670	2318.175	2325.542	2319.501	2321.269	2347.203	2349.856	2350.593	2326.279	2317.733	2318.175	2322.743	2322.595
2318.911	2318.764	2325.837	2319.206	2324.069	2348.088	2353.098	2349.709	2324.953	2320.385	2321.711	2324.658	2324.806
2315.522	2313.607	2323.185	2317.733	2318.764	2344.846	2351.035	2348.235	2323.774	2317.733	2315.964	2321.417	2322.448
2315.817	2314.638	2323.774	2318.617	2322.301	2349.561	2352.950	2348.972	2325.542	2318.322	2319.206	2321.711	2321.711
2315.080	2312.575	2319.648	2317.291	2319.354	2344.993	2350.593	2348.972	2325.542	2318.469	2317.585	2319.796	2320.974
2319.354	2317.585	2324.216	2320.532	2322.301	2348.382	2352.508	2351.771	2329.521	2317.733	2322.153	2320.532	2321.564
2317.291	2315.964	2320.827	2318.322	2321.711	2347.351	2352.950	2350.445	2328.195	2317.585	2321.711	2317.585	2321.564
2322.006	2320.974	2325.837	2320.680	2327.458	2353.098	2355.013	2352.508	2331.142	2320.680	2325.984	2322.890	2323.479
2319.796	2320.090	2324.658	2321.417	2324.511	2352.508	2355.161	2355.161	2330.110	2320.238	2324.806	2320.090	2321.859
2325.100	2325.984	2328.195	2323.922	2329.963	2356.339	2358.255	2357.518	2335.415	2324.953	2330.552	2323.627	2325.542
2323.479	2324.953	2327.311	2320.680	2327.605	2352.950	2357.518	2357.960	2335.120	2321.859	2328.047	2323.479	2325.395
2323.922	2325.690	2328.047	2320.238	2329.668	2352.803	2357.224	2357.076	2334.384	2325.100	2328.784	2324.364	2324.806
2324.364	2321.711	2326.427	2316.259	2328.195	2351.771	2354.571	2354.129	2333.352	2321.711	2324.953	2323.774	2324.806
2324.953	2327.311	2329.816	2319.059	2328.490	2351.477	2355.161	2354.719	2334.384	2325.837	2328.932	2327.900	2324.511
2323.922	2322.448	2326.721	2314.933	2323.332	2350.593	2353.834	2351.919	2330.110	2321.269	2324.511	2323.185	2323.922
2322.301	2323.479	2326.427	2312.281	2323.037	2349.266	2351.182	2349.561	2330.405	2319.796	2324.069	2323.479	2323.332
2320.238	2318.911	2323.774	2312.575	2319.354	2347.351	2348.972	2349.266	2325.690	2315.817	2318.911	2321.417	2319.943
2321.859	2323.627	2325.248	2316.554	2320.090	2349.561	2352.066	2349.561	2327.311	2319.206	2321.564	2324.511	2321.711
2321.417	2321.269	2324.511	2316.259	2319.059	2349.856	2353.982	2351.035	2327.016	2316.259	2320.385	2323.185	2322.006
2320.532	2323.185	2324.216	2318.764	2318.764	2351.182	2356.339	2354.276	2327.458	2320.238	2324.216	2323.332	2321.564
2320.974	2319.059	2321.859	2316.996	2320.385	2352.214	2354.719	2353.982	2327.458	2316.701	2320.532	2321.122	2321.122
2320.385	2322.301	2322.595	2319.501	2323.185	2351.182	2357.960	2356.487	2331.437	2320.827	2323.922	2323.037	2320.827
2321.269	2320.680	2321.711	2319.354	2322.595	2351.919	2355.897	2353.982	2330.847	2321.417	2323.627	2322.006	2322.743
2322.743	2324.511	2322.448	2320.385	2325.837	2352.950	2359.139	2357.371	2333.942	2324.658	2327.753	2321.859	2324.069
2321.269	2320.090	2320.974	2316.406	2325.248	2350.740	2353.982	2351.919	2330.552	2323.479	2325.248	2319.943	2321.564
2320.974	2322.448	2320.827	2319.354	2325.984	2351.329	2352.950	2353.392	2332.321	2323.037	2325.984	2319.943	2319.354
2319.354	2322.006	2319.943	2316.259	2325.690	2348.088	2349.266	2348.235	2330.847	2321.417	2321.711	2320.680	2319.059
2320.532	2323.185	2321.564	2318.911	2325.837	2347.646	2348.382	2350.003	2331.584	2323.922	2324.953	2321.269	2319.501
2319.354	2321.417	2319.796	2314.638	2323.922	2344.846	2343.667	2344.993	2327.458	2319.501	2319.354	2317.733	2317.585
2318.469	2321.859	2320.974	2317.291	2325.248	2342.783	2346.467	2344.993	2330.258	2322.301	2321.417	2318.322	2316.406
2320.385	2320.238	2320.974	2315.817	2324.953	2339.836	2344.256	2342.488	2327.753	2320.680	2319.501	2320.827	2316.996
2321.417	2320.827	2325.248	2319.354	2326.869	2340.425	2346.172	2346.467	2330.995	2324.364	2324.511	2321.269	2320.680
2323.037	2321.711	2323.479	2315.670	2325.395	2337.920	2344.993	2342.636	2328.932	2322.595	2322.448	2322.595	2321.417
2323.479	2322.153	2327.016	2319.501	2327.016	2340.573	2346.909	2345.141	2332.321	2326.869	2325.542	2324.069	2324.511
2320.680	2320.385	2322.743	2315.228	2323.037	2337.478	2344.404	2341.457	2328.784	2322.890	2320.385	2323.332	2322.890
2320.238	2321.711	2325.100	2319.501	2324.511	2336.447	2344.404	2344.109	2330.995	2325.690	2324.953	2325.542	2326.721
2319.501	2319.796	2322.153	2315.375	2321.711	2336.299	2341.457	2342.193	2326.132	2320.532	2321.711	2323.332	2322.743
2316.996	2321.564	2324.216	2315.522	2321.122	2337.331	2341.162	2341.309	2329.079	2320.974	2322.743	2321.711	2324.364
2316.849	2321.122	2319.206	2312.723	2318.175	2334.826	2337.625	2339.246	2325.984	2316.701	2318.617	2320.090	2319.796
2317.438	2321.417	2322.595	2317.438	2321.564	2337.036	2339.541	2339.983	2328.932	2321.417	2322.448	2320.238	2322.743
2317.438	2322.301	2321.269	2316.701	2322.301	2334.973	2337.478	2339.836	2327.016	2317.438	2322.595	2320.827	2319.354
2321.122	2324.216	2325.690	2318.469	2325.395	2337.036	2338.215	2339.394	2330.405	2320.974	2325.395	2321.564	2319.943
2320.827	2322.743	2323.037	2314.933	2322.448	2336.594	2335.120	2339.099	2328.784	2318.911	2322.448	2322.006	2315.817
2323.332	2325.395	2325.984	2319.206	2324.953	2336.741	2334.236	2339.246	2331.584	2322.890	2324.806	2322.448	2319.501
2322.006	2323.774	2323.332	2315.964	2323.922	2332.910	2329.521	2336.299	2327.311	2321.859	2323.185	2320.385	2316.112
2323.479	2324.806	2326.574	2320.090	2326.427	2333.942	2330.110	2334.236	2330.847	2323.922	2324.511	2322.743	2320.385
2320.827	2322.153	2323.627	2313.901	2322.006	2328.932	2323.922	2330.700	2324.953	2317.733	2319.501	2320.090	2315.817
2320.680	2321.859	2325.100	2315.080	2320.238	2327.458	2325.542	2330.258	2326.132	2320.385	2319.501	2319.206	2319.206
2319.648	2320.238	2322.743	2311.691	2320.238	2326.279	2323.627	2330.258	2322.743	2316.701	2315.817	2318.911	2317.733
2319.501	2320.385	2323.037	2314.049	2320.238	2326.132	2325.690	2329.816	2324.069	2320.827	2319.059	2319.059	2321.122
2319.059	2318.469	2321.417	2309.776	2319.796	2325.984	2325.100	2328.490	2321.564	2316.701	2315.670	2318.764	2319.796
2318.175	2318.469	2322.006	2314.344	2319.354	2327.605	2328.342	2330.405	2324.806	2320.385	2316.849	2321.711	2321.859
2314.344	2317.585	2317.143	2309.481	2317.733	2325.395	2327.753	2329.668	2320.238	2316.554	2315.375	2319.796	2316.554
2316.701	2322.595	2320.238	2314.196	2320.532	2330.110	2333.057	2333.647	2326.574	2320.238	2320.827	2324.953	2322.153
2315.228	2320.974	2316.112	2310.512	2318.911	2328.490	2330.700	2332.173	2323.037	2314.786	2317.880	2321.269	2316.554
2314.344	2320.974	2316.554	2312.575	2317.733	2327.163	2329.521	2332.321	2324.953	2316.701	2321.417	2321.417	2318.175
2314.491	2320.827	2316.701	2311.249	2318.175	2325.690	2328.490	2327.311	2323.185	2311.691	2318.764	2316.996	2313.165
2313.312	2322.743	2318.617	2313.165	2318.027	2325.690	2327.900	2330.405	2324.806	2314.344	2320.385	2321.269	2312.575
2314.491	2323.479	2317.438	2311.986	2319.648	2325.690	2327.458	2327.163	2324.216	2311.396	2321.269	2319.501	2310.807
2320.680	2327.311	2323.185	2316.259	2323.332	2329.668	2328.637	2330.258	2328.342	2316.849	2325.542	2324.806	2316.406
2318.175	2322.006	2319.796	2313.754	2322.153	2326.427	2324.953	2324.953	2324.216	2315.522	2322.153	2318.175	2311.544
2322.301	2327.458	2323.922	2315.670	2327.163	2331.289	2326.574	2326.279	2328.932	2320.680	2324.364	2324.511	2318.027
2321.711	2324.953	2322.595	2316.701	2325.542	2329.226	2326.869	2323.479	2328.932	2320.090	2322.301	2323.332	2316.259
2321.564	2327.311	2323.774	2315.964	2329.226	2331.879	2326.427	2327.311	2328.490	2322.595	2322.153	2326.279	2319.648
2320.385	2323.037	2320.680	2314.638	2325.690	2327.458	2326.132	2323.922	2327.900	2319.796	2319.648	2322.153	2318.469
2318.911	2325.100	2320.385	2313.607	2327.753	2327.311	2324.364	2326.132	2326.279	2322.890	2317.291	2323.774	2320.090
2315.228	2318.469	2315.080	2309.776	2321.417	2320.827	2321.859	2321.711	2323.037	2315.080	2310.954	2316.701	2316.406
2316.701	2320.827	2317.585	2310.365	2322.890	2322.006	2324.806	2326.427	2323.774	2318.764	2312.575	2322.448	2318.322
2314.786	2314.638	2312.575	2309.333	2316.996	2316.849	2322.595	2324.511	2318.175	2314.491	2312.133	2318.175	2316.259
2316.112	2319.501	2319.501	2311.544	2320.238	2322.595	2326.574	2328.784	2320.238	2317.291	2316.554	2322.743	2320.090
2318.764	2327.016	2328.047	2310.512	2327.016	2327.016	2341.457	2338.362	2316.701	2336.299	2325.984	2335.268	2325.984
2321.859	2305.355	2300.198	2305.355	2301.229	2315.670	2319.796	2322.890	2308.449	2303.292	2315.670	2317.733	2322.890
2325.984	2337.331	2361.055	2338.362	2335.268	2347.646	2345.583	2345.583	2339.394	2335.268	2343.520	2346.614	2337.331
