2329.079	2330.110	2339.394	2339.394	2340.425	2411.597	2421.912	2410.566	2355.897	2346.614	2335.268	2352.803	2328.047
2334.236	2344.551	2347.646	2342.488	2340.425	2400.251	2427.069	2407.471	2356.929	2349.709	2341.457	2331.142	2338.362
2350.740	2339.394	2370.338	2347.646	2374.464	2427.069	2441.510	2431.195	2386.842	2364.149	2345.583	2357.960	2355.897
2344.404	2344.404	2352.214	2345.583	2347.351	2414.692	2432.079	2420.881	2371.075	2352.066	2342.783	2344.698	2344.256
2345.877	2344.551	2351.035	2344.256	2348.382	2415.428	2431.048	2422.207	2371.075	2349.561	2342.783	2343.372	2345.288
2348.382	2346.319	2351.329	2345.435	2351.919	2419.112	2433.406	2426.480	2373.433	2353.098	2343.814	2345.730	2347.351
2348.530	2347.646	2348.088	2345.877	2348.088	2418.523	2430.459	2426.775	2369.749	2349.561	2343.962	2343.078	2346.319
2347.940	2344.698	2347.940	2347.646	2349.119	2419.112	2428.396	2427.954	2370.633	2347.646	2344.256	2343.520	2345.141
2350.887	2348.088	2348.088	2347.646	2351.477	2424.712	2431.048	2433.111	2371.370	2350.445	2347.203	2347.646	2350.151
2349.709	2347.646	2349.414	2348.824	2353.982	2426.038	2435.027	2436.058	2373.433	2351.182	2347.646	2346.172	2347.793
2353.098	2349.709	2347.793	2348.235	2355.750	2431.785	2437.089	2438.858	2373.285	2352.214	2348.088	2347.646	2349.856
2354.276	2353.098	2351.329	2352.066	2357.224	2436.500	2444.752	2443.131	2378.295	2356.634	2348.382	2349.119	2351.035
2357.076	2352.803	2352.508	2353.392	2356.339	2442.247	2449.615	2445.783	2381.095	2355.161	2351.919	2350.740	2350.740
2354.424	2351.329	2352.656	2352.361	2358.992	2446.078	2455.509	2448.141	2383.453	2356.929	2350.593	2351.477	2348.972
2358.255	2353.098	2355.750	2352.950	2359.434	2449.909	2463.319	2451.088	2386.400	2358.844	2353.687	2353.982	2350.887
2357.224	2353.982	2357.666	2357.076	2361.792	2452.856	2468.181	2453.888	2386.694	2361.202	2352.361	2354.276	2348.972
2359.434	2352.803	2361.349	2355.750	2360.760	2456.098	2472.012	2456.688	2388.905	2362.528	2352.508	2357.813	2353.245
2355.897	2353.392	2360.318	2354.571	2360.760	2454.477	2472.897	2460.077	2387.579	2361.939	2349.709	2354.424	2349.856
2357.518	2351.329	2360.318	2353.098	2360.023	2455.214	2472.602	2463.024	2388.610	2360.613	2350.740	2355.455	2350.740
2355.455	2352.361	2357.960	2349.856	2358.108	2454.183	2471.276	2463.908	2385.958	2360.760	2347.351	2351.329	2350.740
2358.844	2354.129	2359.287	2352.508	2356.634	2455.067	2473.928	2467.592	2389.347	2360.023	2350.003	2350.740	2353.098
2354.424	2351.919	2355.161	2350.445	2356.634	2456.393	2471.276	2467.886	2386.400	2358.108	2346.761	2346.172	2351.182
2352.803	2349.414	2351.771	2345.141	2352.214	2455.214	2468.771	2467.739	2384.779	2353.540	2346.614	2341.309	2348.972
2352.508	2351.182	2348.382	2347.793	2353.687	2454.625	2470.392	2469.360	2383.158	2350.887	2346.909	2339.541	2347.940
2354.129	2350.003	2350.887	2349.266	2353.982	2459.635	2471.718	2469.949	2386.105	2352.656	2348.972	2343.372	2349.414
2353.982	2352.361	2351.035	2351.182	2355.603	2462.287	2476.433	2473.044	2385.221	2353.540	2351.329	2342.636	2350.740
2356.192	2352.214	2353.098	2354.424	2359.434	2467.444	2481.885	2477.170	2388.463	2354.719	2352.214	2345.583	2353.687
2353.687	2351.624	2351.771	2352.508	2359.139	2471.865	2484.685	2478.349	2387.579	2355.308	2349.266	2345.877	2350.740
2355.455	2351.624	2352.656	2352.508	2358.844	2474.075	2489.990	2479.822	2389.052	2353.540	2350.151	2346.025	2351.035
2354.424	2353.540	2353.098	2352.803	2359.729	2476.138	2492.937	2478.496	2389.641	2355.455	2348.235	2348.088	2349.119
2354.866	2351.919	2352.656	2351.624	2358.550	2477.759	2493.379	2478.496	2388.905	2356.929	2349.119	2345.877	2347.498
2350.593	2349.266	2351.329	2349.266	2356.929	2478.201	2495.589	2479.527	2386.252	2355.013	2345.877	2343.372	2345.730
2348.235	2347.498	2349.856	2345.877	2353.540	2475.844	2494.705	2476.580	2383.600	2354.276	2344.256	2342.636	2342.636
2343.667	2345.435	2346.761	2346.467	2352.066	2475.402	2492.200	2474.812	2381.537	2351.919	2341.309	2343.225	2340.573
2346.025	2345.583	2347.498	2345.730	2352.361	2471.718	2491.905	2475.254	2380.506	2353.245	2342.341	2342.341	2343.667
2343.962	2348.088	2346.467	2347.498	2350.445	2470.981	2489.105	2474.665	2377.116	2354.276	2339.983	2344.256	2342.930
2345.877	2344.698	2344.109	2344.846	2349.414	2468.476	2486.306	2473.928	2375.938	2354.129	2341.751	2342.193	2344.109
2343.372	2345.141	2345.435	2346.319	2350.445	2468.771	2482.180	2471.865	2374.169	2355.161	2339.541	2344.109	2344.404
2346.172	2346.909	2344.109	2346.025	2352.214	2466.413	2480.412	2471.276	2376.085	2354.424	2342.193	2344.551	2345.583
2345.730	2345.435	2342.193	2345.288	2350.887	2465.529	2475.549	2469.065	2375.348	2354.719	2340.130	2341.309	2344.698
2346.761	2345.583	2344.109	2342.930	2350.003	2463.908	2475.107	2469.802	2375.643	2352.361	2341.751	2338.510	2343.372
2344.846	2344.551	2342.193	2343.667	2348.382	2464.792	2473.928	2469.655	2374.317	2352.361	2341.309	2337.183	2341.751
2345.730	2341.899	2342.783	2342.341	2350.740	2463.908	2473.633	2470.244	2377.116	2351.477	2343.372	2336.152	2343.078
2344.109	2343.962	2345.435	2345.288	2351.329	2466.708	2477.022	2472.307	2378.443	2351.477	2343.667	2338.068	2345.730
2346.172	2343.667	2343.520	2344.256	2350.593	2467.297	2481.001	2473.044	2380.653	2348.677	2343.962	2336.152	2347.203
2341.604	2343.225	2343.372	2343.814	2346.614	2468.476	2482.180	2472.749	2378.885	2347.793	2339.836	2335.120	2342.783
2344.404	2344.256	2344.698	2345.583	2347.940	2472.749	2486.895	2475.549	2380.506	2347.203	2341.604	2337.183	2345.141
2341.604	2343.078	2343.814	2344.109	2344.993	2471.128	2486.895	2473.339	2379.179	2348.088	2337.920	2338.068	2342.636
2342.636	2345.730	2344.109	2342.783	2345.877	2473.339	2488.958	2473.339	2378.443	2346.319	2340.278	2341.604	2340.867
2342.636	2346.172	2346.909	2346.909	2345.583	2476.286	2492.347	2476.138	2381.390	2348.382	2340.130	2342.636	2342.783
2342.783	2346.614	2345.730	2343.372	2345.288	2475.991	2491.463	2476.875	2377.558	2347.646	2340.130	2341.162	2338.068
2338.657	2342.636	2341.457	2341.899	2342.046	2470.981	2489.400	2474.075	2376.085	2345.877	2336.594	2338.215	2335.268
2342.193	2345.141	2342.488	2342.193	2343.225	2471.718	2489.842	2474.370	2374.611	2347.793	2339.246	2340.425	2338.215
2338.804	2343.372	2340.425	2341.604	2343.078	2468.771	2488.811	2473.633	2373.138	2347.646	2337.625	2338.362	2336.152
2341.457	2343.962	2339.541	2340.130	2344.698	2470.097	2488.369	2474.812	2370.633	2346.909	2340.867	2341.604	2337.183
2338.657	2338.215	2336.741	2336.889	2341.015	2466.855	2484.095	2470.539	2366.212	2346.614	2336.152	2336.447	2336.594
2337.478	2336.447	2332.615	2333.057	2339.541	2463.761	2480.117	2467.739	2361.055	2342.636	2335.563	2334.531	2333.352
2336.594	2333.647	2331.289	2334.678	2337.625	2461.845	2477.465	2462.729	2361.939	2342.636	2333.352	2333.942	2334.531
2339.983	2337.920	2336.299	2335.120	2340.867	2466.413	2478.054	2468.181	2362.381	2343.814	2336.741	2337.036	2336.299
2337.331	2334.089	2334.678	2335.120	2339.836	2463.319	2478.054	2463.171	2362.676	2342.783	2336.152	2334.089	2336.152
2341.309	2336.741	2337.478	2336.594	2341.751	2462.729	2475.254	2464.203	2363.855	2342.193	2337.331	2336.299	2338.215
2339.541	2337.625	2338.804	2339.541	2342.636	2461.698	2474.665	2461.256	2366.654	2343.962	2338.362	2333.647	2339.394
2343.078	2341.162	2341.604	2343.078	2345.435	2462.876	2474.223	2464.203	2370.633	2345.435	2341.015	2337.036	2340.130
2341.309	2343.078	2342.341	2343.372	2344.551	2462.434	2473.928	2461.108	2371.222	2347.646	2338.068	2336.741	2341.457
2340.720	2343.225	2342.636	2343.078	2345.583	2463.908	2475.254	2463.024	2371.370	2345.583	2336.594	2338.657	2339.983
2336.889	2339.541	2340.720	2342.783	2341.604	2461.403	2475.549	2460.519	2370.927	2345.730	2333.794	2338.362	2339.394
2337.183	2343.372	2342.930	2343.814	2343.520	2462.140	2474.665	2466.708	2371.222	2346.467	2333.057	2340.720	2337.331
2332.468	2338.068	2338.215	2340.130	2339.541	2461.845	2475.254	2462.876	2370.338	2344.698	2330.995	2337.478	2334.973
2334.089	2338.362	2339.099	2338.952	2337.625	2459.193	2475.402	2465.676	2367.244	2343.520	2327.900	2336.299	2331.142
2331.289	2336.005	2336.594	2336.889	2335.563	2455.951	2474.075	2463.613	2369.307	2341.309	2326.427	2334.531	2330.552
2332.910	2338.215	2340.130	2338.068	2338.362	2456.098	2476.728	2468.476	2369.601	2344.109	2330.995	2338.068	2330.700
2332.763	2336.299	2336.889	2335.563	2335.710	2451.678	2473.781	2467.150	2367.833	2341.015	2332.321	2335.120	2330.995
2334.531	2337.478	2336.005	2336.152	2338.215	2453.593	2474.812	2468.771	2366.065	2341.309	2333.647	2336.447	2329.816
2335.563	2334.973	2333.205	2333.352	2335.268	2454.625	2472.307	2467.297	2363.855	2338.068	2333.352	2333.647	2330.110
2335.857	2337.478	2336.299	2334.678	2336.741	2455.067	2473.191	2466.855	2362.381	2339.099	2333.500	2333.942	2330.405
2332.910	2334.531	2333.942	2334.236	2335.857	2455.361	2469.949	2465.824	2362.528	2335.710	2334.236	2332.173	2332.173
2330.995	2337.183	2335.563	2336.005	2338.362	2457.572	2472.897	2464.055	2361.055	2336.741	2335.268	2332.910	2334.384
2331.584	2334.236	2331.437	2333.205	2335.268	2456.982	2469.065	2460.961	2360.171	2333.500	2331.731	2329.226	2332.321
2330.405	2336.889	2335.415	2335.415	2336.741	2460.519	2471.276	2460.224	2361.497	2337.625	2332.026	2331.289	2332.615
2330.995	2336.152	2336.594	2334.384	2337.625	2459.929	2468.771	2456.540	2361.644	2336.889	2329.963	2329.374	2330.700
2329.668	2335.563	2337.773	2337.036	2339.394	2461.698	2471.718	2456.540	2364.444	2338.804	2331.584	2331.731	2332.910
2331.289	2338.510	2338.657	2337.036	2339.099	2462.287	2473.044	2458.603	2365.475	2338.804	2331.437	2333.794	2331.289
2333.352	2338.952	2341.457	2338.952	2341.457	2464.055	2476.875	2459.487	2368.275	2342.930	2332.615	2336.447	2331.731
2336.005	2340.425	2340.867	2340.573	2339.836	2466.118	2477.022	2463.466	2367.833	2343.372	2331.584	2338.804	2331.437
2336.005	2338.510	2341.015	2341.899	2340.130	2465.381	2480.559	2465.234	2367.096	2344.109	2331.584	2340.130	2330.847
2337.036	2338.215	2337.920	2340.425	2339.099	2466.118	2481.590	2468.034	2369.159	2345.288	2330.552	2339.688	2331.731
2337.625	2339.246	2338.952	2343.078	2338.215	2466.560	2485.569	2471.570	2369.159	2344.551	2335.563	2340.867	2335.268
2339.541	2338.657	2337.036	2339.983	2338.215	2463.761	2484.095	2471.718	2369.896	2346.909	2335.268	2339.541	2333.794
2339.688	2337.920	2336.005	2340.573	2339.394	2464.203	2482.769	2472.602	2367.538	2345.141	2336.005	2340.278	2336.741
2338.952	2339.246	2334.089	2337.920	2338.362	2461.992	2481.738	2469.655	2366.654	2345.288	2334.531	2338.215	2337.478
2340.425	2337.331	2337.920	2337.478	2340.867	2460.666	2478.938	2466.413	2364.886	2343.667	2338.068	2340.720	2338.068
2338.657	2338.362	2336.152	2335.710	2341.015	2459.193	2475.549	2462.729	2363.118	2341.457	2338.804	2338.804	2338.804
2341.899	2338.362	2338.068	2337.183	2341.457	2454.477	2468.771	2456.246	2360.171	2338.068	2338.657	2339.688	2339.099
2338.068	2338.657	2336.299	2333.794	2341.457	2450.204	2464.350	2453.593	2360.171	2338.952	2334.826	2338.657	2338.804
2339.099	2340.130	2338.215	2336.005	2342.488	2448.288	2460.224	2448.730	2357.813	2336.594	2335.563	2339.688	2339.541
2334.826	2338.804	2338.510	2335.563	2341.457	2443.868	2455.509	2444.752	2357.518	2338.068	2332.615	2338.362	2336.741
2333.647	2338.362	2338.215	2336.152	2340.720	2442.100	2450.646	2441.510	2355.161	2336.594	2334.826	2338.804	2338.804
2330.110	2335.563	2333.057	2334.384	2336.594	2437.826	2447.257	2437.679	2354.276	2336.741	2329.816	2333.794	2334.826
2330.700	2337.183	2338.657	2336.447	2340.278	2438.563	2446.078	2435.616	2357.224	2339.541	2333.205	2337.183	2337.773
2328.784	2336.152	2337.036	2336.741	2339.394	2438.268	2447.994	2438.416	2357.518	2341.309	2332.321	2337.478	2335.415
2332.321	2335.120	2340.720	2337.625	2341.604	2438.121	2445.047	2435.321	2357.666	2343.520	2332.173	2337.920	2334.826
2331.584	2335.710	2338.362	2337.773	2339.099	2436.647	2442.984	2434.290	2357.224	2343.225	2331.731	2337.625	2333.352
2334.531	2335.710	2340.278	2338.804	2341.457	2436.647	2444.457	2433.553	2357.813	2343.078	2335.268	2341.015	2333.647
2334.826	2333.500	2336.889	2335.857	2338.510	2434.732	2442.542	2432.669	2359.729	2343.814	2331.731	2339.099	2329.668
2337.773	2337.625	2339.541	2337.036	2340.425	2433.406	2442.836	2433.848	2359.581	2343.520	2335.563	2342.046	2333.205
2336.889	2334.826	2334.678	2332.763	2335.120	2428.543	2438.563	2431.637	2358.992	2342.636	2331.879	2337.331	2328.195
2336.447	2335.563	2336.594	2332.321	2336.594	2428.248	2440.626	2431.932	2356.782	2341.457	2333.500	2337.036	2330.552
2334.973	2336.299	2332.615	2329.079	2333.205	2427.217	2438.121	2432.079	2354.571	2339.688	2334.089	2333.647	2329.226
2333.942	2335.120	2334.236	2327.753	2333.647	2427.069	2439.595	2431.195	2352.361	2337.478	2333.794	2332.468	2330.847
2332.468	2334.973	2332.026	2326.279	2331.437	2426.333	2435.763	2431.195	2351.182	2337.183	2333.352	2329.226	2331.142
2335.120	2336.152	2335.857	2329.374	2334.826	2424.712	2434.437	2428.101	2349.266	2335.563	2334.973	2330.995	2331.879
2331.731	2334.678	2335.563	2328.195	2334.826	2424.270	2433.995	2426.480	2350.003	2336.447	2334.236	2328.784	2330.995
2335.710	2336.447	2337.773	2331.731	2338.215	2427.511	2435.174	2428.396	2349.119	2336.889	2336.005	2332.763	2333.942
2334.089	2335.857	2335.268	2332.910	2337.478	2427.217	2431.932	2424.712	2351.329	2337.773	2334.826	2332.615	2333.205
2334.531	2337.036	2338.804	2336.005	2338.657	2426.627	2433.258	2423.386	2352.066	2337.773	2334.236	2334.531	2333.500
2333.205	2333.794	2336.447	2336.889	2338.804	2424.859	2432.227	2423.533	2353.834	2339.983	2332.763	2334.384	2332.173
2334.236	2334.089	2338.804	2338.068	2337.331	2424.564	2435.174	2423.238	2354.129	2340.573	2330.110	2334.826	2330.552
2332.173	2331.879	2335.857	2336.741	2338.804	2428.248	2438.858	2428.396	2353.098	2341.162	2331.584	2335.710	2330.847
2333.057	2328.490	2336.299	2335.563	2335.857	2427.217	2439.005	2429.869	2351.771	2339.836	2327.311	2335.268	2328.195
2329.521	2328.784	2334.236	2333.647	2336.447	2429.132	2441.510	2429.427	2351.329	2337.920	2326.132	2334.384	2327.016
2330.700	2326.574	2335.563	2332.321	2334.973	2427.659	2440.479	2431.490	2350.593	2336.594	2326.132	2334.531	2325.395
2329.374	2324.658	2331.289	2329.079	2335.268	2425.743	2438.858	2428.543	2352.508	2337.478	2325.837	2331.584	2324.364
2332.468	2329.079	2334.531	2329.521	2336.447	2426.333	2441.215	2430.901	2351.771	2337.183	2328.195	2334.384	2326.427
2332.468	2327.753	2331.584	2327.311	2337.625	2423.975	2439.005	2429.132	2353.245	2338.068	2329.963	2331.437	2328.784
2333.057	2329.521	2333.794	2327.605	2336.594	2420.438	2438.416	2425.154	2351.771	2336.447	2327.753	2330.258	2328.195
2332.763	2332.173	2333.057	2329.226	2339.394	2420.144	2434.584	2423.386	2350.593	2338.657	2330.405	2328.195	2329.521
2334.973	2332.321	2335.120	2330.405	2337.625	2415.281	2433.258	2420.291	2350.740	2338.804	2330.552	2325.984	2330.552
2334.089	2334.384	2336.447	2330.258	2338.952	2416.018	2431.932	2420.438	2348.677	2339.983	2332.615	2324.953	2332.026
2335.415	2335.857	2337.773	2332.321	2338.657	2417.933	2434.584	2420.586	2347.056	2340.130	2334.826	2328.342	2333.794
2334.678	2335.563	2339.688	2334.089	2339.246	2419.996	2432.669	2420.586	2349.266	2342.783	2335.415	2327.458	2335.710
2338.215	2338.952	2339.099	2337.773	2340.278	2423.238	2432.669	2419.554	2349.119	2342.046	2335.857	2329.668	2335.857
2337.036	2337.478	2338.068	2338.068	2340.278	2426.038	2430.901	2421.617	2351.035	2343.667	2339.688	2330.700	2335.710
2339.394	2341.015	2337.183	2337.331	2339.836	2430.901	2436.942	2425.449	2353.098	2343.225	2338.804	2333.647	2335.857
2336.152	2338.510	2333.794	2338.068	2341.604	2435.911	2439.447	2430.753	2352.950	2343.667	2339.836	2334.384	2333.794
2338.510	2342.488	2337.183	2339.246	2341.899	2442.836	2447.699	2434.732	2356.634	2345.583	2339.394	2336.594	2334.089
2338.657	2339.836	2336.447	2342.046	2343.520	2443.426	2449.173	2440.331	2357.076	2343.667	2338.068	2334.531	2333.205
2338.804	2338.657	2334.678	2339.836	2341.899	2450.499	2453.888	2443.868	2356.339	2342.636	2336.889	2335.710	2330.405
2335.268	2334.531	2335.563	2339.099	2342.341	2452.856	2459.487	2449.762	2354.129	2340.867	2335.563	2333.794	2330.110
2335.563	2335.415	2336.594	2337.920	2341.457	2457.572	2465.676	2453.593	2355.161	2342.488	2333.352	2334.236	2330.995
2333.352	2331.289	2337.183	2336.152	2341.457	2455.361	2465.824	2452.120	2353.982	2338.952	2333.500	2331.142	2330.995
2333.500	2333.057	2339.394	2333.794	2340.867	2452.267	2463.761	2451.235	2352.950	2341.457	2330.995	2332.173	2331.142
2331.142	2328.784	2335.268	2333.057	2340.278	2446.225	2456.098	2447.110	2348.972	2338.068	2329.963	2328.784	2331.142
2333.057	2331.437	2336.741	2330.995	2339.394	2445.783	2454.035	2446.225	2349.856	2338.362	2330.995	2330.552	2332.468
2329.668	2330.258	2335.415	2330.405	2339.983	2439.300	2450.646	2441.510	2346.761	2335.120	2329.226	2328.047	2332.173
2330.847	2331.731	2336.005	2328.490	2339.541	2438.710	2446.078	2438.416	2349.266	2335.268	2329.963	2328.637	2332.026
2329.521	2332.321	2335.120	2329.668	2338.804	2432.964	2440.479	2433.553	2346.909	2332.910	2328.195	2325.984	2331.584
2332.321	2333.647	2333.794	2332.321	2339.983	2432.522	2438.563	2432.374	2347.793	2337.036	2330.110	2328.784	2332.763
2332.173	2332.026	2335.563	2333.794	2339.983	2430.459	2434.437	2427.954	2348.235	2334.531	2330.405	2328.342	2332.468
2333.500	2333.942	2334.973	2335.120	2340.867	2429.869	2436.647	2429.427	2351.329	2336.889	2332.321	2331.142	2331.584
2328.932	2328.637	2333.794	2332.763	2339.688	2425.449	2430.753	2421.617	2346.614	2335.563	2327.458	2328.784	2330.110
2332.615	2331.437	2333.205	2336.152	2339.541	2424.417	2428.690	2420.438	2349.119	2339.541	2332.321	2328.490	2330.110
2330.110	2329.226	2332.173	2334.236	2340.130	2419.702	2425.596	2415.281	2346.761	2340.573	2329.963	2331.142	2331.584
2331.879	2331.437	2331.437	2335.268	2339.394	2417.197	2423.386	2414.544	2348.235	2341.457	2332.763	2330.552	2330.847
2330.995	2329.521	2330.552	2333.500	2338.952	2414.102	2418.376	2411.303	2348.530	2340.278	2330.700	2331.731	2329.374
2333.500	2330.700	2328.932	2335.268	2336.889	2411.892	2419.112	2412.334	2348.677	2341.751	2334.089	2329.816	2330.847
2333.942	2328.932	2330.700	2332.910	2336.889	2411.597	2415.576	2408.798	2346.614	2339.983	2330.700	2330.110	2332.615
2334.826	2332.763	2329.226	2335.857	2337.036	2410.566	2418.081	2410.418	2346.761	2340.720	2334.678	2330.847	2332.615
2334.531	2328.932	2328.342	2330.700	2336.152	2408.650	2415.870	2408.355	2343.667	2335.120	2329.079	2328.490	2330.405
2334.089	2331.437	2329.374	2331.142	2334.531	2407.913	2417.491	2411.597	2344.404	2335.120	2331.731	2327.605	2329.226
2335.268	2328.047	2329.963	2330.405	2334.973	2409.829	2420.438	2411.450	2341.751	2332.910	2328.490	2329.226	2330.700
2332.173	2328.342	2332.468	2331.879	2334.826	2409.092	2420.144	2412.334	2343.520	2332.026	2328.932	2327.163	2331.731
2329.816	2328.342	2331.289	2328.195	2335.268	2409.092	2421.912	2410.271	2341.015	2329.374	2325.984	2327.900	2331.879
2328.342	2329.374	2330.995	2330.258	2336.152	2408.650	2420.881	2412.334	2341.604	2331.142	2328.932	2327.311	2331.584
2327.163	2328.784	2332.026	2328.784	2334.236	2411.008	2421.765	2410.418	2342.046	2330.552	2328.195	2327.016	2330.995
2327.016	2330.847	2334.384	2331.879	2333.942	2410.124	2421.323	2412.039	2343.962	2334.826	2331.142	2329.374	2334.973
2328.637	2329.963	2335.120	2333.500	2336.447	2410.713	2418.818	2409.092	2343.520	2334.973	2330.847	2328.047	2333.057
2327.605	2333.942	2333.352	2334.089	2335.563	2408.798	2414.692	2406.882	2346.025	2337.625	2331.142	2327.311	2333.205
2327.311	2331.584	2332.468	2330.700	2336.005	2408.355	2414.986	2405.114	2341.751	2336.889	2330.110	2327.163	2329.963
2328.637	2332.910	2332.910	2335.415	2335.857	2412.481	2416.165	2407.029	2344.551	2339.099	2329.226	2326.721	2329.816
2328.342	2329.963	2327.900	2330.847	2333.942	2413.218	2419.407	2407.619	2342.341	2335.857	2326.869	2323.332	2326.427
2331.584	2331.437	2329.816	2333.352	2335.415	2417.491	2422.796	2412.776	2344.698	2340.130	2326.427	2324.511	2329.374
2330.110	2328.637	2327.605	2328.637	2334.531	2417.049	2424.122	2410.124	2344.109	2336.594	2325.542	2321.859	2325.395
2329.963	2328.784	2327.311	2329.521	2332.763	2418.818	2426.480	2413.365	2344.109	2338.362	2324.511	2322.301	2327.311
2325.395	2323.479	2326.279	2327.016	2333.205	2417.491	2427.511	2415.134	2343.225	2333.205	2324.069	2321.122	2324.511
2328.784	2327.311	2325.395	2330.700	2333.205	2419.112	2431.048	2418.081	2342.930	2335.120	2325.100	2321.417	2328.784
2326.132	2325.984	2324.953	2327.458	2332.763	2416.165	2429.574	2418.376	2344.404	2333.057	2325.395	2323.037	2327.900
2328.342	2327.163	2329.963	2330.847	2333.057	2415.723	2427.069	2415.576	2344.256	2335.268	2326.427	2324.216	2329.374
2325.690	2325.984	2328.784	2328.342	2332.173	2411.450	2425.006	2414.986	2344.109	2331.584	2327.458	2322.890	2326.869
2327.016	2328.047	2328.637	2332.026	2333.647	2414.102	2423.680	2416.607	2341.899	2333.794	2326.279	2325.984	2327.753
2324.069	2327.311	2326.132	2330.552	2332.173	2409.682	2420.733	2412.923	2339.836	2330.552	2326.279	2325.100	2327.605
2327.605	2330.110	2329.816	2333.500	2334.236	2409.976	2419.407	2410.124	2338.657	2335.710	2328.047	2327.163	2330.552
2323.774	2327.016	2329.816	2330.995	2330.700	2409.092	2415.428	2409.240	2338.657	2333.205	2327.311	2325.837	2326.132
2326.574	2326.869	2330.847	2330.552	2330.405	2411.745	2415.428	2409.092	2337.036	2335.268	2328.047	2325.248	2327.163
2324.658	2329.226	2328.784	2330.405	2330.258	2410.124	2416.165	2409.240	2338.362	2335.120	2327.311	2328.047	2325.395
2326.721	2328.637	2328.784	2329.816	2330.552	2409.240	2413.513	2404.377	2337.920	2336.152	2325.690	2327.900	2326.132
2324.953	2329.521	2327.753	2328.195	2328.490	2404.672	2411.450	2403.493	2338.215	2334.678	2327.458	2328.047	2324.658
2327.753	2328.932	2329.079	2327.016	2329.079	2405.556	2412.629	2403.493	2339.394	2336.741	2325.984	2325.984	2324.364
2327.753	2330.110	2326.574	2325.690	2325.690	2405.261	2413.513	2403.935	2340.278	2332.615	2326.132	2325.100	2321.711
2332.468	2332.321	2329.079	2327.458	2332.026	2406.587	2416.313	2402.314	2343.667	2336.447	2327.900	2327.016	2326.574
2329.963	2329.668	2326.132	2326.869	2330.258	2400.251	2410.418	2397.599	2339.541	2331.437	2325.248	2323.185	2324.511
2331.289	2327.458	2326.279	2326.574	2330.552	2398.335	2407.619	2393.473	2339.836	2330.110	2325.984	2322.595	2327.900
2330.258	2327.016	2323.922	2326.427	2329.963	2397.451	2402.461	2393.031	2337.183	2327.016	2326.279	2322.743	2325.395
2333.794	2327.016	2328.195	2329.374	2333.352	2396.272	2404.966	2393.178	2341.162	2328.637	2325.984	2322.743	2328.490
2331.289	2327.753	2327.458	2330.110	2332.321	2398.041	2402.019	2392.883	2338.657	2326.427	2327.016	2324.511	2328.490
2332.763	2325.542	2328.195	2329.816	2333.647	2394.209	2400.251	2393.325	2337.331	2329.963	2324.953	2325.100	2331.289
2326.427	2322.743	2324.953	2328.195	2328.047	2390.231	2392.883	2390.084	2332.910	2326.427	2323.185	2322.448	2327.311
2327.753	2325.542	2328.784	2329.668	2331.289	2390.526	2395.388	2392.736	2334.236	2329.816	2325.100	2326.132	2328.490
2324.953	2325.100	2328.047	2328.195	2330.258	2387.726	2392.146	2392.146	2333.057	2330.552	2323.479	2323.185	2324.658
2323.774	2326.721	2329.521	2329.079	2329.816	2385.958	2394.357	2394.504	2334.236	2333.647	2323.627	2325.100	2328.342
2319.501	2323.037	2326.132	2323.922	2325.395	2383.747	2390.820	2390.084	2328.784	2331.731	2322.301	2322.743	2323.479
2322.595	2322.595	2328.195	2327.016	2327.605	2381.832	2392.294	2391.115	2331.879	2333.352	2321.859	2323.185	2323.922
2319.206	2324.069	2327.605	2323.037	2324.953	2385.368	2391.557	2389.347	2330.995	2330.552	2322.743	2320.827	2318.469
2322.595	2324.069	2327.900	2325.100	2325.248	2388.021	2397.009	2393.325	2330.995	2333.205	2321.711	2324.069	2321.122
2322.448	2325.837	2324.658	2323.922	2323.332	2391.115	2397.157	2390.968	2332.026	2330.995	2320.827	2321.859	2319.354
2325.100	2326.132	2327.016	2325.542	2323.774	2394.946	2402.756	2396.420	2332.910	2332.910	2321.417	2325.690	2322.448
2325.395	2325.837	2326.132	2323.185	2326.574	2399.072	2405.998	2395.094	2333.057	2329.963	2320.090	2321.859	2320.385
2327.753	2327.016	2327.163	2326.132	2329.226	2403.640	2408.945	2398.188	2336.299	2330.847	2321.122	2323.774	2325.100
2325.984	2325.542	2323.922	2322.448	2326.427	2400.988	2406.735	2394.946	2334.678	2328.932	2321.859	2321.269	2322.743
2329.226	2324.069	2326.132	2326.427	2330.258	2401.282	2407.766	2396.420	2338.362	2329.963	2321.564	2322.595	2326.869
2327.016	2325.395	2326.574	2324.806	2330.847	2398.925	2404.082	2392.736	2336.741	2328.637	2320.974	2320.238	2325.984
2329.668	2323.922	2328.342	2325.542	2331.437	2397.893	2403.787	2394.652	2338.657	2330.847	2322.448	2322.890	2328.490
2327.163	2324.216	2326.869	2324.806	2331.731	2394.357	2398.483	2390.084	2336.152	2329.668	2323.922	2320.238	2327.458
2329.963	2325.984	2329.226	2328.195	2331.142	2393.325	2398.777	2390.231	2335.710	2332.763	2327.458	2324.364	2328.195
2326.427	2326.427	2330.110	2328.047	2332.173	2389.789	2396.272	2389.494	2334.678	2332.910	2326.132	2324.069	2328.490
2330.405	2330.552	2332.615	2330.110	2334.826	2394.209	2398.335	2392.589	2335.563	2335.710	2328.342	2328.784	2328.932
2326.427	2329.226	2330.700	2328.932	2332.468	2389.494	2396.125	2391.557	2331.731	2334.531	2326.574	2328.195	2327.605
2329.816	2330.258	2331.142	2328.784	2332.910	2389.936	2399.367	2393.767	2335.415	2333.352	2327.163	2328.342	2325.984
2326.279	2328.932	2329.079	2326.279	2330.847	2386.989	2397.451	2390.378	2332.468	2332.910	2327.311	2326.721	2324.364
2327.900	2329.374	2328.784	2325.984	2333.205	2389.641	2402.461	2393.178	2334.089	2333.500	2324.658	2327.016	2323.922
2324.953	2329.226	2326.279	2322.743	2329.816	2388.610	2401.135	2391.852	2334.236	2332.026	2324.511	2325.395	2322.006
2327.753	2329.816	2325.100	2324.069	2331.731	2390.968	2403.198	2391.410	2336.594	2331.584	2323.479	2327.163	2322.595
2324.511	2328.342	2325.248	2321.122	2328.637	2387.284	2400.988	2388.315	2336.005	2331.437	2322.006	2322.595	2323.037
2328.342	2329.374	2326.721	2324.658	2333.352	2392.883	2405.703	2389.789	2339.541	2333.057	2324.216	2324.806	2324.953
2326.279	2326.721	2325.690	2323.332	2332.173	2391.262	2402.903	2386.694	2338.068	2333.942	2324.658	2323.332	2324.953
2328.784	2328.342	2328.342	2328.047	2335.415	2393.325	2403.493	2388.315	2340.278	2333.942	2325.690	2323.332	2327.753
2325.690	2324.069	2326.132	2324.069	2330.405	2389.347	2396.714	2382.274	2336.005	2329.816	2323.774	2321.711	2326.427
2328.637	2325.100	2329.521	2327.163	2336.005	2390.084	2397.893	2385.073	2340.425	2331.437	2324.216	2323.185	2330.700
2329.374	2323.479	2328.637	2325.100	2332.026	2385.663	2392.146	2383.305	2334.973	2329.816	2323.479	2320.385	2327.753
2329.079	2325.248	2328.932	2328.932	2335.415	2384.631	2394.062	2384.189	2338.510	2330.258	2324.953	2323.922	2328.490
2325.395	2320.974	2322.595	2320.238	2327.900	2374.906	2379.916	2376.527	2329.521	2325.690	2319.206	2317.585	2323.774
2323.774	2321.564	2323.332	2320.680	2328.342	2372.106	2376.527	2375.201	2330.110	2324.658	2318.764	2318.175	2322.595
2320.385	2318.617	2320.532	2316.406	2325.248	2367.244	2372.990	2373.433	2325.100	2322.006	2313.754	2316.996	2318.175
2322.448	2323.037	2323.332	2321.564	2328.490	2368.128	2373.433	2375.053	2329.079	2325.248	2318.469	2318.911	2318.911
2318.469	2319.648	2319.943	2319.501	2323.332	2362.234	2369.159	2369.749	2324.658	2324.216	2314.786	2317.438	2313.165
2318.617	2322.595	2324.658	2320.974	2327.900	2366.654	2373.580	2373.433	2328.342	2327.311	2319.648	2318.764	2315.228
2316.996	2320.238	2320.532	2318.027	2323.774	2366.065	2370.191	2370.043	2323.627	2323.627	2314.786	2316.701	2312.870
2319.796	2327.016	2329.226	2323.185	2331.289	2372.696	2380.506	2376.969	2331.879	2329.374	2322.006	2323.774	2317.438
2320.974	2328.784	2326.279	2324.364	2329.374	2374.759	2381.537	2375.938	2330.847	2330.258	2320.532	2322.743	2318.911
2324.511	2329.963	2330.847	2325.984	2334.089	2380.211	2386.105	2378.443	2336.005	2332.615	2323.332	2325.984	2323.037
2322.890	2330.110	2327.605	2323.922	2331.731	2378.590	2387.136	2376.380	2335.710	2332.026	2319.648	2326.869	2323.185
2325.100	2328.932	2327.605	2323.627	2333.647	2380.948	2387.136	2377.116	2336.447	2329.079	2320.974	2325.837	2325.984
2322.006	2327.016	2323.037	2320.385	2329.521	2377.116	2383.895	2372.106	2333.794	2327.753	2316.259	2325.395	2323.037
2325.690	2326.427	2326.574	2321.417	2333.500	2379.621	2386.694	2376.085	2335.120	2329.226	2320.385	2325.837	2325.690
2323.332	2321.417	2321.564	2321.122	2328.932	2378.885	2384.189	2373.285	2330.258	2325.690	2317.143	2322.743	2322.595
2325.984	2321.859	2325.542	2322.890	2333.647	2382.716	2388.463	2376.527	2334.384	2327.016	2321.711	2324.806	2325.690
2321.564	2320.827	2321.564	2321.711	2329.963	2378.590	2382.421	2372.548	2329.374	2327.016	2319.943	2320.827	2324.216
2323.037	2319.796	2324.364	2323.185	2331.731	2380.506	2385.810	2375.643	2330.258	2327.163	2322.448	2319.943	2323.774
2319.648	2319.943	2322.890	2322.301	2330.110	2378.148	2383.453	2375.348	2326.279	2327.163	2321.269	2319.354	2323.774
2322.153	2321.417	2323.774	2325.395	2330.405	2380.506	2388.021	2378.443	2327.163	2327.605	2323.922	2319.206	2323.185
2319.206	2322.153	2320.680	2325.542	2328.342	2377.116	2384.926	2376.527	2326.721	2328.195	2323.185	2319.796	2323.774
2324.364	2326.279	2325.100	2327.311	2332.026	2379.032	2388.021	2381.242	2330.847	2332.763	2327.605	2322.006	2324.953
2320.680	2324.953	2321.859	2324.953	2327.163	2374.906	2383.747	2378.295	2326.132	2329.521	2322.448	2320.827	2320.238
2324.658	2328.195	2325.542	2327.458	2328.637	2379.474	2389.052	2385.221	2331.142	2330.552	2326.427	2325.542	2320.680
2323.037	2327.016	2321.859	2325.690	2326.574	2380.211	2385.810	2382.421	2329.668	2328.784	2322.448	2323.332	2319.501
2326.574	2327.605	2326.279	2326.279	2327.016	2384.926	2389.494	2385.958	2333.647	2330.700	2323.479	2325.690	2320.385
2324.806	2328.784	2325.395	2327.311	2326.721	2383.895	2385.368	2382.274	2334.531	2330.995	2321.564	2325.395	2322.743
2326.132	2327.016	2326.721	2325.984	2327.605	2388.021	2387.873	2384.189	2335.415	2330.110	2319.648	2326.574	2322.006
2323.185	2327.605	2324.511	2327.753	2325.690	2387.579	2387.579	2380.211	2335.268	2329.816	2317.143	2325.100	2322.006
2325.248	2326.132	2326.869	2326.427	2329.521	2391.115	2391.999	2383.747	2337.478	2330.258	2319.648	2326.427	2324.953
2323.479	2324.806	2323.479	2323.037	2328.932	2389.347	2390.968	2380.358	2333.057	2328.047	2316.554	2322.448	2323.627
2326.721	2325.690	2328.490	2325.690	2331.584	2392.589	2394.504	2383.747	2336.741	2330.110	2321.564	2325.395	2328.047
2325.100	2323.627	2325.248	2325.248	2331.879	2389.789	2391.999	2381.979	2332.026	2328.784	2320.238	2321.711	2324.658
2327.605	2324.216	2327.753	2325.690	2334.236	2392.294	2394.652	2386.989	2336.299	2329.963	2322.595	2325.395	2324.658
2327.458	2324.069	2327.016	2324.806	2332.910	2386.252	2393.325	2383.895	2333.057	2328.342	2322.301	2320.680	2324.511
2326.574	2323.332	2327.458	2323.627	2334.089	2386.547	2390.378	2384.779	2334.236	2327.753	2323.332	2322.153	2324.511
2326.574	2323.922	2325.248	2323.479	2332.026	2380.800	2384.042	2381.242	2330.995	2327.900	2323.479	2320.974	2324.364
2325.395	2324.216	2327.753	2325.837	2330.258	2381.537	2381.979	2381.242	2332.321	2329.521	2324.806	2323.037	2323.332
2326.427	2324.511	2324.069	2324.658	2328.637	2374.906	2375.053	2377.264	2328.490	2328.932	2323.332	2321.564	2322.448
2325.984	2327.016	2326.574	2326.427	2329.079	2373.727	2375.053	2377.706	2333.057	2330.847	2325.248	2324.216	2324.216
2323.922	2323.332	2322.890	2324.364	2325.248	2370.191	2371.959	2371.222	2329.226	2328.784	2323.037	2321.122	2322.890
2323.627	2327.458	2324.953	2327.311	2329.079	2374.759	2371.812	2374.317	2332.321	2331.142	2324.953	2325.542	2323.479
2321.859	2323.627	2321.859	2326.721	2325.690	2371.517	2371.370	2370.633	2328.784	2327.016	2322.448	2323.774	2323.479
2322.448	2327.458	2325.100	2327.900	2327.605	2375.201	2375.790	2373.727	2332.468	2327.605	2323.332	2325.984	2324.216
2322.448	2323.627	2321.711	2325.984	2327.458	2371.517	2374.464	2369.896	2332.615	2326.279	2323.922	2325.542	2324.364
2321.269	2325.395	2324.511	2325.395	2329.668	2375.201	2378.737	2371.370	2334.089	2325.984	2323.922	2326.132	2325.248
2321.269	2321.859	2322.595	2322.448	2328.784	2376.674	2377.706	2369.601	2329.963	2327.458	2322.301	2324.364	2324.658
2322.301	2322.890	2325.248	2324.069	2332.321	2378.295	2378.737	2372.990	2332.615	2327.900	2323.185	2325.100	2326.574
2321.711	2319.648	2324.069	2320.680	2328.490	2376.969	2377.558	2369.454	2329.079	2327.163	2321.711	2321.564	2325.248
2325.395	2323.627	2328.342	2322.448	2331.731	2380.800	2379.916	2372.990	2330.995	2330.700	2324.364	2322.595	2326.869
2325.984	2321.859	2327.605	2323.037	2330.847	2381.684	2376.527	2372.106	2329.374	2331.142	2324.216	2320.680	2327.311
2328.342	2325.100	2329.963	2323.627	2333.647	2379.621	2377.706	2373.875	2327.605	2331.584	2323.037	2319.501	2326.574
2326.132	2322.301	2328.637	2322.595	2330.258	2378.148	2372.401	2372.548	2326.721	2330.405	2321.859	2318.027	2324.216
2327.311	2326.721	2328.047	2325.100	2331.142	2376.674	2374.169	2372.843	2328.932	2329.226	2323.922	2320.238	2324.216
2328.490	2325.690	2324.511	2323.185	2327.605	2374.759	2370.338	2370.338	2325.100	2327.458	2322.595	2316.701	2321.859
2328.784	2327.753	2327.016	2326.132	2328.784	2372.254	2371.812	2369.749	2328.342	2328.490	2325.690	2320.238	2321.711
2329.226	2327.605	2323.185	2323.627	2325.690	2366.802	2367.538	2364.886	2327.016	2326.574	2323.185	2320.385	2320.238
2327.605	2325.395	2324.511	2324.953	2327.163	2364.297	2369.159	2363.855	2327.016	2326.574	2325.395	2321.269	2320.238
2324.658	2323.479	2320.532	2325.248	2323.332	2365.181	2367.391	2360.613	2327.605	2325.542	2323.332	2321.417	2320.532
2327.753	2325.837	2322.595	2329.226	2326.574	2365.917	2371.222	2364.444	2329.963	2328.047	2327.753	2324.806	2323.627
2325.690	2322.448	2321.859	2327.900	2325.395	2365.328	2367.980	2361.202	2329.816	2327.605	2324.658	2324.511	2323.774
2324.216	2326.721	2326.279	2327.900	2328.047	2366.065	2370.927	2362.970	2330.847	2328.195	2327.311	2327.900	2326.427
2323.332	2322.301	2321.711	2325.100	2325.542	2366.212	2368.275	2361.792	2328.342	2326.574	2322.448	2323.774	2325.100
2323.037	2323.185	2324.953	2324.953	2328.784	2370.191	2372.548	2366.507	2329.963	2327.163	2323.922	2326.574	2327.016
2322.448	2321.564	2322.595	2321.122	2325.248	2369.012	2370.191	2364.444	2327.458	2324.069	2318.764	2322.743	2323.922
2324.953	2323.332	2326.869	2322.448	2327.753	2370.485	2371.959	2367.391	2328.342	2324.511	2321.269	2326.132	2325.837
2322.448	2321.269	2324.953	2318.322	2325.542	2368.128	2370.338	2362.823	2327.016	2321.859	2318.469	2321.122	2321.269
2325.690	2324.511	2327.900	2320.974	2327.163	2367.391	2370.191	2365.033	2326.132	2321.859	2322.301	2322.301	2322.595
2324.658	2320.385	2325.542	2319.501	2325.690	2366.654	2365.328	2362.381	2325.984	2322.448	2319.501	2319.059	2318.322
2328.342	2325.690	2329.816	2323.037	2330.110	2366.802	2367.391	2366.507	2328.342	2325.690	2325.248	2322.448	2323.479
2325.690	2323.332	2330.405	2322.301	2327.311	2363.855	2361.202	2362.823	2325.248	2324.511	2323.037	2319.206	2319.648
2325.690	2327.311	2330.110	2325.690	2330.847	2362.381	2363.265	2362.970	2327.163	2327.458	2326.279	2323.774	2322.448
2325.984	2326.427	2329.963	2323.922	2327.311	2362.970	2359.876	2359.581	2326.721	2328.637	2326.132	2320.974	2320.974
2326.427	2329.079	2330.700	2327.900	2329.521	2362.528	2362.381	2363.265	2326.869	2331.731	2327.163	2324.511	2324.658
2323.479	2327.311	2330.405	2325.248	2325.984	2362.676	2362.234	2359.287	2327.016	2329.963	2326.721	2321.269	2323.185
2324.069	2329.521	2330.552	2326.574	2325.837	2361.792	2365.623	2361.939	2326.869	2330.995	2325.837	2324.216	2326.721
2318.175	2323.627	2327.016	2323.627	2322.448	2359.729	2360.613	2356.045	2324.806	2329.521	2323.479	2321.859	2322.153
2319.354	2326.279	2325.100	2325.837	2323.479	2359.581	2364.591	2358.550	2328.195	2329.668	2323.922	2323.774	2326.721
2319.354	2321.859	2324.364	2324.216	2320.827	2360.613	2363.118	2358.108	2328.195	2329.374	2320.827	2321.859	2325.100
2319.059	2321.269	2324.216	2322.301	2324.364	2361.644	2367.244	2360.613	2329.963	2327.311	2320.090	2322.448	2327.016
2318.027	2318.911	2323.479	2319.206	2321.122	2361.939	2364.886	2357.960	2326.869	2323.479	2316.701	2319.354	2324.658
2320.974	2319.354	2323.037	2319.501	2325.100	2364.444	2368.275	2362.381	2328.195	2324.953	2316.996	2320.680	2325.984
2319.501	2317.291	2321.564	2317.438	2323.922	2362.823	2366.802	2359.729	2329.079	2320.680	2317.733	2318.322	2321.859
2325.395	2322.595	2325.100	2319.059	2327.311	2369.454	2374.317	2366.212	2330.847	2321.859	2319.354	2320.827	2325.984
2324.216	2318.764	2323.922	2315.228	2325.248	2366.654	2370.927	2364.591	2329.521	2321.711	2317.880	2315.964	2320.090
2326.869	2323.479	2327.163	2316.996	2327.753	2368.275	2375.643	2367.538	2329.521	2323.185	2320.974	2317.880	2320.827
2324.806	2322.890	2325.395	2318.469	2326.132	2363.855	2370.927	2366.212	2328.490	2323.185	2320.680	2314.933	2317.143
2326.427	2324.953	2326.427	2320.090	2329.521	2363.560	2374.611	2367.980	2331.289	2326.869	2323.922	2320.385	2318.175
2323.332	2323.774	2324.953	2318.617	2326.721	2361.644	2368.275	2364.297	2328.490	2325.395	2320.827	2318.175	2315.228
2323.479	2324.511	2326.279	2320.974	2330.110	2361.055	2370.485	2363.855	2327.311	2329.374	2322.301	2319.059	2318.764
2322.153	2322.006	2324.806	2320.532	2325.248	2356.192	2364.297	2357.666	2326.869	2326.427	2319.796	2317.585	2315.375
2322.890	2324.806	2324.069	2323.332	2329.079	2357.960	2366.360	2359.581	2327.900	2329.963	2320.827	2321.564	2319.059
2322.890	2321.417	2324.364	2321.564	2323.774	2356.192	2361.497	2355.603	2327.016	2328.342	2320.827	2319.943	2318.027
2324.069	2322.890	2325.248	2323.922	2324.216	2358.992	2364.739	2357.666	2328.195	2329.079	2320.532	2323.185	2322.153
2321.122	2318.617	2321.269	2320.680	2320.385	2357.224	2359.729	2350.445	2325.690	2327.458	2318.911	2317.880	2320.090
2323.185	2319.354	2323.332	2322.153	2321.269	2358.255	2364.591	2351.919	2328.490	2328.047	2319.648	2322.301	2323.332
2323.774	2316.849	2323.774	2320.680	2319.206	2358.844	2363.412	2352.361	2328.784	2329.374	2319.943	2322.595	2323.479
2323.922	2319.354	2325.395	2321.122	2322.448	2360.760	2365.917	2357.224	2330.405	2330.405	2319.648	2325.395	2324.953
2322.890	2316.259	2325.690	2317.733	2320.238	2360.171	2365.475	2355.161	2328.932	2328.342	2317.880	2324.658	2322.448
2322.595	2320.827	2325.690	2320.974	2324.806	2360.907	2366.654	2358.550	2330.700	2329.668	2317.291	2323.774	2326.132
2321.859	2318.764	2324.658	2317.880	2323.627	2359.729	2363.265	2356.192	2329.963	2328.784	2317.438	2323.332	2321.417
2325.690	2321.859	2329.668	2320.680	2326.427	2360.171	2366.949	2361.497	2330.995	2330.700	2318.911	2324.511	2323.922
2325.542	2322.743	2327.605	2320.680	2326.574	2358.255	2363.118	2362.086	2332.763	2330.110	2318.617	2322.448	2320.974
2326.427	2324.806	2327.753	2322.448	2326.869	2356.929	2363.118	2362.970	2331.289	2327.753	2318.175	2321.564	2318.911
2323.774	2320.827	2323.922	2319.648	2324.216	2353.540	2358.992	2359.876	2330.110	2326.132	2317.438	2316.554	2316.112
2323.627	2322.595	2327.458	2323.037	2325.100	2352.656	2359.287	2358.402	2330.110	2327.163	2319.354	2317.143	2318.175
2323.627	2319.648	2323.627	2319.648	2324.806	2350.593	2359.434	2358.402	2328.784	2324.806	2318.469	2317.143	2314.196
2323.627	2323.479	2325.690	2322.448	2326.132	2351.919	2362.676	2359.139	2328.490	2328.047	2320.532	2318.027	2318.469
2324.364	2322.301	2322.153	2322.006	2324.806	2353.834	2360.613	2359.434	2327.900	2325.690	2318.027	2317.585	2316.406
2324.364	2323.922	2325.100	2326.279	2326.279	2356.487	2366.802	2361.349	2328.932	2331.142	2320.532	2320.532	2319.943
2325.248	2324.216	2323.922	2326.279	2324.069	2357.518	2366.949	2359.876	2331.289	2329.521	2321.564	2320.827	2320.974
2327.016	2329.079	2325.248	2327.458	2327.900	2360.318	2370.633	2360.760	2331.437	2334.089	2322.006	2325.395	2323.922
2327.163	2326.427	2321.269	2327.311	2324.806	2361.939	2370.191	2361.055	2330.847	2330.995	2320.974	2324.806	2323.332
2326.869	2328.047	2324.658	2326.574	2324.953	2365.623	2371.664	2361.349	2332.763	2333.057	2321.417	2327.458	2325.395
2326.869	2324.953	2322.743	2325.395	2324.953	2365.033	2372.696	2363.707	2332.763	2329.816	2317.733	2326.279	2323.479
2325.395	2325.395	2324.953	2324.658	2325.837	2365.033	2374.464	2365.181	2335.563	2330.258	2320.827	2327.311	2328.342
2323.185	2321.417	2320.680	2317.585	2323.185	2363.265	2369.896	2361.497	2330.995	2324.806	2316.849	2321.859	2322.743
2323.037	2321.417	2322.890	2316.996	2325.837	2364.444	2370.780	2364.002	2330.552	2328.784	2316.259	2323.037	2325.395
2321.564	2317.585	2322.448	2316.112	2322.890	2364.591	2368.865	2363.560	2329.226	2324.069	2315.670	2318.175	2320.532
2323.037	2320.974	2324.953	2315.522	2324.806	2364.739	2370.191	2365.917	2329.521	2326.574	2317.438	2316.701	2320.827
2319.796	2318.617	2322.301	2315.522	2322.153	2363.118	2367.980	2363.560	2326.427	2323.774	2314.638	2313.607	2317.291
2323.922	2320.827	2325.100	2316.996	2324.216	2362.970	2366.212	2361.939	2327.311	2327.016	2317.880	2313.607	2317.438
2320.385	2320.827	2321.564	2317.438	2323.332	2360.760	2363.118	2360.318	2324.069	2326.427	2315.964	2313.165	2313.754
2322.743	2324.364	2324.216	2321.122	2324.658	2359.139	2363.412	2361.497	2325.395	2328.195	2318.469	2316.406	2317.585
2317.880	2322.595	2319.796	2320.090	2323.479	2358.402	2359.434	2359.434	2322.743	2324.953	2316.112	2314.196	2313.901
2321.711	2326.427	2321.564	2324.953	2327.900	2359.581	2363.118	2360.760	2326.721	2328.932	2320.238	2320.532	2319.796
2319.648	2325.542	2320.827	2324.658	2326.279	2359.287	2362.086	2361.792	2327.753	2328.195	2319.206	2321.122	2320.090
2322.448	2329.816	2322.301	2329.816	2329.816	2359.729	2363.560	2362.970	2331.437	2334.089	2322.595	2325.100	2324.511
2318.027	2325.837	2318.469	2323.774	2324.364	2356.929	2362.086	2361.497	2327.458	2328.932	2318.911	2323.332	2323.037
2321.711	2328.784	2322.890	2326.721	2324.216	2359.876	2364.739	2361.349	2330.552	2332.173	2318.911	2324.658	2324.069
2320.385	2324.806	2320.680	2323.332	2324.511	2360.760	2364.739	2361.497	2329.963	2328.932	2317.585	2324.069	2323.774
2324.806	2327.016	2324.511	2327.900	2324.806	2361.939	2368.275	2363.412	2333.352	2330.258	2318.322	2326.574	2327.016
2320.238	2323.479	2321.859	2322.153	2320.090	2356.192	2363.707	2360.318	2328.490	2325.100	2315.522	2319.501	2321.859
2322.595	2322.890	2322.595	2322.890	2322.595	2356.634	2364.739	2358.108	2328.195	2324.658	2315.964	2322.006	2321.417
2323.037	2320.090	2321.564	2318.469	2319.501	2354.866	2362.528	2355.897	2328.490	2320.090	2317.438	2317.733	2317.733
2325.395	2323.332	2323.627	2325.395	2324.069	2355.455	2365.475	2357.666	2330.847	2324.364	2319.943	2322.448	2319.648
2321.859	2319.943	2322.006	2321.564	2324.216	2352.950	2362.381	2356.045	2329.668	2321.417	2318.911	2318.764	2316.406
2324.069	2323.037	2323.479	2324.806	2324.806	2351.624	2361.644	2357.666	2329.226	2323.774	2319.943	2320.974	2318.322
2319.354	2320.090	2318.911	2318.175	2323.627	2347.793	2358.402	2354.424	2325.100	2321.564	2319.206	2316.406	2313.312
2323.479	2322.890	2324.658	2323.922	2326.721	2352.361	2362.086	2357.518	2328.490	2325.395	2320.827	2320.974	2320.090
2320.385	2321.711	2320.532	2322.301	2325.542	2350.740	2358.844	2358.992	2326.721	2325.248	2319.648	2316.406	2319.059
2322.448	2322.301	2324.364	2324.069	2328.490	2352.066	2359.729	2359.139	2326.132	2325.984	2318.322	2319.648	2321.269
2319.206	2322.301	2322.301	2321.122	2327.016	2352.361	2356.339	2357.224	2326.427	2325.100	2318.469	2315.670	2320.680
2321.564	2323.479	2324.511	2324.806	2326.574	2352.950	2357.371	2357.518	2326.427	2325.100	2320.827	2319.059	2324.216
2319.354	2322.006	2321.859	2322.448	2325.542	2353.982	2358.992	2354.866	2326.721	2326.132	2319.943	2316.996	2321.711
2325.100	2325.690	2327.163	2328.932	2328.195	2360.465	2364.739	2360.613	2332.026	2328.932	2323.922	2323.037	2326.427
2320.385	2324.806	2321.122	2322.743	2323.332	2357.371	2360.907	2356.929	2329.521	2327.753	2320.974	2320.680	2320.974
2321.859	2324.511	2325.100	2325.542	2324.806	2358.992	2365.181	2356.782	2330.847	2326.427	2320.532	2323.185	2323.774
2318.027	2323.627	2321.122	2322.743	2321.269	2358.844	2364.444	2356.634	2327.900	2325.984	2319.206	2321.564	2322.153
2321.564	2322.595	2324.069	2325.542	2325.690	2363.412	2367.686	2358.697	2330.110	2327.016	2319.648	2325.248	2324.364
2321.269	2322.153	2321.269	2320.974	2325.100	2361.497	2367.391	2357.813	2329.668	2327.311	2316.259	2324.953	2323.479
2323.479	2321.859	2325.542	2323.627	2326.427	2364.739	2367.980	2360.613	2332.910	2328.195	2318.175	2323.774	2324.216
2318.764	2319.059	2320.974	2318.617	2324.658	2358.108	2364.591	2355.897	2326.427	2325.984	2313.165	2321.269	2320.974
2319.943	2318.469	2323.627	2322.743	2328.637	2361.939	2365.328	2358.255	2328.784	2325.690	2314.933	2321.711	2321.711
2322.743	2320.680	2323.185	2320.827	2327.458	2359.876	2363.412	2356.192	2327.458	2328.047	2316.849	2320.974	2322.743
2320.827	2320.090	2324.364	2322.448	2329.226	2358.697	2362.970	2357.224	2329.668	2328.195	2317.585	2319.796	2322.153
2318.911	2319.354	2320.385	2319.943	2325.395	2354.276	2360.613	2356.192	2325.984	2327.753	2315.522	2314.786	2320.238
2317.880	2319.354	2321.711	2323.037	2328.342	2357.666	2361.644	2360.023	2327.458	2328.637	2318.027	2315.817	2318.469
2317.291	2321.417	2319.354	2323.479	2327.311	2355.161	2360.171	2357.371	2324.658	2326.574	2316.996	2316.849	2317.733
2318.175	2321.859	2321.269	2325.248	2328.490	2357.813	2359.581	2360.023	2327.900	2329.374	2319.206	2316.701	2318.911
2318.322	2320.974	2318.469	2324.658	2326.427	2355.308	2360.760	2358.697	2327.163	2326.574	2318.764	2317.585	2320.385
2318.322	2324.806	2319.796	2325.542	2327.458	2358.255	2362.234	2361.497	2329.963	2328.932	2320.238	2319.648	2320.238
2320.090	2324.953	2319.206	2325.100	2325.984	2358.992	2362.528	2359.581	2329.226	2326.427	2322.595	2321.122	2322.006
2320.532	2329.668	2324.364	2325.984	2328.784	2360.907	2364.739	2358.402	2331.731	2326.132	2323.774	2325.100	2324.069
2321.417	2327.016	2322.890	2323.037	2325.542	2358.697	2363.707	2355.013	2329.668	2323.627	2323.627	2323.185	2325.100
2321.269	2328.784	2323.479	2324.658	2328.490	2358.550	2364.444	2356.929	2330.847	2324.216	2323.185	2324.364	2326.574
2323.332	2328.342	2323.922	2322.743	2326.721	2357.371	2364.444	2354.424	2331.142	2321.711	2322.301	2324.216	2326.574
2324.511	2329.963	2327.016	2322.595	2326.869	2358.550	2365.475	2357.371	2332.910	2325.690	2322.153	2324.658	2327.016
2319.943	2324.806	2325.395	2320.385	2325.100	2354.276	2365.033	2354.719	2328.932	2322.595	2318.322	2321.564	2324.658
2323.332	2326.132	2326.721	2321.564	2328.047	2356.045	2364.444	2357.371	2331.584	2325.837	2317.585	2322.743	2328.047
2320.974	2322.890	2324.658	2320.090	2325.100	2352.508	2362.823	2357.371	2328.342	2324.953	2317.291	2319.206	2324.069
2323.627	2326.427	2324.216	2321.859	2327.458	2354.276	2361.644	2358.844	2331.879	2328.342	2316.849	2320.090	2326.427
2321.122	2322.743	2324.216	2318.764	2324.216	2351.624	2357.813	2356.634	2328.342	2327.458	2316.554	2316.259	2323.332
2324.511	2326.574	2325.690	2323.037	2328.637	2355.308	2361.792	2360.318	2329.816	2331.289	2320.385	2320.680	2328.195
2322.006	2324.953	2325.837	2321.122	2328.932	2352.214	2357.813	2357.666	2324.511	2329.079	2319.796	2318.322	2324.511
2324.953	2327.016	2325.837	2324.364	2331.437	2354.424	2356.634	2357.076	2328.047	2329.374	2322.448	2322.006	2325.837
2320.974	2324.216	2324.069	2322.595	2329.816	2350.003	2354.719	2354.424	2324.658	2327.900	2320.090	2319.354	2320.974
2323.479	2326.721	2322.301	2323.332	2331.879	2351.329	2353.982	2352.950	2326.574	2328.047	2321.564	2321.269	2323.774
2320.680	2323.037	2322.006	2321.564	2330.552	2349.119	2352.656	2350.151	2322.890	2326.721	2320.974	2320.238	2321.122
2323.774	2327.311	2324.069	2325.984	2331.437	2353.245	2357.371	2351.624	2327.163	2328.932	2325.100	2324.806	2325.395
2320.385	2322.448	2323.627	2321.122	2328.047	2351.182	2353.098	2348.088	2325.248	2328.195	2321.269	2320.090	2320.090
2325.984	2326.869	2325.984	2327.311	2331.731	2355.897	2359.729	2351.477	2331.437	2331.731	2325.100	2325.100	2325.984
2323.627	2322.448	2323.774	2322.448	2326.869	2352.361	2356.782	2348.972	2328.784	2328.932	2320.827	2321.269	2323.922
2324.806	2324.511	2325.542	2324.658	2329.668	2352.803	2357.960	2350.593	2330.110	2329.226	2322.301	2323.332	2325.984
2322.153	2321.711	2326.574	2322.743	2326.869	2352.214	2356.782	2351.771	2328.932	2330.258	2319.501	2322.890	2324.953
2323.332	2324.511	2328.784	2324.216	2328.637	2351.329	2360.760	2352.803	2330.847	2330.552	2323.037	2323.774	2324.511
2320.090	2320.680	2326.721	2318.911	2326.721	2346.761	2355.308	2351.182	2326.721	2328.195	2317.585	2322.301	2323.037
2323.037	2325.248	2328.637	2323.332	2330.110	2347.056	2358.697	2354.719	2330.700	2329.226	2320.680	2323.037	2325.100
2315.964	2319.206	2322.448	2317.143	2324.953	2342.193	2351.035	2350.151	2323.332	2324.953	2314.344	2318.764	2320.974
2321.417	2325.100	2325.542	2320.974	2330.995	2348.235	2356.339	2355.013	2328.490	2330.700	2320.238	2320.974	2322.301
2316.849	2322.153	2320.680	2317.291	2325.248	2346.761	2352.803	2352.656	2323.037	2327.900	2316.112	2315.670	2320.680
2319.354	2324.216	2320.090	2319.501	2327.605	2347.793	2354.424	2352.214	2324.069	2329.668	2317.880	2317.143	2320.827
2317.291	2322.595	2317.585	2318.322	2324.511	2347.203	2350.740	2351.919	2320.974	2328.047	2312.870	2313.901	2318.469
2320.974	2325.248	2317.291	2320.385	2327.311	2350.887	2355.455	2353.098	2324.953	2328.490	2315.964	2315.375	2319.501
2318.469	2321.859	2313.901	2318.911	2324.216	2350.593	2352.066	2350.445	2321.711	2327.900	2314.196	2315.228	2318.911
2321.564	2323.332	2316.996	2320.385	2324.953	2351.771	2354.276	2350.003	2324.953	2327.753	2316.554	2316.701	2319.354
2318.617	2318.764	2316.554	2321.564	2325.100	2348.235	2351.919	2348.824	2322.153	2327.458	2314.196	2316.554	2318.469
2326.132	2321.269	2320.974	2324.216	2327.605	2352.656	2358.697	2352.214	2329.374	2330.258	2318.175	2322.890	2321.269
2326.427	2322.153	2322.006	2325.690	2328.195	2351.771	2359.287	2353.540	2330.847	2330.405	2320.532	2322.890	2321.417
2330.405	2323.479	2325.837	2326.427	2329.963	2356.634	2361.939	2355.897	2334.089	2331.142	2321.859	2326.574	2326.132
2327.605	2321.122	2325.984	2326.721	2327.016	2352.950	2360.318	2355.603	2332.615	2330.110	2322.595	2324.216	2323.774
2329.079	2322.301	2327.458	2324.806	2325.395	2354.276	2361.055	2354.129	2334.236	2328.932	2320.532	2325.100	2323.185
2325.542	2320.385	2323.774	2323.332	2322.890	2350.887	2357.813	2354.424	2330.258	2328.784	2320.827	2323.185	2320.680
2327.753	2323.332	2326.721	2320.827	2322.153	2350.593	2356.487	2354.571	2330.847	2327.605	2319.943	2324.511	2322.301
2323.479	2323.774	2324.511	2320.974	2322.890	2347.940	2354.571	2353.245	2327.163	2328.932	2318.469	2322.153	2319.206
2324.806	2322.448	2326.132	2320.532	2321.122	2349.561	2352.066	2353.245	2325.690	2327.311	2315.522	2322.153	2319.943
2319.206	2320.974	2320.974	2319.796	2319.354	2344.993	2351.477	2351.771	2323.774	2326.869	2313.312	2317.585	2315.080
2321.122	2322.153	2320.827	2319.943	2321.417	2347.793	2352.066	2351.771	2324.069	2329.963	2312.428	2319.943	2316.406
2315.670	2320.532	2318.764	2319.059	2321.859	2343.962	2349.856	2350.593	2320.827	2326.279	2313.901	2316.996	2314.933
2319.648	2323.774	2321.417	2321.417	2325.984	2348.088	2355.161	2350.740	2324.658	2331.584	2314.491	2321.564	2317.291
2316.112	2321.859	2318.027	2321.122	2323.185	2348.235	2354.571	2349.119	2321.859	2327.016	2313.607	2317.733	2315.375
2319.059	2324.511	2321.711	2323.185	2324.953	2350.740	2354.866	2348.530	2325.100	2329.963	2316.406	2319.059	2319.206
2315.228	2318.764	2316.996	2319.796	2322.743	2347.203	2353.982	2347.351	2323.037	2325.100	2315.080	2315.080	2315.817
2318.175	2320.090	2320.385	2319.796	2323.774	2349.266	2353.392	2345.435	2322.890	2325.542	2317.880	2318.911	2318.617
2316.259	2317.438	2319.796	2317.585	2320.680	2348.530	2351.919	2343.962	2320.974	2321.711	2315.817	2315.964	2317.143
2320.827	2317.880	2323.037	2319.206	2324.216	2349.856	2354.129	2345.583	2323.037	2324.216	2315.964	2318.469	2319.354
2320.238	2317.733	2322.743	2318.764	2320.238	2347.793	2351.624	2346.467	2323.037	2320.090	2316.849	2314.933	2318.469
2324.658	2320.238	2325.984	2321.269	2324.953	2349.709	2356.339	2349.119	2326.869	2325.984	2318.764	2320.090	2322.153
2320.974	2318.617	2324.953	2320.974	2321.417	2347.351	2353.982	2349.709	2325.984	2323.037	2318.764	2319.354	2319.943
2326.721	2324.658	2329.668	2323.627	2324.658	2352.508	2357.666	2352.803	2330.258	2328.932	2320.827	2324.658	2323.774
2323.922	2323.332	2328.932	2322.301	2322.595	2349.414	2354.571	2352.803	2331.437	2327.163	2317.880	2321.711	2321.859
2325.690	2324.806	2328.047	2322.890	2324.216	2351.477	2356.339	2355.013	2331.142	2330.552	2318.617	2323.185	2320.238
2321.564	2324.658	2327.163	2322.153	2320.827	2350.003	2353.098	2355.161	2330.258	2329.816	2315.522	2322.153	2320.238
2321.564	2325.690	2327.311	2323.185	2326.574	2352.066	2354.719	2356.782	2330.552	2332.615	2317.438	2322.448	2320.827
2318.911	2323.479	2323.774	2320.385	2322.743	2349.414	2351.035	2353.982	2327.458	2329.668	2317.438	2319.796	2318.617
2319.943	2322.595	2321.122	2318.617	2323.479	2350.593	2353.245	2352.066	2326.721	2328.342	2315.228	2318.764	2316.554
2315.522	2320.385	2316.849	2316.701	2321.417	2348.972	2350.593	2349.709	2322.595	2325.248	2313.754	2313.901	2313.017
2319.354	2323.037	2318.027	2320.238	2325.837	2354.129	2354.424	2351.182	2324.364	2328.490	2317.438	2317.733	2315.670
2318.175	2323.185	2317.880	2319.943	2325.690	2351.035	2354.129	2349.119	2324.806	2324.806	2316.406	2315.817	2317.733
2321.417	2326.721	2317.438	2321.417	2326.721	2352.803	2357.960	2348.677	2325.395	2324.658	2320.090	2317.143	2317.585
2322.595	2323.185	2318.322	2320.385	2323.627	2350.887	2358.844	2346.909	2324.953	2323.332	2316.849	2318.027	2317.880
2323.185	2327.605	2319.796	2322.743	2327.163	2351.919	2361.202	2349.266	2327.605	2324.364	2318.322	2318.617	2318.322
2323.922	2324.953	2321.564	2320.680	2325.690	2353.245	2359.581	2350.740	2326.721	2326.427	2318.469	2319.206	2320.090
2325.542	2327.458	2324.069	2324.069	2328.932	2350.887	2360.465	2351.035	2329.816	2327.900	2319.943	2322.595	2322.743
2322.743	2322.595	2322.153	2319.648	2323.774	2348.235	2355.455	2349.414	2325.395	2324.216	2316.701	2319.943	2321.122
2322.890	2322.006	2324.216	2319.059	2323.922	2347.203	2354.424	2351.624	2327.311	2325.837	2319.354	2321.269	2321.564
2320.532	2316.259	2322.595	2316.259	2321.711	2345.288	2349.119	2349.414	2324.806	2325.837	2315.080	2319.206	2319.206
2323.332	2319.354	2323.627	2316.112	2321.859	2345.583	2349.709	2350.740	2327.311	2327.016	2316.112	2320.385	2321.122
2318.617	2313.607	2322.890	2314.491	2317.438	2342.930	2343.962	2345.288	2324.069	2324.364	2311.986	2320.090	2316.112
2321.269	2316.259	2320.532	2316.406	2319.501	2339.836	2342.636	2346.909	2326.279	2322.890	2311.986	2319.206	2317.880
2319.206	2315.228	2322.301	2315.080	2317.733	2342.046	2341.899	2344.404	2324.511	2324.216	2314.638	2319.648	2316.701
2322.743	2318.911	2322.301	2319.796	2321.859	2341.751	2345.435	2346.761	2327.311	2326.869	2315.964	2320.090	2320.090
2321.122	2319.206	2321.269	2320.532	2321.859	2341.899	2344.993	2342.636	2325.395	2326.721	2314.786	2322.595	2317.880
2323.185	2323.627	2322.006	2323.185	2325.248	2342.636	2346.761	2346.909	2327.900	2329.521	2319.501	2323.332	2319.943
2317.733	2321.711	2318.175	2321.859	2324.511	2340.720	2341.899	2341.751	2323.479	2326.869	2317.733	2320.827	2317.291
2321.417	2324.069	2316.996	2322.743	2325.690	2342.046	2342.783	2342.341	2324.511	2327.016	2320.532	2318.911	2320.974
2317.733	2322.448	2317.291	2320.974	2324.953	2339.983	2340.573	2337.331	2319.796	2327.163	2319.648	2317.585	2316.996
2320.680	2325.100	2315.522	2320.974	2325.395	2339.246	2339.541	2338.657	2322.153	2324.511	2318.175	2317.291	2318.175
2316.112	2320.974	2314.933	2317.733	2323.922	2334.826	2335.120	2333.794	2319.206	2323.332	2318.027	2317.438	2314.638
2320.238	2325.248	2317.585	2322.153	2324.216	2337.920	2334.826	2336.152	2321.269	2324.216	2320.090	2316.406	2319.501
2320.680	2322.153	2318.911	2321.122	2325.248	2335.120	2334.531	2332.910	2320.532	2320.974	2320.090	2316.554	2319.354
2324.364	2323.332	2321.859	2326.279	2325.395	2336.299	2333.647	2337.183	2324.953	2322.006	2322.301	2318.617	2320.385
2322.743	2320.827	2320.827	2322.890	2325.395	2333.647	2329.816	2336.594	2324.069	2322.006	2321.711	2319.354	2320.090
2325.100	2320.974	2322.743	2326.574	2324.364	2333.205	2331.879	2338.362	2327.458	2321.417	2324.806	2322.153	2320.090
2321.711	2316.849	2320.532	2322.743	2323.185	2328.784	2327.753	2334.973	2323.922	2321.859	2320.532	2320.238	2320.974
2324.364	2321.269	2324.364	2323.922	2323.627	2330.847	2332.321	2338.510	2324.364	2322.890	2324.658	2320.238	2321.417
2318.322	2314.786	2318.764	2316.554	2320.532	2325.690	2326.427	2333.500	2321.269	2319.796	2318.617	2316.701	2318.764
2319.206	2317.291	2319.206	2317.733	2318.911	2328.784	2325.100	2334.089	2322.595	2322.006	2320.238	2316.554	2318.617
2314.933	2316.406	2315.670	2312.870	2320.532	2326.279	2323.922	2329.374	2318.322	2321.417	2317.143	2315.375	2316.554
2318.617	2319.501	2320.090	2317.733	2320.680	2328.490	2327.458	2332.321	2317.880	2323.774	2316.701	2314.933	2315.964
2314.933	2319.059	2316.406	2313.607	2320.385	2327.163	2324.364	2328.637	2316.259	2321.417	2312.723	2315.522	2315.522
2316.259	2320.385	2320.090	2317.438	2321.122	2329.963	2328.195	2331.731	2318.764	2322.595	2316.406	2315.817	2315.522
2313.017	2318.027	2315.228	2316.259	2319.648	2328.342	2323.185	2326.869	2318.469	2322.301	2311.839	2313.017	2315.375
2318.911	2322.153	2319.206	2321.417	2325.395	2330.995	2328.195	2330.995	2321.859	2324.806	2318.617	2315.670	2316.849
2314.491	2318.911	2316.406	2320.090	2322.301	2325.690	2326.574	2327.605	2317.880	2322.743	2314.344	2314.049	2315.228
2316.701	2319.943	2319.943	2321.269	2320.385	2328.342	2327.458	2329.816	2320.238	2321.269	2315.964	2313.901	2317.291
2311.839	2315.080	2315.228	2315.964	2320.680	2323.922	2325.248	2325.690	2319.206	2319.501	2315.375	2312.870	2317.143
2314.196	2315.522	2318.617	2319.796	2320.827	2328.195	2326.721	2327.458	2319.943	2319.501	2318.027	2311.839	2319.943
2314.196	2312.870	2317.291	2316.849	2322.006	2325.837	2325.690	2325.395	2319.943	2317.880	2317.143	2311.839	2319.648
2319.796	2316.996	2322.595	2322.448	2324.069	2330.110	2331.142	2329.963	2324.216	2319.796	2320.680	2317.585	2322.448
2315.964	2312.723	2320.680	2317.880	2320.974	2324.511	2325.690	2327.605	2321.417	2319.206	2315.375	2315.817	2316.849
2320.532	2316.849	2324.806	2320.827	2323.332	2328.784	2329.668	2330.405	2324.953	2321.122	2321.859	2319.501	2321.122
2318.175	2315.080	2322.743	2317.291	2322.595	2325.984	2327.900	2327.016	2321.711	2320.974	2319.501	2318.322	2318.469
2322.153	2319.059	2322.890	2318.911	2322.006	2328.932	2326.574	2329.521	2325.837	2321.122	2322.153	2318.617	2318.469
2317.291	2317.733	2321.417	2315.375	2322.006	2323.774	2325.395	2325.837	2321.122	2321.269	2318.027	2319.059	2315.080
2319.354	2319.648	2319.943	2317.880	2320.680	2325.395	2324.216	2327.605	2323.332	2323.627	2320.385	2318.027	2313.017
2311.691	2314.638	2313.901	2310.807	2317.143	2319.206	2317.880	2320.090	2316.849	2318.027	2314.196	2313.901	2308.449
2314.638	2319.501	2316.406	2314.786	2319.796	2325.100	2323.627	2322.743	2321.269	2318.764	2317.143	2314.491	2313.459
2309.923	2317.143	2311.691	2311.986	2318.175	2323.037	2320.532	2318.469	2317.291	2318.764	2311.691	2313.017	2310.070
2313.165	2321.564	2316.554	2317.438	2323.037	2327.016	2325.248	2323.922	2321.564	2320.532	2316.406	2315.964	2315.228
2328.047	2335.268	2327.016	2328.047	2336.299	2342.488	2339.394	2339.394	2342.488	2321.859	2320.827	2312.575	2324.953
2300.198	2314.638	2306.386	2314.638	2313.607	2321.859	2322.890	2310.512	2303.292	2331.142	2313.607	2319.796	2314.638
2323.922	2345.583	2346.614	2337.331	2343.520	2347.646	2346.614	2346.614	2333.205	2323.922	2333.205	2331.142	2339.394
