2340.425	2339.394	2349.709	2343.520	2335.268	2340.425	2385.810	2421.912	2388.905	2329.079	2330.110	2355.897	2336.299	2339.394	2345.583
2341.457	2345.583	2330.110	2348.677	2345.583	2364.149	2389.936	2423.975	2380.653	2349.709	2358.992	2339.394	2334.236	2336.299	2348.677
2357.960	2351.771	2360.023	2350.740	2355.897	2348.677	2421.912	2439.447	2399.219	2348.677	2347.646	2365.181	2342.488	2360.023	2347.646
2346.909	2349.119	2343.225	2348.972	2349.856	2355.308	2399.514	2432.227	2390.673	2347.056	2348.677	2352.361	2344.256	2349.709	2350.593
2346.467	2349.414	2342.488	2348.824	2351.035	2356.339	2399.367	2433.848	2390.084	2348.530	2350.151	2349.856	2346.172	2347.498	2348.972
2348.088	2350.298	2345.877	2348.677	2353.687	2355.161	2400.840	2435.911	2393.031	2350.151	2350.003	2352.361	2348.824	2350.593	2352.361
2347.498	2351.329	2343.814	2346.909	2353.098	2355.603	2398.483	2437.384	2392.736	2350.151	2350.593	2350.151	2351.035	2347.793	2349.709
2346.761	2348.824	2345.877	2344.404	2351.624	2352.361	2400.693	2436.058	2392.736	2349.856	2349.414	2350.740	2350.887	2344.698	2350.445
2347.793	2352.950	2350.003	2348.677	2352.214	2356.045	2402.609	2442.689	2397.304	2352.361	2351.477	2352.950	2353.834	2347.940	2350.593
2349.266	2350.593	2348.824	2346.319	2354.571	2353.540	2405.408	2444.015	2396.272	2353.245	2352.361	2353.834	2353.834	2346.761	2349.561
2350.298	2352.656	2350.740	2348.382	2353.392	2355.161	2406.587	2450.351	2398.925	2354.424	2352.361	2354.571	2354.719	2346.172	2348.677
2353.982	2353.687	2351.624	2350.445	2357.076	2357.666	2412.334	2456.098	2402.019	2357.666	2355.308	2357.076	2356.192	2349.709	2350.298
2356.045	2354.866	2353.245	2352.361	2355.308	2360.171	2416.018	2462.140	2401.872	2357.076	2354.719	2356.192	2355.161	2349.709	2348.530
2356.045	2353.687	2353.245	2353.540	2355.750	2360.023	2417.933	2463.908	2404.230	2356.192	2355.897	2354.719	2353.982	2350.298	2351.329
2361.497	2357.518	2353.834	2354.719	2357.371	2361.644	2421.323	2467.592	2407.177	2359.434	2356.929	2356.045	2354.571	2353.540	2350.593
2360.907	2355.750	2353.687	2356.487	2359.729	2361.202	2425.154	2473.781	2408.798	2358.402	2358.844	2354.424	2353.540	2353.834	2352.508
2363.560	2358.255	2355.897	2357.960	2358.255	2364.886	2427.069	2477.317	2414.250	2359.729	2357.813	2355.161	2353.982	2355.455	2354.424
2359.434	2355.603	2352.950	2357.076	2359.434	2361.349	2427.954	2480.854	2414.839	2356.487	2357.518	2352.950	2351.182	2355.308	2354.719
2357.960	2356.192	2352.803	2358.255	2357.076	2360.465	2427.806	2482.180	2416.460	2354.866	2357.076	2352.361	2349.561	2356.487	2356.929
2354.129	2354.719	2349.266	2355.455	2356.929	2357.371	2428.690	2485.569	2417.933	2353.540	2356.782	2352.803	2350.887	2356.634	2356.487
2352.214	2354.866	2350.151	2358.697	2357.224	2356.634	2430.164	2489.253	2419.554	2354.276	2355.603	2355.308	2351.624	2357.224	2358.844
2346.909	2351.771	2347.203	2355.161	2356.782	2356.487	2431.195	2490.579	2418.965	2351.182	2354.719	2353.540	2349.709	2353.834	2355.308
2344.993	2351.477	2344.404	2353.392	2354.866	2354.129	2429.280	2489.842	2416.755	2350.740	2351.035	2353.392	2348.824	2352.803	2354.866
2343.078	2349.561	2343.372	2351.182	2354.719	2351.624	2431.637	2493.379	2416.755	2349.856	2351.624	2352.508	2349.709	2350.298	2352.214
2346.172	2350.151	2346.614	2352.656	2355.897	2355.161	2435.027	2494.852	2418.818	2351.624	2353.098	2353.834	2351.624	2351.919	2353.687
2347.646	2349.119	2347.940	2350.593	2358.255	2356.929	2437.532	2498.389	2419.996	2353.982	2353.245	2356.192	2353.834	2350.003	2351.477
2349.856	2351.771	2350.445	2352.656	2357.371	2358.844	2439.595	2500.746	2425.301	2356.487	2352.656	2357.960	2354.424	2351.919	2350.593
2351.035	2350.151	2350.298	2350.740	2358.108	2360.318	2439.889	2502.809	2422.207	2357.666	2354.571	2356.929	2356.045	2350.593	2347.646
2351.624	2350.740	2351.477	2351.624	2355.013	2358.255	2436.942	2501.631	2423.533	2356.929	2352.066	2354.866	2355.013	2350.593	2349.414
2352.803	2347.940	2352.950	2350.151	2352.950	2359.581	2437.384	2499.862	2422.501	2355.013	2353.098	2353.834	2356.192	2348.088	2347.498
2352.214	2348.677	2351.771	2350.740	2350.298	2357.960	2436.058	2497.652	2423.533	2354.719	2351.035	2350.887	2352.803	2348.677	2348.382
2349.709	2346.467	2347.793	2349.414	2347.793	2355.897	2434.290	2498.684	2419.996	2351.919	2349.561	2348.235	2353.687	2346.614	2346.172
2349.266	2345.583	2348.088	2349.709	2344.698	2352.950	2434.584	2495.589	2418.228	2350.740	2346.909	2344.256	2350.151	2347.203	2346.172
2345.877	2342.341	2345.141	2348.972	2347.056	2350.740	2432.079	2494.116	2412.923	2348.235	2346.467	2342.046	2349.709	2344.109	2346.025
2348.088	2344.551	2347.646	2350.445	2346.467	2353.982	2433.406	2491.316	2414.839	2350.003	2345.435	2343.078	2347.351	2346.467	2347.793
2344.993	2344.256	2345.877	2349.414	2347.646	2352.066	2432.816	2493.231	2413.218	2348.530	2348.235	2344.698	2348.677	2347.351	2348.382
2343.078	2344.993	2346.172	2350.740	2348.235	2352.508	2431.195	2492.495	2415.134	2349.119	2346.614	2345.583	2348.530	2347.498	2347.793
2341.751	2345.583	2345.288	2349.119	2349.266	2351.035	2432.522	2493.379	2413.513	2347.203	2347.203	2347.056	2350.445	2347.793	2347.646
2342.046	2347.646	2347.498	2350.887	2351.477	2353.687	2432.964	2495.294	2417.933	2349.856	2348.235	2349.561	2348.088	2349.561	2348.530
2338.215	2345.730	2344.551	2347.056	2349.856	2350.740	2431.343	2498.241	2417.344	2346.761	2346.909	2348.972	2346.761	2347.498	2344.404
2340.720	2346.025	2346.614	2349.266	2349.119	2351.771	2432.816	2499.126	2420.144	2347.203	2347.498	2348.972	2345.877	2350.003	2344.109
2337.478	2343.078	2342.783	2344.404	2345.877	2348.382	2431.195	2501.631	2420.586	2343.520	2345.435	2347.646	2344.698	2346.319	2340.130
2340.278	2343.962	2345.141	2345.435	2347.056	2351.771	2433.553	2503.104	2421.470	2345.435	2345.435	2347.940	2345.730	2348.235	2339.836
2342.193	2343.372	2345.583	2344.256	2347.203	2351.624	2435.321	2509.440	2421.912	2347.940	2346.467	2350.445	2346.025	2347.056	2340.278
2343.520	2342.488	2348.088	2346.467	2347.351	2353.245	2435.469	2513.272	2425.891	2348.824	2346.172	2348.382	2344.846	2345.288	2339.836
2343.078	2338.804	2346.467	2342.783	2343.078	2351.182	2435.174	2511.209	2421.470	2346.319	2345.877	2348.088	2343.962	2341.604	2337.478
2344.109	2341.015	2345.141	2345.583	2346.614	2354.276	2435.616	2513.272	2425.596	2347.940	2344.993	2347.498	2344.256	2341.015	2341.162
2342.783	2339.836	2345.435	2341.751	2342.783	2353.687	2435.469	2516.513	2422.059	2346.909	2344.846	2348.235	2342.046	2337.036	2339.688
2343.078	2341.457	2343.814	2343.814	2344.109	2353.834	2437.679	2517.840	2421.765	2345.583	2342.930	2346.761	2340.720	2339.541	2342.341
2343.814	2342.341	2347.351	2346.172	2345.435	2356.634	2441.215	2522.113	2422.354	2346.761	2343.225	2348.088	2341.899	2339.688	2344.109
2343.520	2342.783	2343.520	2345.730	2345.288	2353.245	2440.479	2519.018	2420.144	2344.551	2339.246	2343.372	2338.804	2340.130	2344.551
2337.625	2341.015	2340.573	2342.636	2342.193	2353.245	2436.058	2513.419	2414.986	2339.541	2336.594	2342.783	2337.183	2337.920	2342.193
2338.510	2343.814	2340.130	2343.667	2345.141	2351.919	2440.037	2514.745	2416.018	2342.488	2336.447	2342.193	2338.657	2339.983	2342.488
2335.415	2343.667	2339.688	2344.404	2342.930	2352.508	2438.858	2513.566	2412.187	2340.425	2337.920	2342.488	2339.688	2341.457	2342.930
2335.268	2344.698	2338.362	2343.372	2344.846	2350.593	2440.921	2512.682	2414.692	2341.015	2337.625	2340.130	2340.130	2342.341	2341.899
2331.142	2341.309	2338.510	2341.015	2342.488	2346.761	2436.942	2512.240	2411.892	2339.688	2337.036	2339.246	2340.130	2339.099	2339.688
2329.521	2339.246	2334.384	2336.889	2340.425	2341.162	2434.879	2509.882	2410.124	2336.152	2336.005	2338.215	2338.510	2337.036	2335.563
2327.311	2336.152	2334.973	2335.268	2339.246	2341.751	2432.522	2508.262	2409.534	2334.678	2337.478	2338.068	2338.804	2336.594	2335.563
2331.879	2337.773	2337.036	2336.889	2344.256	2342.046	2435.027	2513.124	2411.745	2340.278	2340.720	2341.309	2340.720	2339.836	2336.447
2329.816	2334.089	2337.625	2337.920	2341.457	2342.046	2429.574	2510.619	2411.303	2337.183	2337.920	2337.773	2337.478	2337.625	2335.857
2335.563	2333.942	2340.867	2337.478	2344.109	2341.457	2431.490	2511.061	2413.660	2339.541	2340.278	2342.636	2337.331	2337.773	2336.299
2337.331	2333.352	2341.604	2338.804	2343.667	2343.078	2430.164	2509.440	2413.071	2339.983	2340.425	2342.341	2339.983	2338.362	2339.246
2341.899	2336.152	2341.751	2340.573	2345.583	2345.730	2431.048	2510.767	2414.986	2342.636	2342.783	2344.846	2338.952	2338.068	2339.836
2342.636	2336.594	2342.341	2342.930	2344.404	2346.761	2429.722	2510.914	2417.933	2343.814	2342.341	2341.604	2337.036	2340.425	2341.162
2342.488	2337.478	2341.162	2343.667	2343.078	2346.761	2431.490	2513.124	2416.902	2344.551	2341.015	2341.899	2335.415	2338.657	2339.836
2339.836	2336.152	2339.688	2343.667	2338.510	2346.025	2431.490	2510.914	2417.049	2340.425	2338.804	2339.099	2332.763	2336.889	2339.983
2342.930	2337.773	2337.331	2342.488	2340.720	2344.993	2431.637	2513.419	2415.870	2343.667	2339.394	2340.425	2334.973	2337.036	2340.867
2336.594	2336.594	2335.710	2339.541	2337.183	2343.225	2428.543	2506.788	2411.597	2338.510	2334.531	2335.120	2333.205	2334.531	2337.625
2336.005	2336.005	2333.205	2339.541	2337.331	2340.720	2425.301	2506.346	2408.798	2339.246	2335.563	2335.857	2330.110	2332.321	2336.299
2332.763	2335.268	2335.415	2339.394	2336.447	2340.130	2422.943	2500.746	2406.145	2337.331	2334.236	2333.794	2332.173	2334.384	2334.531
2333.794	2334.531	2334.973	2339.541	2339.246	2339.394	2421.323	2499.568	2404.524	2338.952	2334.973	2337.331	2334.531	2333.500	2337.920
2330.847	2334.089	2334.826	2338.510	2340.130	2339.099	2420.291	2494.852	2405.556	2336.447	2334.678	2337.036	2334.531	2333.794	2333.942
2331.142	2333.500	2334.678	2337.478	2340.720	2337.625	2418.818	2496.178	2402.756	2335.857	2334.826	2337.478	2336.005	2335.120	2335.563
2328.195	2332.763	2335.857	2336.447	2339.394	2337.920	2418.965	2493.379	2403.640	2334.236	2334.384	2337.331	2335.415	2335.415	2333.352
2330.995	2331.289	2334.826	2335.710	2338.215	2338.068	2416.313	2496.326	2403.198	2336.299	2335.857	2337.331	2336.741	2337.183	2335.710
2328.195	2330.700	2334.236	2336.889	2340.425	2337.920	2414.986	2493.968	2404.377	2333.057	2332.173	2337.625	2336.889	2336.152	2333.205
2330.258	2330.110	2333.352	2335.710	2339.836	2338.068	2418.376	2498.831	2407.324	2334.678	2332.763	2336.741	2338.068	2335.857	2335.563
2327.900	2329.226	2332.173	2333.352	2339.246	2338.657	2419.554	2501.336	2407.177	2332.468	2331.731	2335.563	2338.804	2336.299	2332.763
2331.731	2331.289	2334.089	2333.942	2338.362	2339.688	2419.112	2506.346	2407.177	2334.089	2333.500	2333.647	2338.068	2335.415	2337.331
2332.321	2331.879	2333.352	2335.120	2339.688	2340.720	2419.849	2507.672	2407.619	2335.710	2334.089	2334.236	2339.099	2336.005	2334.678
2333.352	2333.352	2336.152	2336.447	2339.688	2342.046	2421.617	2511.651	2409.976	2334.384	2335.857	2334.236	2337.478	2334.531	2336.741
2334.089	2335.710	2334.384	2338.215	2340.425	2341.162	2425.301	2516.513	2414.250	2336.447	2339.246	2334.384	2336.447	2334.826	2336.741
2337.036	2338.362	2337.331	2338.215	2339.836	2345.288	2427.954	2519.166	2414.544	2337.920	2339.394	2335.120	2337.625	2335.268	2339.983
2336.005	2339.983	2335.563	2339.688	2341.751	2343.962	2427.954	2518.282	2414.544	2337.773	2342.046	2337.478	2336.299	2335.268	2340.867
2337.478	2341.751	2335.857	2341.162	2340.130	2344.993	2427.069	2517.545	2412.334	2337.036	2339.983	2336.889	2334.678	2332.026	2341.604
2334.678	2341.162	2333.352	2340.867	2341.899	2343.520	2429.280	2515.777	2411.008	2337.036	2340.278	2338.657	2336.889	2333.942	2339.541
2338.068	2342.636	2334.236	2342.046	2342.930	2346.172	2429.427	2517.545	2413.808	2337.625	2339.836	2339.688	2337.331	2334.384	2340.573
2337.036	2340.867	2332.321	2341.604	2344.404	2344.109	2428.985	2511.651	2410.271	2338.510	2338.510	2341.604	2339.394	2335.857	2339.983
2337.920	2343.225	2336.152	2341.162	2345.288	2343.962	2426.038	2509.882	2407.029	2336.741	2335.120	2343.520	2340.278	2335.710	2339.394
2334.826	2339.394	2334.236	2339.541	2343.814	2340.278	2424.859	2504.430	2405.261	2337.920	2336.447	2341.604	2340.130	2337.331	2337.036
2336.594	2341.457	2337.036	2339.246	2344.698	2343.225	2421.765	2505.314	2405.556	2338.215	2335.268	2340.720	2341.604	2339.099	2339.099
2334.678	2338.657	2336.152	2340.278	2342.341	2341.751	2419.554	2499.126	2404.819	2338.068	2337.036	2342.046	2340.130	2339.688	2336.741
2337.773	2336.741	2339.246	2339.688	2343.667	2342.636	2414.692	2495.294	2404.524	2337.625	2336.447	2340.425	2340.130	2340.425	2338.804
2334.678	2334.826	2339.688	2340.278	2340.278	2339.983	2411.745	2488.958	2399.072	2337.183	2337.183	2338.657	2339.541	2340.130	2338.510
2335.563	2334.384	2340.867	2338.215	2342.046	2341.899	2407.324	2488.663	2397.893	2335.857	2337.920	2336.299	2337.183	2340.573	2339.394
2333.794	2332.321	2338.657	2337.478	2339.394	2342.783	2407.177	2482.475	2395.978	2335.857	2338.804	2333.057	2339.394	2339.394	2338.804
2335.710	2334.826	2336.889	2337.183	2338.804	2343.814	2404.819	2482.032	2394.946	2333.500	2338.510	2333.942	2336.889	2337.331	2340.130
2334.384	2332.615	2332.763	2335.415	2336.741	2342.046	2403.345	2474.959	2390.673	2332.468	2336.447	2332.321	2337.183	2335.710	2337.036
2338.215	2334.678	2334.384	2334.826	2340.573	2345.583	2404.082	2475.549	2390.673	2335.120	2336.741	2332.910	2337.773	2336.005	2339.836
2336.594	2336.152	2332.321	2336.447	2338.952	2344.109	2404.966	2476.875	2388.905	2336.299	2338.215	2334.531	2338.657	2334.236	2339.099
2338.657	2338.068	2331.289	2334.973	2341.309	2344.993	2404.819	2475.696	2390.968	2338.215	2336.594	2335.857	2338.215	2332.615	2340.867
2336.594	2339.246	2329.521	2336.594	2338.657	2342.930	2404.524	2473.928	2388.610	2338.215	2337.036	2336.152	2339.394	2332.468	2340.130
2338.068	2338.804	2330.700	2338.510	2341.309	2343.520	2403.493	2472.012	2389.199	2341.015	2336.005	2339.246	2337.920	2334.826	2340.278
2334.531	2336.594	2331.437	2337.773	2340.130	2340.130	2401.872	2472.454	2386.400	2338.068	2334.531	2337.625	2337.478	2334.236	2341.162
2336.447	2336.005	2335.268	2340.573	2342.341	2341.899	2401.430	2473.928	2389.494	2341.751	2335.857	2341.751	2336.447	2335.120	2340.278
2331.879	2333.942	2332.173	2338.657	2340.425	2336.447	2400.104	2473.781	2386.252	2337.478	2333.794	2339.246	2335.268	2333.794	2337.036
2334.531	2336.299	2333.205	2337.625	2341.751	2338.362	2399.662	2474.812	2387.431	2339.394	2333.057	2339.541	2335.120	2335.415	2336.005
2333.352	2332.615	2332.910	2339.394	2337.920	2336.741	2402.461	2475.991	2385.516	2334.973	2333.647	2337.773	2334.531	2335.268	2332.026
2335.563	2334.973	2333.942	2337.478	2339.099	2338.804	2400.546	2475.696	2387.579	2335.415	2332.910	2338.068	2334.531	2335.563	2334.236
2333.647	2333.205	2332.615	2338.657	2336.447	2337.920	2399.367	2477.907	2386.694	2331.731	2333.057	2338.068	2332.173	2333.352	2333.205
2336.741	2335.563	2331.584	2337.183	2338.657	2340.130	2398.483	2476.875	2388.463	2333.205	2334.678	2336.741	2335.563	2333.205	2331.731
2335.563	2333.500	2328.932	2334.973	2335.710	2338.068	2400.398	2479.822	2386.252	2330.700	2334.384	2334.826	2332.615	2331.289	2332.468
2338.952	2336.889	2331.289	2335.563	2336.594	2341.015	2400.546	2480.412	2388.610	2334.384	2337.478	2334.678	2336.741	2333.500	2334.236
2337.036	2333.500	2330.995	2335.120	2334.384	2340.867	2401.430	2480.117	2389.052	2332.026	2336.299	2334.826	2333.794	2331.731	2332.615
2336.152	2335.268	2330.552	2333.352	2337.331	2340.425	2398.925	2479.675	2388.757	2334.973	2335.857	2334.089	2334.089	2334.384	2334.678
2334.384	2333.205	2329.816	2334.531	2335.415	2341.899	2400.840	2481.738	2389.052	2334.531	2337.036	2333.352	2331.289	2332.173	2333.057
2335.710	2335.120	2328.637	2332.468	2337.036	2340.425	2402.609	2484.538	2389.494	2336.299	2335.563	2332.763	2330.405	2333.352	2334.678
2335.415	2332.910	2329.521	2333.942	2336.299	2343.372	2405.114	2485.864	2388.168	2337.478	2336.005	2334.826	2328.342	2334.384	2334.531
2331.731	2332.468	2328.932	2333.794	2337.183	2339.836	2402.461	2480.264	2386.989	2335.268	2332.615	2332.173	2329.226	2334.826	2333.352
2328.932	2330.552	2328.637	2333.942	2337.331	2339.246	2401.430	2478.054	2383.600	2333.942	2330.258	2333.057	2326.574	2333.647	2332.763
2328.784	2331.879	2328.784	2334.826	2337.478	2337.036	2397.599	2472.749	2383.895	2333.352	2330.405	2332.910	2327.311	2335.120	2333.500
2326.574	2331.584	2328.195	2332.910	2335.415	2334.236	2396.420	2470.686	2380.653	2331.731	2329.226	2333.794	2326.721	2331.437	2333.647
2331.142	2333.647	2329.374	2335.120	2339.246	2333.942	2394.504	2467.739	2381.979	2332.173	2329.374	2336.005	2331.584	2334.678	2332.026
2329.079	2330.552	2330.995	2334.826	2336.299	2334.826	2393.915	2463.171	2378.000	2333.942	2331.289	2334.678	2333.057	2333.500	2332.763
2327.900	2331.731	2332.173	2336.005	2337.478	2332.910	2390.378	2458.456	2377.411	2331.879	2329.816	2336.741	2333.794	2335.268	2330.995
2330.405	2331.437	2333.352	2337.036	2334.826	2335.710	2390.968	2456.982	2375.495	2333.794	2330.995	2335.415	2334.384	2336.594	2333.942
2331.731	2332.910	2333.352	2335.120	2334.531	2335.857	2389.494	2457.130	2376.969	2332.468	2332.026	2336.152	2335.563	2334.531	2333.057
2331.731	2331.437	2331.437	2334.384	2332.321	2337.183	2390.526	2460.666	2375.790	2333.647	2332.615	2333.647	2333.942	2336.152	2334.973
2333.942	2334.384	2333.794	2335.120	2334.089	2340.867	2390.378	2461.845	2378.737	2333.942	2334.826	2333.352	2337.183	2336.447	2334.826
2332.763	2333.057	2332.763	2334.236	2332.910	2341.015	2394.652	2468.034	2379.621	2335.857	2335.120	2333.942	2334.973	2337.920	2337.920
2335.120	2335.120	2332.026	2338.068	2336.741	2343.372	2396.125	2472.307	2384.042	2334.826	2337.183	2333.942	2339.099	2337.625	2337.331
2336.741	2334.236	2331.731	2336.152	2334.826	2342.636	2399.219	2478.496	2387.726	2337.625	2338.362	2331.437	2337.183	2335.415	2338.952
2337.625	2337.036	2330.700	2336.741	2338.068	2345.288	2402.314	2488.074	2393.325	2337.920	2342.341	2336.594	2337.625	2333.794	2337.773
2335.415	2334.531	2330.552	2337.625	2337.478	2343.372	2405.850	2493.379	2396.420	2339.099	2341.604	2335.415	2334.826	2335.120	2338.510
2339.836	2337.625	2333.352	2338.362	2342.488	2344.993	2410.124	2502.367	2400.251	2341.309	2341.309	2338.362	2338.804	2334.678	2340.278
2338.215	2336.152	2332.026	2339.394	2343.962	2343.372	2412.334	2504.578	2403.051	2343.520	2341.015	2339.541	2336.447	2336.447	2341.015
2339.099	2336.741	2333.794	2339.983	2343.372	2341.899	2413.513	2509.146	2402.756	2342.930	2340.278	2339.541	2337.183	2334.973	2341.162
2335.415	2337.036	2334.089	2336.299	2344.256	2339.246	2412.481	2509.440	2401.725	2341.899	2337.478	2340.278	2333.647	2335.268	2338.215
2336.005	2337.773	2333.057	2337.183	2342.046	2340.573	2412.629	2507.083	2398.630	2343.372	2339.246	2340.867	2335.268	2336.152	2339.688
2333.205	2336.889	2333.500	2334.531	2342.636	2337.331	2408.061	2500.746	2394.652	2340.130	2334.973	2339.099	2333.794	2336.299	2335.857
2333.942	2337.773	2333.794	2336.005	2340.867	2337.331	2406.735	2495.000	2390.673	2341.162	2334.531	2339.541	2334.826	2337.773	2335.563
2328.784	2334.236	2332.910	2336.299	2336.005	2336.152	2401.135	2484.243	2386.989	2336.152	2333.352	2336.741	2333.205	2335.710	2331.584
2331.584	2335.710	2334.384	2336.005	2334.973	2337.773	2401.282	2481.738	2381.537	2338.510	2334.236	2337.036	2334.236	2336.299	2330.552
2327.163	2332.321	2332.321	2332.910	2331.879	2336.447	2394.652	2471.423	2378.000	2335.415	2332.763	2333.647	2331.289	2333.057	2328.342
2328.932	2334.826	2333.647	2335.563	2330.700	2336.594	2391.852	2469.360	2376.380	2335.120	2333.352	2331.289	2333.205	2335.268	2329.668
2326.721	2332.468	2331.879	2333.500	2332.173	2334.826	2388.905	2468.034	2376.085	2331.437	2330.552	2332.468	2330.552	2333.057	2327.163
2330.552	2334.089	2333.942	2336.594	2331.437	2336.447	2390.820	2469.213	2376.085	2333.500	2332.468	2331.289	2333.942	2334.531	2331.584
2330.995	2332.615	2331.584	2334.236	2332.910	2337.625	2388.610	2468.623	2376.380	2332.910	2333.352	2331.142	2332.615	2332.173	2331.731
2333.205	2333.647	2331.289	2333.942	2336.299	2338.657	2390.084	2470.097	2375.643	2336.889	2335.563	2334.826	2332.763	2332.615	2333.647
2330.847	2329.374	2328.195	2330.258	2334.089	2336.152	2384.926	2465.824	2374.611	2331.731	2333.057	2331.879	2328.047	2328.342	2331.584
2332.321	2332.468	2327.900	2332.173	2337.331	2337.183	2387.284	2469.802	2375.201	2335.268	2333.352	2334.826	2331.437	2330.405	2334.089
2332.763	2329.226	2326.721	2329.521	2336.741	2335.563	2386.694	2463.761	2374.611	2334.973	2334.089	2335.857	2329.079	2327.458	2333.647
2332.615	2331.731	2329.374	2332.026	2338.215	2336.005	2387.431	2464.645	2375.790	2337.331	2333.942	2335.857	2332.910	2331.142	2335.563
2332.763	2330.995	2328.490	2330.552	2337.036	2333.500	2386.694	2461.845	2375.201	2338.804	2335.268	2336.447	2330.552	2330.995	2334.826
2332.321	2332.321	2330.995	2332.910	2337.183	2334.236	2388.315	2465.676	2375.790	2339.394	2334.826	2336.889	2332.173	2333.352	2336.594
2332.910	2333.942	2331.731	2332.615	2338.215	2332.468	2386.105	2462.287	2377.264	2338.215	2336.447	2335.710	2333.205	2333.500	2335.120
2332.763	2335.710	2333.500	2335.120	2337.478	2332.910	2387.136	2464.939	2376.380	2341.751	2336.741	2338.215	2336.299	2336.889	2336.447
2332.615	2333.794	2332.468	2333.647	2335.563	2331.584	2382.863	2460.371	2376.380	2336.152	2336.741	2335.857	2334.089	2335.563	2331.879
2331.879	2334.531	2332.173	2333.942	2334.089	2333.500	2383.453	2465.824	2375.495	2338.952	2336.299	2337.773	2335.857	2337.183	2331.879
2332.763	2334.236	2332.321	2334.089	2332.615	2332.615	2382.126	2463.908	2373.875	2336.741	2336.152	2334.089	2333.794	2336.594	2331.584
2332.321	2335.415	2331.584	2334.384	2331.731	2334.973	2381.979	2465.971	2372.548	2336.741	2334.826	2334.826	2332.321	2335.563	2330.258
2332.468	2334.089	2331.584	2334.384	2330.552	2333.794	2379.032	2462.434	2370.485	2333.500	2335.857	2332.173	2332.321	2333.647	2328.195
2330.847	2335.710	2331.289	2335.415	2328.637	2334.531	2380.948	2465.824	2369.159	2333.942	2334.384	2331.142	2330.405	2332.910	2330.258
2331.437	2333.352	2330.110	2332.615	2329.963	2334.973	2381.242	2465.529	2369.601	2330.552	2334.384	2329.374	2328.342	2330.847	2330.995
2332.763	2336.152	2330.847	2334.531	2330.847	2337.920	2384.631	2465.971	2369.012	2333.647	2335.563	2330.110	2329.226	2330.847	2333.500
2333.647	2334.973	2332.321	2334.089	2331.731	2336.152	2385.221	2464.645	2369.454	2331.289	2336.152	2329.079	2326.869	2329.079	2333.647
2334.089	2336.299	2330.552	2332.910	2333.205	2339.836	2386.842	2468.329	2370.780	2333.352	2337.331	2332.321	2328.932	2328.342	2333.500
2332.026	2332.173	2330.700	2333.205	2333.500	2335.857	2386.547	2465.676	2370.633	2330.405	2335.268	2330.700	2329.079	2327.016	2332.910
2334.531	2333.942	2329.521	2332.615	2335.710	2338.510	2390.673	2471.276	2374.611	2334.089	2333.794	2333.352	2329.816	2328.932	2333.942
2330.552	2330.258	2328.637	2330.995	2335.268	2335.563	2391.852	2471.423	2374.022	2332.468	2334.089	2333.057	2329.521	2327.458	2331.437
2333.057	2334.089	2330.847	2335.710	2336.594	2338.068	2391.852	2472.749	2376.822	2335.120	2334.531	2336.299	2333.352	2328.784	2330.847
2329.521	2330.552	2330.110	2334.089	2334.236	2333.205	2391.410	2470.097	2374.611	2334.826	2334.384	2335.120	2332.615	2328.637	2329.521
2327.753	2330.700	2328.195	2334.236	2337.773	2334.236	2391.557	2472.160	2377.116	2336.741	2332.763	2336.005	2334.089	2330.405	2330.110
2326.721	2327.605	2327.753	2332.763	2332.763	2329.963	2391.410	2470.392	2374.022	2332.468	2332.468	2333.205	2331.584	2329.079	2327.311
2326.132	2330.847	2328.932	2332.615	2336.299	2334.089	2390.968	2475.107	2377.116	2335.857	2333.794	2336.005	2334.384	2330.405	2327.016
2323.774	2330.258	2329.816	2332.910	2334.089	2331.584	2389.494	2470.097	2373.285	2331.879	2334.531	2332.910	2333.352	2327.605	2327.311
2326.721	2330.700	2329.668	2333.352	2333.794	2333.352	2386.842	2468.918	2373.727	2332.763	2333.352	2335.563	2333.352	2330.258	2327.311
2324.511	2327.163	2328.047	2330.995	2331.142	2330.700	2386.105	2467.444	2370.043	2330.110	2333.352	2330.847	2329.226	2328.195	2327.753
2325.100	2329.816	2328.637	2331.584	2331.437	2333.057	2385.958	2468.918	2372.696	2332.321	2330.847	2333.352	2332.026	2329.226	2327.753
2326.279	2327.900	2327.900	2328.932	2327.016	2333.057	2384.189	2464.350	2367.538	2328.047	2330.847	2328.932	2329.079	2325.542	2327.016
2327.605	2331.584	2332.321	2333.647	2332.910	2334.089	2383.747	2463.466	2369.454	2331.584	2331.289	2329.079	2332.026	2329.226	2329.079
2326.869	2327.163	2327.163	2329.521	2328.637	2331.142	2382.421	2459.635	2365.181	2329.668	2331.289	2324.069	2327.900	2326.132	2328.342
2327.605	2329.226	2328.047	2331.584	2330.110	2331.437	2381.832	2460.224	2366.949	2333.647	2332.173	2326.427	2330.258	2329.374	2328.047
2327.311	2328.784	2326.721	2329.963	2329.521	2329.374	2381.390	2454.919	2364.149	2332.763	2331.584	2323.922	2329.668	2327.900	2328.195
2328.342	2330.700	2327.311	2333.057	2332.615	2328.637	2381.979	2453.004	2366.654	2333.942	2332.910	2326.721	2331.879	2329.963	2328.932
2326.869	2328.784	2324.953	2330.552	2332.173	2328.342	2377.411	2449.173	2363.560	2331.437	2331.437	2323.479	2329.816	2328.195	2327.605
2327.605	2330.995	2324.511	2331.879	2333.205	2326.869	2381.095	2452.562	2365.475	2333.500	2330.995	2326.427	2332.321	2330.552	2328.342
2324.953	2327.900	2321.711	2328.047	2331.879	2328.047	2378.000	2449.615	2364.739	2333.794	2329.816	2327.016	2329.226	2326.721	2327.900
2329.226	2332.321	2328.195	2332.910	2332.910	2329.963	2381.242	2448.583	2367.096	2335.710	2330.700	2331.289	2333.942	2331.289	2333.647
2324.658	2328.342	2324.364	2328.195	2332.026	2327.163	2374.611	2440.331	2363.265	2333.647	2330.110	2328.932	2329.374	2328.195	2328.932
2327.900	2330.110	2326.574	2329.816	2330.552	2330.258	2374.317	2440.773	2363.560	2331.289	2329.816	2330.552	2331.142	2329.374	2331.437
2324.511	2328.637	2324.658	2325.984	2329.668	2330.700	2370.927	2436.795	2360.760	2329.963	2327.163	2327.753	2330.405	2328.047	2328.047
2330.258	2329.521	2328.342	2330.405	2330.700	2332.468	2375.790	2441.363	2361.939	2330.847	2329.816	2332.468	2332.026	2330.552	2329.816
2327.900	2330.405	2329.079	2330.552	2329.816	2333.794	2373.433	2440.921	2362.676	2328.342	2330.110	2330.405	2332.173	2328.342	2329.079
2327.605	2327.900	2328.195	2331.142	2329.374	2332.615	2375.938	2441.952	2360.465	2326.869	2329.963	2332.615	2333.057	2330.552	2327.605
2323.185	2324.806	2322.448	2328.047	2328.342	2330.552	2371.370	2441.805	2356.487	2322.301	2328.784	2328.342	2326.574	2325.984	2322.595
2328.047	2325.100	2326.132	2328.784	2328.195	2332.615	2376.969	2448.436	2358.255	2324.364	2328.490	2331.437	2329.079	2328.932	2326.869
2323.774	2322.153	2323.479	2330.405	2328.637	2331.437	2375.790	2447.404	2354.719	2325.984	2327.016	2327.753	2325.984	2325.395	2324.069
2324.953	2321.122	2325.984	2329.079	2328.195	2333.205	2378.443	2452.414	2357.371	2327.163	2329.079	2329.374	2326.132	2328.047	2326.869
2319.943	2317.585	2321.711	2326.427	2326.869	2327.605	2375.201	2449.173	2354.571	2325.248	2326.869	2324.658	2320.385	2323.774	2325.100
2322.153	2317.585	2325.100	2326.279	2327.753	2330.552	2376.527	2449.025	2354.276	2327.605	2327.753	2327.311	2320.385	2326.869	2326.132
2321.269	2319.206	2323.037	2326.132	2325.690	2327.311	2373.875	2448.141	2356.045	2326.869	2326.574	2323.332	2319.648	2323.774	2326.427
2322.595	2319.943	2324.658	2326.132	2325.542	2329.226	2377.411	2450.351	2357.813	2328.637	2325.100	2325.690	2322.743	2326.574	2327.163
2321.564	2320.827	2322.153	2326.721	2327.753	2327.016	2374.906	2448.436	2356.634	2326.721	2326.427	2324.069	2321.269	2324.511	2326.869
2324.364	2323.185	2324.953	2325.248	2327.605	2326.721	2379.179	2454.183	2359.581	2328.932	2326.427	2326.427	2324.216	2327.753	2328.784
2322.743	2324.806	2322.890	2327.016	2328.784	2323.922	2377.853	2454.772	2358.697	2327.900	2327.311	2326.721	2324.069	2326.427	2328.047
2325.248	2328.784	2326.869	2328.047	2329.079	2328.195	2379.769	2455.509	2361.349	2328.932	2327.753	2328.047	2328.784	2330.258	2331.731
2321.417	2328.195	2322.595	2327.753	2328.342	2323.774	2374.611	2451.088	2358.844	2327.900	2324.953	2324.953	2327.163	2328.784	2328.195
2323.627	2329.816	2326.721	2328.932	2329.374	2327.163	2376.232	2450.057	2358.108	2327.900	2325.984	2329.374	2329.374	2330.110	2332.026
2322.595	2327.753	2328.342	2329.079	2329.521	2325.542	2373.875	2448.436	2358.697	2327.458	2324.806	2326.721	2327.605	2328.637	2329.521
2322.448	2327.605	2329.963	2329.521	2328.342	2328.195	2375.938	2449.615	2358.550	2326.427	2325.248	2329.374	2328.490	2329.226	2330.258
2320.974	2325.542	2327.900	2328.490	2329.963	2329.374	2371.370	2445.047	2359.139	2326.132	2326.427	2327.458	2326.427	2327.458	2327.900
2325.248	2325.542	2330.700	2332.910	2328.784	2332.321	2372.696	2444.015	2357.518	2326.132	2325.542	2329.226	2327.753	2326.132	2328.195
2324.511	2322.301	2328.490	2330.110	2329.226	2331.437	2372.843	2445.636	2358.550	2327.016	2326.869	2328.490	2324.953	2325.837	2324.658
2328.195	2322.006	2331.584	2334.826	2332.321	2335.268	2376.380	2449.762	2358.697	2328.932	2330.700	2332.026	2326.721	2326.721	2328.637
2326.869	2319.501	2326.574	2330.552	2330.995	2331.437	2375.495	2447.994	2357.813	2328.195	2328.784	2327.900	2323.037	2327.163	2324.069
2328.784	2322.890	2327.900	2331.731	2332.468	2334.973	2376.674	2447.846	2355.750	2329.374	2331.879	2330.258	2326.574	2327.016	2327.311
2328.195	2321.859	2325.395	2329.079	2331.584	2330.995	2375.643	2443.131	2355.013	2329.521	2328.490	2326.869	2325.542	2325.690	2325.248
2327.605	2322.301	2328.784	2328.195	2330.552	2332.321	2374.906	2442.836	2353.687	2327.900	2328.342	2328.490	2327.311	2327.753	2326.279
2325.690	2321.859	2324.953	2324.069	2329.079	2328.784	2372.548	2441.215	2354.719	2328.490	2327.605	2326.427	2325.100	2329.079	2326.869
2327.163	2324.364	2326.427	2327.016	2329.668	2330.405	2370.927	2437.679	2353.392	2328.637	2329.226	2328.932	2328.490	2328.932	2329.226
2328.342	2324.511	2324.216	2322.743	2324.953	2327.753	2367.833	2433.553	2353.687	2326.279	2326.279	2327.311	2328.195	2328.195	2327.163
2329.079	2327.016	2329.816	2327.163	2327.458	2332.173	2368.275	2435.321	2356.634	2329.521	2330.995	2330.847	2331.879	2329.374	2330.258
2328.047	2323.922	2326.574	2325.984	2324.658	2329.226	2362.234	2428.101	2355.603	2327.016	2328.047	2329.816	2330.405	2329.816	2326.132
2328.195	2329.079	2329.374	2330.405	2324.658	2333.647	2361.202	2427.806	2357.076	2330.110	2331.879	2331.584	2330.995	2332.763	2329.079
2324.069	2324.658	2324.364	2328.784	2323.185	2327.900	2359.729	2424.122	2353.392	2325.248	2327.311	2327.311	2329.668	2327.900	2325.690
2327.753	2329.668	2329.226	2331.437	2325.984	2332.321	2362.676	2425.743	2353.834	2329.668	2331.437	2328.637	2331.142	2329.668	2328.342
2324.216	2325.984	2327.753	2329.226	2323.774	2330.405	2359.876	2424.122	2350.887	2325.837	2326.574	2324.806	2328.784	2327.311	2324.069
2324.658	2328.047	2328.932	2331.437	2327.458	2333.352	2361.644	2423.091	2351.035	2328.784	2329.374	2326.721	2327.458	2327.900	2328.490
2319.501	2319.648	2320.532	2325.984	2322.301	2327.311	2356.339	2414.692	2343.520	2319.648	2320.090	2318.322	2318.469	2319.943	2320.680
2317.438	2319.648	2322.448	2324.364	2324.658	2327.900	2358.402	2417.786	2342.488	2319.206	2321.269	2318.911	2317.880	2320.090	2321.269
2315.964	2313.459	2317.880	2320.532	2324.069	2325.542	2356.782	2416.460	2342.193	2315.375	2316.996	2316.849	2315.522	2314.933	2317.143
2320.974	2319.943	2322.006	2321.417	2325.100	2327.753	2359.139	2417.933	2343.962	2320.238	2321.269	2321.122	2316.996	2320.238	2322.006
2316.554	2314.786	2317.291	2320.090	2324.658	2324.511	2355.455	2414.102	2341.015	2315.228	2316.406	2319.796	2316.554	2316.259	2318.175
2318.617	2317.585	2320.090	2320.090	2325.100	2324.069	2361.202	2418.376	2342.930	2319.206	2319.354	2321.859	2316.996	2318.764	2322.595
2315.080	2314.786	2316.701	2319.059	2324.216	2320.680	2356.929	2415.428	2341.751	2315.522	2317.143	2319.648	2316.112	2318.469	2318.027
2322.006	2324.658	2322.743	2323.479	2328.342	2325.248	2363.707	2422.501	2347.351	2324.953	2324.511	2326.721	2324.364	2325.395	2325.542
2322.301	2324.658	2319.059	2323.922	2326.721	2323.037	2362.528	2421.617	2348.677	2326.132	2324.658	2325.837	2324.658	2324.364	2326.721
2325.248	2329.668	2324.069	2328.047	2327.900	2326.427	2366.654	2428.248	2349.266	2330.552	2328.342	2329.226	2329.226	2329.816	2331.142
2322.595	2327.016	2322.006	2329.226	2327.900	2327.163	2363.560	2428.396	2349.856	2330.110	2325.542	2330.405	2327.605	2327.458	2329.374
2326.869	2327.016	2323.479	2328.195	2327.458	2328.047	2364.444	2428.985	2351.624	2330.995	2328.047	2329.816	2327.753	2329.668	2330.110
2322.890	2327.900	2320.532	2327.900	2326.721	2327.753	2359.287	2424.417	2348.382	2329.521	2323.774	2329.963	2328.637	2328.047	2329.374
2326.132	2327.163	2325.100	2328.784	2326.574	2330.258	2365.033	2430.016	2350.887	2332.468	2325.248	2329.963	2329.668	2328.637	2329.963
2320.974	2325.100	2323.922	2327.605	2325.542	2328.784	2360.613	2426.627	2348.972	2327.900	2320.827	2329.816	2327.163	2324.511	2327.900
2323.479	2327.163	2327.900	2330.700	2328.932	2332.321	2364.739	2427.954	2350.593	2329.079	2321.122	2331.584	2327.311	2329.374	2328.932
2320.974	2323.627	2324.216	2326.279	2327.163	2329.521	2361.349	2422.059	2350.887	2324.511	2316.996	2327.311	2323.332	2323.479	2325.837
2321.859	2323.627	2325.395	2327.311	2328.342	2332.173	2365.770	2424.859	2350.151	2322.595	2319.059	2324.364	2322.595	2326.427	2324.658
2317.291	2321.269	2323.774	2323.479	2324.069	2328.342	2364.591	2423.091	2349.709	2322.301	2315.375	2323.185	2321.564	2322.006	2324.511
2320.974	2320.090	2323.627	2326.279	2329.374	2329.816	2366.507	2425.006	2350.445	2320.827	2320.090	2324.364	2321.122	2323.332	2323.922
2319.648	2322.301	2320.680	2322.448	2326.279	2327.163	2362.381	2420.733	2347.940	2319.501	2318.764	2325.542	2321.711	2322.743	2322.743
2324.364	2321.564	2322.006	2325.100	2329.963	2329.079	2366.360	2427.217	2348.677	2322.301	2322.301	2325.542	2323.627	2327.163	2324.953
2323.185	2320.827	2318.027	2321.859	2325.395	2325.248	2363.265	2425.596	2345.730	2321.859	2321.564	2324.658	2323.332	2323.479	2324.511
2326.427	2322.595	2322.890	2327.016	2329.521	2327.016	2366.949	2432.227	2346.909	2325.100	2326.279	2329.374	2326.574	2328.932	2325.984
2325.837	2322.743	2319.943	2324.364	2325.984	2323.774	2363.412	2430.164	2347.203	2324.806	2325.395	2329.226	2327.016	2324.364	2325.395
2327.753	2326.279	2321.122	2327.605	2329.374	2328.784	2368.422	2434.290	2347.646	2324.953	2327.753	2331.879	2329.079	2328.637	2326.721
2328.637	2327.016	2322.595	2326.721	2325.690	2327.753	2366.949	2434.142	2349.561	2326.721	2325.395	2329.963	2328.637	2328.490	2326.132
2328.195	2326.869	2323.922	2330.258	2328.490	2329.374	2369.454	2438.858	2351.624	2327.311	2328.784	2330.995	2328.342	2329.521	2327.753
2327.458	2325.984	2323.185	2327.605	2324.511	2329.816	2368.717	2439.152	2352.361	2327.311	2325.984	2329.226	2327.311	2328.047	2326.132
2327.016	2328.195	2325.984	2329.374	2328.784	2332.468	2371.517	2445.194	2355.603	2327.163	2328.784	2329.521	2330.258	2327.163	2327.163
2322.743	2324.216	2323.479	2326.427	2325.248	2330.552	2368.865	2442.247	2353.098	2324.658	2322.890	2324.658	2326.132	2326.574	2323.627
2324.069	2328.195	2327.458	2329.816	2330.110	2333.205	2372.401	2447.699	2356.339	2328.342	2325.100	2328.932	2329.816	2328.342	2327.163
2322.301	2324.364	2325.984	2328.342	2329.226	2332.173	2369.159	2446.815	2355.750	2325.542	2321.269	2324.953	2325.395	2327.900	2322.890
2322.301	2327.016	2326.721	2329.374	2331.879	2333.647	2372.548	2450.057	2357.076	2326.574	2323.774	2328.342	2326.721	2327.311	2323.774
2322.301	2321.859	2322.890	2325.542	2332.173	2333.794	2370.191	2444.162	2353.687	2325.248	2319.648	2323.185	2325.248	2325.690	2323.037
2322.743	2323.332	2324.069	2325.837	2333.057	2332.173	2369.896	2439.889	2354.866	2325.100	2323.332	2324.511	2325.690	2325.690	2324.069
2321.417	2320.385	2320.532	2323.332	2331.879	2332.321	2366.065	2434.437	2349.119	2326.574	2321.122	2323.922	2322.448	2325.837	2322.006
2323.479	2323.037	2320.827	2323.037	2330.552	2331.289	2366.802	2428.985	2350.151	2327.016	2323.627	2326.427	2325.542	2325.984	2325.248
2323.037	2319.501	2316.701	2319.796	2326.279	2328.784	2362.823	2424.564	2344.404	2326.279	2322.743	2322.595	2322.301	2325.837	2323.774
2324.953	2322.595	2320.680	2322.890	2326.721	2327.900	2363.855	2420.438	2344.846	2328.195	2326.132	2325.837	2324.806	2325.690	2326.279
2323.037	2319.354	2317.585	2319.206	2322.595	2325.837	2358.844	2417.344	2340.425	2327.311	2324.806	2321.564	2323.037	2324.511	2324.953
2323.627	2324.364	2321.564	2322.448	2322.890	2325.837	2361.497	2418.965	2341.899	2328.784	2326.574	2325.837	2325.248	2326.574	2326.869
2322.153	2322.301	2319.354	2322.301	2322.006	2325.984	2357.224	2415.870	2338.657	2327.900	2323.774	2324.511	2325.100	2326.132	2324.953
2325.690	2324.806	2324.658	2326.427	2323.037	2326.279	2358.844	2416.460	2344.109	2328.047	2327.016	2327.163	2327.016	2328.047	2328.342
2324.658	2323.922	2322.448	2325.248	2323.627	2325.690	2356.634	2417.933	2340.425	2327.163	2323.479	2325.690	2325.100	2324.069	2325.690
2326.279	2326.132	2326.279	2328.047	2328.342	2328.637	2359.729	2417.344	2343.372	2328.047	2325.690	2328.490	2326.869	2326.427	2327.458
2324.806	2323.627	2323.479	2325.984	2327.605	2328.784	2356.339	2418.081	2341.162	2328.342	2322.595	2325.248	2327.016	2322.595	2326.427
2325.395	2327.163	2326.279	2329.521	2331.142	2331.879	2358.992	2416.165	2343.667	2329.374	2322.890	2325.837	2329.816	2325.248	2329.963
2325.542	2324.364	2324.658	2327.753	2329.226	2330.258	2356.487	2414.397	2343.078	2328.342	2319.648	2323.332	2326.279	2321.269	2326.132
2326.574	2328.932	2327.753	2330.552	2332.468	2334.384	2361.792	2417.933	2345.141	2329.521	2321.122	2325.248	2328.195	2324.069	2330.110
2327.311	2326.132	2325.690	2329.816	2332.910	2332.468	2361.792	2416.607	2343.667	2331.289	2318.617	2322.890	2326.574	2321.269	2328.047
2326.427	2326.427	2327.753	2329.668	2334.973	2337.036	2361.939	2414.102	2346.761	2330.552	2322.595	2324.069	2326.721	2323.479	2330.700
2325.248	2322.890	2324.364	2329.079	2333.500	2332.026	2358.697	2409.682	2342.636	2331.142	2319.501	2320.827	2324.658	2320.090	2326.132
2324.511	2324.806	2324.658	2327.458	2332.468	2334.236	2360.760	2408.355	2344.993	2330.847	2321.417	2325.248	2323.922	2324.511	2329.816
2321.564	2321.269	2321.269	2326.574	2329.521	2328.932	2358.402	2407.324	2341.162	2328.490	2320.090	2324.953	2321.122	2320.238	2324.953
2321.711	2324.658	2321.859	2325.984	2329.963	2329.668	2358.108	2404.672	2342.341	2328.342	2323.627	2327.753	2323.627	2323.627	2327.458
2321.417	2322.153	2318.911	2324.216	2327.163	2325.100	2353.098	2402.167	2339.099	2327.458	2324.216	2327.016	2320.974	2321.859	2325.690
2320.238	2324.511	2318.911	2322.890	2326.279	2325.984	2352.656	2400.251	2337.920	2324.658	2326.132	2329.226	2321.417	2325.542	2327.311
2319.943	2324.511	2315.964	2322.448	2322.301	2321.417	2350.887	2399.514	2335.120	2325.837	2325.248	2327.753	2320.532	2325.100	2325.395
2322.301	2328.637	2320.532	2324.511	2325.248	2325.984	2352.508	2402.609	2340.720	2325.837	2330.110	2331.437	2323.332	2329.226	2330.110
2323.627	2328.932	2319.501	2325.837	2325.837	2322.301	2350.445	2401.725	2338.362	2325.690	2328.784	2329.668	2323.627	2328.195	2326.279
2328.490	2329.668	2322.448	2326.279	2328.637	2326.574	2350.740	2403.640	2341.604	2328.195	2331.584	2328.932	2325.542	2330.110	2329.374
2324.511	2326.132	2320.827	2325.395	2327.311	2326.279	2348.530	2406.292	2338.510	2327.458	2327.605	2324.953	2324.364	2328.932	2327.605
2326.721	2327.163	2323.185	2325.984	2329.521	2328.932	2352.950	2407.913	2342.046	2329.668	2328.932	2324.953	2327.163	2328.195	2328.047
2324.658	2324.216	2322.595	2324.806	2327.016	2328.047	2351.624	2405.703	2341.162	2328.342	2324.216	2319.648	2325.248	2325.248	2323.479
2327.311	2327.753	2325.690	2327.311	2329.963	2330.405	2354.129	2409.092	2343.225	2328.047	2326.427	2321.859	2327.016	2324.658	2327.311
2322.595	2323.774	2323.037	2323.774	2325.690	2328.637	2352.214	2406.882	2339.836	2326.427	2321.564	2318.911	2326.574	2319.796	2323.037
2325.984	2326.721	2326.279	2323.627	2327.753	2329.226	2353.687	2406.587	2340.573	2326.869	2323.479	2319.501	2325.984	2320.827	2325.984
2321.417	2323.627	2322.153	2322.595	2325.690	2329.963	2352.508	2401.135	2338.952	2325.690	2320.974	2319.796	2325.542	2320.385	2322.301
2326.721	2327.458	2326.279	2325.690	2329.668	2329.668	2356.634	2402.903	2343.814	2327.163	2326.721	2324.511	2327.753	2322.448	2327.311
2321.417	2324.364	2322.153	2324.953	2326.869	2328.342	2351.624	2397.304	2338.804	2326.869	2323.479	2323.185	2325.395	2322.006	2323.479
2321.417	2326.574	2322.595	2325.984	2327.753	2327.753	2352.508	2399.219	2342.341	2327.753	2326.721	2327.458	2326.427	2324.216	2326.574
2321.859	2322.743	2320.680	2325.837	2325.248	2328.490	2349.266	2394.946	2338.804	2327.458	2325.100	2327.016	2325.100	2325.395	2324.511
2324.216	2325.837	2321.417	2326.427	2326.721	2329.226	2353.982	2395.830	2343.814	2328.342	2328.490	2329.374	2326.427	2329.521	2328.637
2319.648	2322.153	2318.469	2325.248	2323.774	2327.900	2349.266	2394.946	2340.573	2327.016	2327.311	2327.753	2326.279	2327.458	2325.395
2323.332	2325.395	2323.774	2324.658	2323.037	2327.163	2352.066	2394.062	2341.751	2327.753	2329.521	2329.816	2325.248	2329.374	2328.195
2318.764	2322.153	2320.238	2322.448	2318.764	2327.753	2346.614	2390.673	2336.299	2325.837	2326.132	2325.248	2323.037	2326.132	2323.627
2323.185	2325.395	2324.069	2324.069	2321.711	2328.932	2351.035	2394.062	2339.541	2326.427	2326.574	2328.195	2325.690	2327.458	2327.458
2322.595	2324.216	2324.069	2323.332	2321.417	2329.963	2350.298	2398.335	2337.625	2325.100	2325.248	2325.690	2325.984	2326.132	2326.279
2322.301	2324.953	2325.248	2321.859	2323.479	2328.195	2352.214	2401.430	2340.720	2326.279	2323.627	2325.248	2327.016	2323.922	2325.395
2321.417	2322.448	2323.627	2321.711	2320.532	2326.869	2348.382	2400.398	2335.563	2325.100	2317.880	2320.385	2322.890	2322.743	2323.627
2323.479	2324.953	2325.984	2324.364	2323.185	2330.405	2353.687	2403.935	2339.836	2328.047	2320.090	2324.216	2325.395	2323.037	2325.395
2321.269	2321.122	2323.627	2323.479	2323.774	2327.605	2350.740	2407.471	2338.362	2325.542	2317.291	2319.943	2323.332	2321.711	2323.185
2325.248	2326.427	2326.279	2327.163	2327.605	2328.637	2357.371	2411.450	2343.225	2327.016	2319.796	2325.395	2327.458	2323.185	2325.100
2322.301	2321.122	2325.837	2322.448	2325.100	2327.311	2353.834	2409.240	2341.457	2326.427	2319.206	2321.859	2324.658	2320.385	2321.564
2324.069	2325.542	2324.953	2325.542	2325.542	2326.279	2356.192	2407.471	2342.341	2327.900	2321.122	2324.511	2324.511	2320.974	2322.301
2322.006	2323.185	2325.542	2323.922	2324.658	2325.690	2354.571	2405.703	2340.278	2327.163	2321.417	2323.774	2325.542	2322.006	2319.648
2323.037	2326.869	2325.690	2326.427	2325.690	2326.132	2355.455	2406.587	2341.457	2327.016	2325.984	2328.342	2326.427	2322.595	2320.090
2321.269	2321.564	2320.974	2322.448	2323.185	2322.595	2351.182	2400.251	2338.215	2322.743	2323.627	2323.922	2325.690	2320.974	2317.733
2321.417	2323.922	2320.974	2326.279	2321.859	2322.743	2351.771	2396.420	2337.331	2324.216	2326.132	2327.605	2326.132	2321.564	2320.532
2320.532	2318.764	2317.733	2321.711	2318.617	2320.238	2347.793	2391.852	2334.089	2322.743	2324.364	2323.627	2322.743	2321.269	2317.733
2321.122	2323.774	2319.354	2326.427	2319.206	2320.532	2347.351	2390.820	2334.236	2322.448	2327.016	2325.690	2322.153	2325.100	2319.943
2320.827	2319.059	2319.354	2322.595	2318.911	2321.564	2346.319	2386.252	2331.731	2321.711	2326.427	2323.922	2320.974	2323.479	2319.648
2322.890	2321.711	2318.764	2325.542	2321.417	2322.301	2347.056	2385.221	2332.173	2323.185	2330.258	2324.658	2320.827	2324.806	2323.774
2320.827	2316.701	2317.880	2321.859	2319.354	2319.796	2346.172	2380.800	2329.521	2320.532	2324.806	2323.922	2319.501	2320.385	2321.564
2322.006	2321.859	2322.301	2326.427	2321.269	2322.301	2348.235	2383.747	2331.731	2323.479	2328.932	2324.069	2319.059	2323.332	2325.248
2322.595	2322.153	2322.890	2323.479	2323.922	2324.658	2348.824	2385.221	2332.763	2323.922	2326.721	2325.690	2320.532	2321.417	2323.185
2323.037	2324.511	2326.869	2326.869	2326.869	2326.721	2351.035	2386.547	2335.120	2327.900	2329.963	2327.016	2323.037	2324.364	2325.395
2323.774	2323.037	2324.806	2324.364	2327.016	2324.806	2352.066	2387.136	2335.563	2327.311	2326.132	2326.132	2323.332	2319.648	2323.185
2324.511	2325.248	2326.869	2326.721	2328.342	2325.100	2352.656	2389.789	2337.331	2328.047	2324.953	2325.395	2326.132	2323.774	2324.216
2322.890	2322.595	2326.427	2324.216	2323.922	2325.837	2351.624	2389.052	2336.005	2325.248	2320.974	2321.564	2324.216	2320.238	2320.238
2326.574	2325.690	2328.784	2326.574	2328.784	2327.016	2353.098	2392.146	2339.394	2331.584	2327.311	2322.448	2325.837	2323.185	2321.859
2326.427	2323.037	2328.784	2326.132	2326.132	2326.574	2353.540	2391.999	2336.741	2328.784	2323.774	2323.037	2327.458	2321.417	2318.469
2325.395	2323.627	2327.311	2324.069	2327.163	2323.479	2353.540	2393.473	2336.447	2330.258	2325.395	2320.385	2324.953	2322.890	2320.090
2323.922	2318.911	2324.216	2321.122	2322.006	2321.564	2351.919	2392.736	2331.879	2324.953	2320.385	2318.175	2322.595	2318.469	2318.617
2322.006	2320.532	2323.037	2320.827	2323.332	2322.448	2352.950	2394.946	2332.026	2325.542	2324.069	2318.911	2322.153	2322.006	2319.943
2323.185	2318.027	2322.006	2317.733	2319.501	2321.269	2351.329	2392.146	2329.668	2322.301	2324.216	2320.090	2322.006	2318.322	2317.733
2323.185	2322.890	2322.006	2321.859	2322.006	2321.859	2353.098	2397.009	2334.089	2324.364	2327.311	2324.806	2323.185	2322.595	2321.269
2320.974	2320.680	2319.648	2319.501	2318.764	2322.595	2351.182	2396.272	2331.879	2321.122	2324.511	2321.859	2322.006	2321.417	2321.122
2321.122	2324.069	2320.385	2321.711	2323.037	2324.511	2352.656	2398.188	2336.447	2325.542	2329.079	2325.542	2322.743	2325.100	2325.837
2321.711	2323.037	2321.564	2323.774	2320.974	2326.279	2352.066	2399.367	2337.331	2322.595	2327.016	2326.574	2325.100	2325.395	2326.132
2322.006	2327.605	2322.448	2327.163	2324.658	2329.226	2353.982	2399.662	2341.309	2325.837	2330.110	2329.226	2326.574	2327.605	2327.163
2324.069	2324.806	2322.890	2327.016	2322.890	2328.637	2353.834	2400.840	2341.015	2324.658	2327.016	2327.900	2325.837	2326.574	2327.016
2322.743	2327.900	2323.774	2330.700	2326.721	2330.700	2357.813	2407.913	2343.814	2328.195	2328.637	2328.932	2326.132	2328.342	2328.342
2323.037	2324.511	2324.364	2327.458	2327.311	2329.226	2358.108	2408.355	2342.046	2327.605	2325.542	2325.248	2325.690	2324.069	2327.016
2324.953	2326.869	2326.721	2330.258	2330.110	2329.963	2360.318	2412.481	2343.814	2328.047	2327.900	2327.163	2328.342	2326.132	2326.279
2323.774	2322.743	2323.479	2325.395	2326.869	2328.342	2357.518	2412.187	2339.836	2324.364	2322.448	2321.417	2325.100	2320.238	2320.827
2325.395	2323.479	2325.395	2326.869	2328.932	2327.605	2360.907	2414.692	2342.783	2326.279	2325.100	2322.006	2325.395	2319.501	2319.943
2323.332	2319.796	2322.595	2324.069	2326.869	2326.427	2358.992	2417.344	2340.130	2324.069	2322.301	2318.617	2323.185	2319.059	2318.617
2325.837	2323.332	2323.922	2326.721	2325.984	2326.427	2361.055	2418.965	2343.225	2322.595	2324.806	2319.206	2324.216	2319.501	2319.796
2322.448	2318.322	2320.238	2324.658	2325.984	2325.542	2355.897	2415.576	2339.099	2320.974	2322.006	2316.701	2321.564	2316.996	2317.585
2324.806	2322.301	2321.859	2324.806	2324.511	2325.248	2357.371	2416.460	2340.573	2321.269	2325.248	2320.680	2321.859	2320.680	2318.322
2321.711	2318.617	2318.764	2324.806	2324.069	2324.216	2354.571	2413.513	2337.920	2318.764	2324.069	2319.206	2319.501	2318.911	2319.354
2322.743	2320.385	2320.238	2325.100	2324.511	2323.627	2356.929	2413.218	2340.425	2319.943	2325.542	2322.743	2319.501	2322.743	2322.890
2319.206	2317.585	2316.259	2321.564	2323.185	2324.658	2351.919	2408.945	2336.005	2316.259	2323.185	2320.238	2317.733	2321.564	2322.006
2324.069	2321.417	2320.974	2324.069	2325.690	2326.279	2356.782	2409.534	2340.278	2320.827	2326.721	2325.100	2322.301	2324.069	2325.837
2320.238	2318.175	2320.385	2320.827	2325.984	2326.721	2351.771	2405.114	2337.920	2321.417	2324.069	2324.806	2321.859	2324.069	2323.922
2324.364	2323.774	2324.511	2324.511	2326.721	2328.784	2354.424	2404.230	2342.341	2323.479	2329.521	2328.195	2324.216	2327.605	2330.110
2321.711	2318.911	2319.648	2323.037	2326.869	2327.753	2350.445	2397.893	2337.183	2322.595	2324.511	2325.984	2321.859	2324.511	2325.542
2324.806	2322.006	2322.301	2322.743	2326.427	2329.668	2353.540	2399.662	2341.162	2325.248	2326.869	2326.279	2323.774	2326.574	2328.490
2322.743	2320.827	2321.711	2323.479	2325.984	2328.195	2351.624	2398.483	2338.952	2324.511	2324.511	2325.837	2324.216	2324.216	2325.395
2326.869	2323.774	2325.837	2326.869	2326.721	2328.195	2354.424	2399.219	2342.046	2327.605	2327.605	2326.427	2326.132	2325.100	2327.458
2322.301	2320.827	2322.006	2323.774	2324.658	2324.216	2347.940	2394.062	2337.183	2323.332	2323.479	2322.890	2319.943	2321.564	2320.827
2323.922	2321.417	2322.301	2326.132	2326.279	2323.922	2351.035	2395.830	2337.478	2324.216	2325.984	2322.448	2322.743	2320.827	2320.680
2322.743	2319.059	2321.269	2323.332	2324.953	2321.122	2349.266	2395.978	2334.531	2323.037	2322.153	2319.796	2319.501	2320.385	2316.554
2324.364	2322.153	2324.953	2327.016	2327.458	2322.743	2352.508	2399.662	2339.688	2324.364	2325.984	2321.564	2324.806	2321.859	2321.122
2325.395	2320.090	2322.301	2325.542	2326.279	2321.564	2349.561	2397.009	2335.563	2324.364	2321.417	2320.974	2321.122	2321.859	2316.554
2324.953	2319.796	2322.890	2326.427	2326.279	2321.711	2352.508	2396.714	2338.362	2324.216	2323.774	2320.532	2323.185	2322.448	2319.206
2322.890	2319.059	2317.585	2321.564	2323.185	2319.796	2347.940	2394.209	2333.500	2321.859	2319.796	2318.617	2318.469	2319.648	2316.996
2324.806	2320.680	2320.090	2327.753	2324.658	2323.185	2353.540	2397.451	2338.215	2323.332	2323.627	2322.153	2321.269	2321.711	2323.479
2323.037	2321.269	2318.764	2323.332	2321.859	2323.185	2350.298	2396.862	2335.120	2321.859	2322.153	2322.301	2318.175	2321.711	2324.806
2323.332	2320.974	2318.175	2326.132	2322.153	2324.953	2350.593	2394.946	2335.857	2322.301	2322.743	2324.511	2321.269	2320.974	2327.016
2320.532	2320.238	2316.112	2322.743	2318.469	2323.922	2347.646	2393.620	2331.879	2319.943	2323.922	2321.859	2317.733	2320.680	2326.279
2319.354	2320.827	2319.206	2324.953	2320.532	2324.364	2348.235	2393.178	2334.826	2318.911	2324.069	2322.301	2319.796	2320.385	2328.784
2322.006	2321.269	2318.764	2322.595	2321.122	2326.427	2347.498	2392.883	2332.026	2319.796	2326.132	2323.332	2317.291	2320.385	2326.721
2324.364	2324.216	2323.922	2327.900	2325.100	2330.258	2353.392	2397.304	2336.741	2322.743	2329.374	2325.837	2323.627	2326.279	2329.226
2321.711	2322.743	2321.711	2322.448	2323.627	2327.605	2347.498	2395.094	2332.468	2320.238	2325.837	2320.532	2321.711	2323.774	2326.132
2323.185	2322.006	2323.332	2326.132	2326.132	2327.311	2351.035	2396.272	2335.857	2322.595	2325.837	2321.269	2322.890	2325.100	2324.511
2322.595	2321.122	2322.153	2322.301	2324.069	2327.311	2351.477	2397.746	2336.889	2322.006	2322.743	2317.438	2321.711	2323.037	2322.595
2326.574	2322.301	2325.248	2326.132	2327.753	2327.458	2354.424	2398.188	2339.099	2325.395	2322.301	2321.859	2323.479	2324.364	2322.301
2324.658	2322.743	2324.806	2324.216	2325.690	2328.784	2353.687	2398.483	2336.299	2325.100	2323.627	2320.827	2321.711	2324.364	2322.153
2324.953	2324.953	2327.016	2326.721	2327.311	2327.311	2353.245	2400.693	2340.130	2326.279	2322.448	2321.269	2324.658	2323.774	2323.332
2322.153	2320.680	2321.417	2323.922	2323.185	2325.690	2350.298	2396.420	2334.678	2321.269	2318.911	2320.974	2318.175	2321.711	2318.911
2325.984	2322.301	2324.364	2325.248	2326.279	2326.279	2353.687	2398.777	2338.362	2323.332	2321.564	2324.658	2321.564	2322.301	2320.974
2323.774	2321.122	2321.564	2326.279	2323.627	2327.605	2353.392	2396.272	2336.152	2321.417	2323.037	2323.922	2318.764	2323.037	2323.332
2326.132	2320.532	2320.680	2325.248	2326.427	2326.721	2352.950	2396.272	2337.183	2320.974	2325.100	2326.279	2319.648	2321.564	2323.627
2321.711	2317.733	2318.322	2322.448	2322.448	2327.016	2352.950	2398.188	2334.236	2316.996	2323.037	2323.185	2316.996	2318.911	2323.185
2323.479	2317.733	2316.849	2322.448	2324.658	2325.542	2354.129	2397.009	2334.826	2317.880	2323.185	2325.542	2319.648	2318.175	2322.743
2320.680	2315.670	2316.259	2322.006	2322.743	2326.869	2354.719	2397.157	2332.173	2317.143	2324.953	2324.806	2318.027	2319.059	2324.069
2320.532	2316.112	2319.648	2321.122	2325.100	2327.016	2354.571	2397.009	2335.415	2320.680	2325.395	2325.690	2322.006	2319.354	2326.869
2316.554	2315.522	2317.880	2319.796	2321.564	2327.753	2354.424	2394.504	2331.731	2319.648	2325.837	2326.279	2320.090	2319.206	2324.953
2319.501	2318.764	2321.564	2320.680	2325.248	2329.963	2353.392	2394.504	2335.415	2321.859	2325.100	2326.869	2324.658	2319.796	2326.427
2317.438	2321.711	2324.658	2323.332	2323.774	2330.110	2352.803	2391.262	2334.531	2323.037	2327.163	2328.784	2324.658	2322.153	2325.100
2321.859	2323.185	2326.132	2325.100	2327.605	2334.236	2352.066	2388.168	2336.741	2326.721	2327.605	2328.490	2327.605	2325.837	2327.753
2319.943	2323.479	2325.690	2324.511	2324.953	2331.142	2351.477	2388.610	2336.005	2326.279	2325.984	2327.311	2326.427	2324.511	2325.395
2321.417	2325.542	2324.511	2325.100	2326.132	2333.794	2349.266	2386.105	2336.005	2327.311	2322.448	2326.132	2327.458	2326.869	2327.605
2322.301	2326.132	2324.953	2327.311	2325.248	2330.995	2350.887	2387.431	2336.152	2328.784	2324.806	2323.774	2325.984	2325.248	2326.279
2324.806	2327.900	2326.427	2329.521	2327.458	2329.668	2350.298	2389.494	2338.362	2329.521	2324.216	2321.859	2325.984	2325.395	2328.195
2323.332	2324.069	2324.216	2325.984	2325.837	2325.984	2350.298	2388.905	2334.678	2329.374	2323.922	2320.680	2321.269	2325.100	2323.774
2323.627	2324.364	2323.627	2325.395	2326.574	2325.248	2352.803	2391.852	2335.857	2328.342	2323.332	2320.238	2321.859	2324.953	2324.806
2320.680	2321.564	2323.479	2325.395	2323.185	2322.595	2351.477	2389.789	2332.468	2326.574	2322.743	2320.090	2318.027	2325.100	2322.890
2323.037	2323.627	2324.658	2325.690	2326.721	2326.132	2352.361	2389.641	2335.710	2325.248	2325.100	2322.153	2319.501	2325.837	2326.279
2320.385	2320.532	2325.100	2323.332	2323.922	2321.859	2350.887	2388.168	2331.879	2321.417	2325.690	2321.564	2315.817	2322.595	2320.680
2322.448	2324.953	2325.837	2324.806	2328.047	2327.458	2354.129	2389.494	2333.352	2321.711	2328.342	2326.427	2319.796	2324.511	2324.511
2319.501	2321.417	2324.216	2321.564	2324.364	2327.605	2350.740	2382.568	2330.700	2321.269	2327.458	2326.132	2318.911	2322.301	2321.711
2320.827	2324.364	2324.511	2325.837	2326.427	2329.668	2351.624	2381.684	2331.437	2321.417	2327.311	2328.932	2322.448	2321.564	2325.395
2317.438	2322.153	2321.859	2323.922	2323.627	2329.079	2345.877	2375.053	2327.605	2321.122	2327.311	2327.163	2319.501	2320.680	2324.511
2317.585	2325.100	2321.417	2322.743	2325.248	2328.342	2346.172	2374.317	2329.521	2321.711	2325.984	2326.721	2322.006	2318.764	2324.953
2315.817	2322.006	2320.974	2322.890	2322.153	2327.016	2342.930	2371.664	2327.458	2322.301	2326.574	2323.627	2320.974	2317.585	2322.448
2319.943	2325.837	2321.711	2326.132	2327.311	2330.552	2346.909	2373.285	2333.500	2327.016	2327.163	2325.248	2325.542	2321.122	2326.279
2317.291	2322.006	2320.385	2323.774	2323.037	2327.605	2342.046	2370.043	2332.321	2325.690	2323.037	2321.417	2323.479	2319.648	2323.185
2323.627	2328.637	2324.511	2328.637	2329.816	2331.142	2348.530	2377.706	2337.183	2330.110	2324.658	2324.216	2326.574	2325.542	2328.047
2321.417	2325.837	2322.743	2324.069	2326.574	2330.995	2344.551	2373.875	2334.678	2327.311	2322.890	2323.627	2325.837	2323.037	2325.690
2325.690	2327.311	2326.279	2326.869	2329.226	2330.110	2348.382	2378.295	2337.036	2330.110	2322.890	2323.185	2326.279	2325.395	2324.216
2325.690	2325.690	2325.248	2326.279	2330.405	2331.289	2347.793	2379.179	2337.036	2327.900	2325.100	2322.890	2328.490	2325.248	2324.364
2325.248	2326.132	2325.542	2327.016	2331.142	2330.110	2350.593	2380.211	2336.889	2330.700	2323.479	2323.922	2326.574	2327.016	2324.069
2323.332	2322.153	2323.185	2324.511	2326.132	2326.279	2347.351	2379.474	2333.205	2326.427	2322.448	2322.890	2323.774	2324.953	2320.090
2325.690	2324.806	2326.279	2326.721	2331.437	2327.458	2350.740	2383.600	2335.857	2329.079	2325.248	2326.132	2324.364	2325.542	2323.037
2320.090	2316.849	2318.617	2324.364	2323.332	2321.859	2344.846	2379.621	2328.637	2322.153	2322.595	2322.595	2320.238	2319.943	2316.554
2322.006	2323.037	2325.395	2325.248	2326.721	2323.627	2348.824	2385.663	2332.468	2324.216	2326.869	2324.069	2322.301	2322.743	2318.764
2319.354	2318.469	2319.059	2322.448	2322.006	2323.037	2345.435	2383.453	2328.490	2319.206	2323.185	2322.301	2320.974	2316.849	2318.911
2319.354	2319.354	2322.301	2321.564	2320.385	2322.006	2347.498	2384.484	2328.490	2321.711	2321.564	2323.922	2318.911	2319.943	2319.501
2318.322	2317.880	2318.911	2320.974	2319.501	2322.153	2344.109	2381.979	2328.932	2318.027	2320.974	2322.595	2319.059	2317.143	2318.175
2319.943	2320.385	2321.564	2321.859	2322.301	2325.100	2345.730	2382.274	2330.405	2321.269	2321.711	2325.248	2321.417	2318.617	2322.153
2317.733	2317.438	2317.733	2319.796	2318.027	2324.216	2340.425	2377.116	2327.311	2317.880	2320.827	2323.185	2320.680	2318.027	2320.385
2318.617	2320.385	2319.796	2319.354	2322.448	2327.016	2340.867	2376.527	2330.700	2320.827	2319.501	2322.595	2322.890	2320.238	2323.037
2317.733	2316.554	2314.491	2320.827	2320.385	2324.364	2338.804	2373.727	2328.784	2321.269	2318.322	2322.595	2320.238	2318.175	2321.122
2320.090	2321.859	2321.564	2324.069	2326.279	2328.490	2342.193	2376.232	2333.205	2326.721	2321.417	2325.248	2325.837	2324.069	2325.395
2321.122	2322.890	2319.501	2326.132	2327.458	2328.784	2341.015	2375.790	2333.794	2327.458	2322.301	2327.163	2324.806	2321.564	2323.037
2323.922	2327.016	2323.479	2327.900	2330.552	2332.173	2345.583	2381.684	2334.531	2330.700	2324.806	2327.900	2329.521	2325.100	2329.226
2322.448	2325.395	2320.238	2326.869	2329.079	2330.552	2342.488	2380.506	2333.794	2328.784	2323.185	2325.395	2324.511	2322.743	2324.511
2323.627	2326.869	2322.006	2328.490	2329.816	2328.637	2345.583	2381.537	2333.794	2327.753	2323.037	2325.100	2326.869	2324.511	2326.132
2322.743	2325.837	2322.301	2326.574	2327.753	2326.427	2345.141	2380.211	2331.731	2326.279	2323.627	2324.806	2323.332	2322.890	2322.743
2324.806	2327.458	2323.185	2325.984	2328.784	2326.721	2347.203	2381.095	2333.647	2324.216	2324.069	2323.922	2325.542	2324.364	2322.153
2321.417	2324.364	2321.859	2324.658	2327.753	2323.479	2347.793	2381.832	2333.647	2322.890	2324.069	2324.806	2322.006	2324.216	2319.059
2321.417	2324.069	2320.680	2323.185	2329.374	2325.542	2347.351	2382.274	2335.857	2320.827	2324.953	2322.595	2323.037	2323.332	2319.796
2318.175	2318.764	2319.501	2319.796	2324.216	2320.974	2343.520	2378.000	2332.173	2317.291	2320.974	2322.153	2318.911	2322.448	2315.080
2318.617	2319.059	2320.974	2320.532	2328.047	2323.185	2348.382	2380.211	2334.678	2319.796	2324.953	2325.100	2322.890	2323.037	2319.943
2317.880	2317.143	2318.617	2317.585	2324.069	2322.890	2344.404	2377.853	2332.173	2319.059	2320.090	2323.774	2319.059	2322.153	2316.112
2319.354	2318.322	2318.911	2319.796	2327.163	2325.248	2345.435	2378.737	2333.205	2321.711	2322.890	2326.427	2323.774	2323.479	2319.796
2318.322	2315.964	2319.943	2318.911	2323.922	2324.364	2342.046	2377.853	2331.879	2321.564	2319.796	2323.332	2321.711	2322.595	2319.943
2323.332	2319.501	2319.943	2320.974	2324.658	2327.163	2340.720	2375.790	2331.437	2322.006	2321.417	2326.721	2324.216	2321.417	2322.890
2321.859	2316.112	2317.733	2319.059	2320.385	2321.859	2338.068	2374.464	2327.163	2321.122	2317.438	2322.448	2322.301	2319.059	2321.564
2325.248	2319.943	2317.291	2320.532	2323.185	2324.806	2339.394	2374.759	2330.258	2322.890	2319.354	2324.953	2324.069	2318.764	2322.743
2324.511	2319.206	2315.375	2319.501	2319.206	2321.711	2334.531	2371.075	2326.721	2320.385	2315.228	2319.059	2322.006	2318.175	2319.648
2325.395	2321.564	2317.733	2322.595	2322.301	2325.100	2338.952	2374.464	2330.847	2323.922	2320.090	2320.238	2322.301	2318.027	2323.774
2324.364	2320.532	2318.764	2322.006	2320.090	2324.069	2338.362	2374.906	2330.110	2323.185	2317.143	2317.733	2319.943	2316.996	2321.122
2326.132	2323.922	2319.206	2325.248	2325.690	2327.163	2341.899	2377.706	2332.321	2325.100	2321.564	2320.827	2321.711	2319.648	2327.163
2323.185	2322.743	2318.764	2323.627	2324.216	2328.047	2343.225	2378.737	2331.584	2325.837	2319.943	2316.112	2318.764	2320.238	2323.922
2325.542	2327.163	2322.890	2330.110	2328.637	2330.700	2347.793	2381.095	2335.857	2327.458	2325.984	2322.301	2323.627	2325.690	2330.405
2322.153	2324.216	2323.037	2325.690	2325.542	2330.552	2347.203	2382.126	2334.678	2327.163	2325.248	2319.206	2320.090	2323.627	2326.721
2321.859	2326.574	2324.658	2327.753	2327.311	2330.847	2348.382	2385.221	2336.594	2327.458	2327.458	2322.890	2321.122	2323.774	2328.342
2322.301	2324.216	2322.890	2324.216	2324.364	2329.816	2345.583	2382.421	2334.973	2326.427	2327.016	2321.859	2320.827	2323.922	2323.774
2322.448	2326.427	2324.953	2324.658	2327.605	2330.700	2350.445	2384.484	2336.299	2327.016	2328.932	2326.427	2323.332	2325.542	2327.900
2321.564	2321.269	2323.479	2320.974	2322.743	2328.195	2346.467	2381.979	2334.089	2325.248	2326.427	2324.806	2320.974	2324.658	2322.595
2320.680	2321.417	2324.069	2319.354	2324.511	2325.395	2347.498	2382.421	2334.678	2324.216	2324.658	2326.132	2322.743	2322.448	2324.806
2319.501	2317.438	2319.059	2314.933	2319.648	2323.332	2342.783	2378.885	2330.258	2323.479	2323.037	2323.037	2319.206	2318.617	2318.911
2321.417	2323.332	2320.680	2321.269	2322.153	2324.511	2346.761	2379.327	2334.531	2325.100	2324.364	2328.195	2323.479	2320.090	2323.037
2320.532	2320.532	2318.322	2319.796	2319.796	2324.216	2346.319	2379.032	2332.173	2325.248	2324.511	2325.690	2322.890	2318.617	2321.122
2320.385	2320.532	2318.469	2322.448	2322.595	2323.332	2348.088	2380.948	2332.615	2325.837	2323.774	2328.342	2324.658	2319.059	2324.216
2320.385	2318.911	2318.027	2321.269	2320.090	2322.301	2344.404	2381.095	2333.057	2325.100	2323.185	2324.511	2323.332	2317.733	2323.037
2320.090	2322.743	2318.027	2324.216	2322.743	2324.216	2348.088	2381.537	2333.352	2327.458	2325.395	2325.100	2325.837	2316.849	2326.574
2320.827	2321.564	2317.438	2325.542	2321.269	2323.922	2346.467	2380.948	2333.057	2325.395	2327.163	2322.890	2323.774	2319.501	2323.627
2321.417	2323.774	2320.974	2326.869	2325.542	2327.016	2348.972	2383.895	2335.415	2324.806	2326.279	2323.627	2327.605	2322.448	2327.311
2319.354	2317.880	2317.733	2323.185	2324.364	2324.511	2344.846	2381.979	2329.963	2323.627	2324.069	2320.090	2322.448	2320.238	2323.037
2321.564	2319.354	2319.648	2324.069	2325.248	2323.922	2346.467	2380.358	2331.584	2320.827	2324.069	2321.859	2324.658	2322.301	2325.837
2319.501	2317.733	2319.059	2320.827	2323.627	2325.542	2346.025	2379.179	2330.847	2318.617	2323.332	2317.880	2321.417	2320.238	2322.153
2322.595	2319.796	2319.206	2322.890	2327.016	2325.542	2347.056	2377.264	2332.468	2318.764	2325.837	2321.417	2322.301	2322.301	2323.922
2319.354	2316.996	2317.143	2317.438	2322.890	2323.922	2342.783	2373.727	2331.142	2313.754	2323.332	2320.238	2318.027	2320.238	2317.143
2319.354	2317.438	2318.175	2318.027	2324.069	2323.185	2341.604	2371.812	2330.700	2315.670	2322.153	2321.564	2318.764	2320.238	2318.617
2318.911	2318.027	2318.764	2317.291	2321.564	2322.595	2340.130	2368.865	2329.816	2316.554	2323.037	2321.859	2316.554	2317.438	2317.733
2320.532	2323.037	2321.711	2322.006	2325.837	2322.153	2340.867	2371.517	2333.942	2316.849	2323.774	2323.479	2321.122	2322.448	2322.448
2320.090	2321.417	2321.417	2320.385	2324.511	2322.153	2336.741	2366.507	2330.258	2319.648	2322.448	2324.216	2319.059	2319.354	2320.532
2320.532	2325.100	2324.658	2323.332	2325.837	2322.153	2335.710	2366.654	2333.057	2322.153	2323.332	2328.047	2323.185	2321.564	2323.922
2318.911	2321.269	2321.269	2320.827	2319.796	2321.564	2330.405	2359.139	2328.932	2321.417	2322.153	2324.511	2321.269	2318.175	2321.564
2319.648	2321.859	2322.006	2324.364	2323.037	2321.269	2332.468	2357.960	2330.552	2325.100	2321.859	2324.069	2325.395	2318.175	2325.248
2320.385	2318.322	2318.469	2321.122	2320.385	2320.827	2330.258	2352.508	2326.279	2322.595	2319.943	2323.922	2323.922	2317.143	2324.953
2319.648	2317.143	2318.027	2322.301	2323.479	2320.827	2330.995	2348.972	2325.248	2324.658	2320.532	2322.595	2323.627	2318.764	2325.395
2316.996	2312.133	2314.638	2317.291	2318.764	2320.827	2328.784	2341.751	2320.238	2322.153	2319.943	2320.532	2321.711	2314.344	2323.037
2319.206	2316.112	2316.259	2320.532	2322.595	2324.216	2331.289	2344.404	2325.100	2324.069	2322.153	2320.090	2323.774	2320.090	2324.069
2320.238	2314.786	2314.049	2320.532	2322.448	2322.595	2331.584	2338.952	2322.301	2323.037	2322.595	2318.911	2323.185	2319.354	2323.037
2320.090	2317.880	2317.585	2324.069	2327.016	2325.395	2335.120	2342.193	2325.690	2324.216	2323.774	2320.385	2324.364	2322.448	2323.922
2318.911	2316.849	2316.996	2322.301	2324.806	2323.922	2332.763	2339.541	2322.595	2324.511	2323.479	2319.206	2322.743	2320.974	2320.680
2318.469	2321.269	2318.617	2325.248	2326.132	2326.427	2335.857	2341.015	2326.279	2323.627	2326.279	2320.090	2323.774	2320.974	2320.090
2317.880	2320.532	2316.406	2324.216	2322.890	2323.922	2332.321	2339.099	2325.395	2322.890	2324.364	2320.090	2322.301	2319.648	2316.112
2321.859	2322.890	2320.090	2324.364	2323.479	2327.458	2334.826	2339.688	2327.311	2323.185	2326.574	2320.532	2322.301	2322.301	2317.143
2318.617	2318.175	2316.996	2320.680	2320.680	2321.269	2329.374	2334.089	2322.890	2321.417	2322.006	2317.438	2319.796	2317.143	2315.080
2318.911	2318.322	2319.059	2319.943	2320.090	2321.711	2329.963	2335.415	2324.364	2321.269	2322.006	2318.911	2319.501	2316.996	2316.406
2317.733	2318.764	2317.880	2314.786	2315.817	2317.438	2326.279	2331.731	2322.006	2318.617	2318.764	2317.880	2316.849	2314.196	2314.049
2318.617	2319.206	2319.206	2317.143	2317.291	2319.354	2329.521	2333.500	2326.279	2317.880	2318.911	2322.448	2318.027	2319.501	2318.617
2318.617	2318.911	2318.027	2314.049	2314.049	2315.228	2325.100	2329.963	2321.711	2318.027	2316.259	2320.385	2316.701	2315.670	2319.059
2318.027	2319.943	2318.469	2315.080	2315.964	2317.585	2327.605	2333.352	2325.395	2318.469	2316.259	2322.743	2317.733	2318.911	2322.743
2314.638	2319.059	2315.522	2315.080	2314.638	2313.754	2323.922	2329.374	2321.417	2318.469	2313.901	2319.354	2316.554	2313.901	2321.859
2316.996	2321.417	2317.438	2317.880	2316.996	2319.206	2330.405	2331.879	2323.774	2319.943	2318.764	2323.627	2318.764	2317.291	2325.690
2314.344	2318.322	2313.901	2316.112	2316.849	2316.554	2326.427	2329.226	2319.206	2316.996	2316.554	2319.648	2316.112	2314.049	2321.269
2315.670	2315.670	2312.281	2318.175	2319.796	2318.322	2327.311	2331.437	2318.322	2318.764	2318.175	2318.764	2318.322	2315.670	2322.743
2314.344	2313.901	2310.954	2316.701	2318.617	2316.554	2324.069	2328.342	2314.344	2318.322	2317.733	2315.964	2316.406	2311.839	2318.764
2314.491	2313.459	2313.165	2319.206	2321.269	2319.943	2326.132	2330.995	2318.322	2319.796	2320.827	2316.554	2318.764	2314.786	2317.143
2316.259	2314.049	2314.049	2318.617	2320.090	2319.648	2326.279	2328.047	2315.375	2319.354	2321.859	2316.112	2318.764	2311.986	2316.554
2321.269	2316.259	2317.585	2323.185	2324.658	2323.037	2330.405	2334.089	2320.974	2320.680	2325.837	2321.269	2322.595	2317.291	2318.617
2318.469	2313.901	2316.259	2320.090	2321.711	2319.943	2326.574	2331.731	2318.764	2319.206	2324.658	2319.059	2317.733	2315.080	2314.344
2322.153	2318.027	2319.943	2321.859	2324.658	2322.890	2328.784	2334.236	2322.301	2321.711	2327.163	2322.448	2322.006	2320.827	2317.438
2320.532	2318.911	2320.532	2320.532	2324.069	2322.006	2327.753	2332.173	2322.595	2322.448	2325.542	2323.037	2319.501	2320.090	2315.964
2325.100	2320.974	2321.564	2320.238	2323.479	2323.479	2327.016	2332.763	2323.479	2320.974	2324.806	2322.595	2318.911	2319.796	2317.880
2320.238	2317.733	2317.733	2316.849	2320.680	2319.796	2323.332	2329.374	2321.711	2320.974	2324.511	2320.680	2316.554	2318.322	2319.354
2321.711	2316.259	2321.122	2316.259	2320.680	2320.827	2324.953	2328.195	2323.332	2318.469	2322.448	2320.532	2314.491	2319.943	2318.175
2313.459	2313.165	2315.228	2309.481	2314.638	2313.754	2318.322	2321.122	2318.911	2315.228	2318.027	2315.375	2311.102	2314.491	2313.165
2315.228	2315.375	2319.501	2313.017	2316.554	2318.027	2320.385	2323.185	2323.037	2316.849	2316.112	2317.880	2314.786	2315.964	2315.522
2311.396	2314.196	2314.491	2312.575	2312.575	2314.786	2318.764	2322.153	2319.059	2316.259	2313.312	2315.670	2311.249	2312.281	2315.228
2313.459	2315.375	2317.143	2316.406	2316.112	2319.501	2322.743	2325.100	2323.185	2318.175	2317.880	2320.532	2316.701	2314.933	2320.090
2320.827	2316.701	2339.394	2332.173	2323.922	2340.425	2331.142	2332.173	2339.394	2332.173	2313.607	2331.142	2323.922	2320.827	2324.953
2305.355	2322.890	2297.103	2315.670	2310.512	2306.386	2316.701	2333.205	2304.323	2315.670	2306.386	2315.670	2311.544	2314.638	2317.733
2329.079	2324.953	2336.299	2335.268	2347.646	2343.520	2343.520	2344.551	2345.583	2339.394	2346.614	2347.646	2341.457	2331.142	2344.551
