2342.488	2353.834	2343.520	2333.205	2334.236	2346.614	2393.031	2414.692	2372.401	2345.583	2330.110	2344.551	2328.047	2334.236	2336.299
2343.520	2337.331	2346.614	2347.646	2348.677	2358.992	2402.314	2416.755	2386.842	2348.677	2367.244	2355.897	2362.086	2348.677	2346.614
2355.897	2367.244	2360.023	2353.834	2356.929	2360.023	2415.723	2454.919	2393.031	2352.803	2341.457	2333.205	2342.488	2364.149	2353.834
2347.646	2350.003	2349.414	2346.614	2350.445	2355.161	2403.935	2430.164	2389.494	2350.445	2348.824	2344.846	2345.141	2348.235	2347.646
2344.404	2346.909	2350.740	2346.909	2351.771	2356.192	2403.640	2431.932	2391.852	2350.003	2350.151	2342.341	2346.467	2349.709	2348.382
2346.025	2348.530	2350.151	2346.761	2353.982	2355.013	2404.082	2435.911	2393.325	2350.740	2348.530	2342.636	2345.583	2350.003	2350.151
2342.930	2346.025	2348.824	2347.203	2353.098	2352.656	2402.167	2435.027	2395.094	2351.477	2350.003	2344.256	2346.909	2346.909	2349.414
2344.846	2347.646	2347.498	2345.141	2351.771	2351.329	2400.251	2437.826	2397.157	2348.824	2347.646	2344.109	2346.319	2348.382	2350.003
2344.256	2348.382	2350.740	2349.266	2353.687	2351.477	2402.756	2441.068	2400.546	2351.771	2350.887	2347.646	2348.382	2349.709	2350.298
2343.962	2349.561	2348.824	2347.940	2352.214	2349.856	2405.850	2444.899	2402.903	2349.856	2350.003	2349.266	2348.972	2351.771	2351.624
2343.225	2350.151	2350.887	2349.414	2350.740	2352.508	2407.177	2449.909	2405.998	2349.856	2350.740	2349.266	2349.856	2349.561	2349.119
2348.677	2354.129	2351.329	2350.298	2354.866	2353.392	2412.776	2457.719	2409.534	2350.003	2353.245	2352.950	2351.477	2352.361	2351.182
2348.382	2356.339	2353.834	2350.445	2352.803	2355.308	2417.197	2463.466	2411.597	2349.119	2353.098	2353.245	2349.709	2352.214	2349.856
2349.414	2356.487	2353.540	2348.382	2351.771	2355.897	2420.291	2464.055	2412.776	2347.498	2355.161	2353.540	2349.561	2351.329	2348.088
2348.824	2358.402	2356.782	2351.771	2354.571	2359.287	2426.185	2471.423	2415.134	2352.066	2355.161	2355.603	2351.035	2351.329	2348.530
2351.035	2361.349	2357.518	2350.593	2354.719	2362.381	2430.459	2475.844	2416.607	2351.771	2357.813	2355.455	2351.182	2353.540	2350.593
2352.656	2359.287	2358.697	2352.214	2355.750	2362.381	2432.079	2480.559	2417.639	2353.245	2355.750	2357.960	2351.329	2352.950	2350.151
2353.540	2359.729	2355.603	2350.445	2357.224	2362.234	2433.406	2481.296	2417.491	2352.803	2356.339	2354.129	2348.530	2353.540	2352.066
2351.477	2357.371	2357.666	2352.214	2355.455	2361.644	2433.995	2481.296	2420.733	2355.161	2354.276	2355.161	2351.182	2351.329	2351.624
2349.561	2354.719	2355.013	2352.361	2356.782	2359.581	2432.669	2481.148	2420.881	2355.455	2353.540	2351.624	2350.887	2351.771	2351.329
2352.656	2355.897	2356.339	2354.424	2358.550	2360.465	2435.321	2488.369	2423.238	2356.339	2351.919	2350.151	2350.445	2353.982	2353.392
2348.824	2352.803	2353.392	2353.540	2356.339	2356.634	2432.964	2486.748	2422.796	2353.687	2351.919	2347.793	2350.298	2352.508	2352.361
2348.530	2349.266	2349.856	2351.329	2354.276	2353.687	2432.227	2489.400	2422.207	2352.066	2347.646	2344.551	2348.972	2349.119	2350.887
2346.467	2350.887	2349.119	2350.298	2353.098	2352.214	2431.490	2490.137	2422.059	2351.624	2349.561	2343.372	2348.824	2349.856	2350.003
2346.761	2350.593	2350.887	2351.771	2353.540	2353.687	2435.027	2494.263	2424.417	2352.214	2349.266	2346.761	2350.445	2350.151	2349.856
2346.614	2352.803	2349.119	2350.887	2354.276	2353.687	2435.616	2498.389	2423.533	2350.887	2352.066	2346.467	2349.414	2352.066	2352.950
2347.056	2353.982	2352.361	2353.540	2352.950	2357.666	2440.626	2503.841	2428.101	2353.392	2353.245	2349.414	2351.919	2350.593	2351.477
2343.667	2352.361	2351.919	2351.477	2352.361	2357.224	2437.974	2502.367	2426.922	2351.771	2352.508	2350.740	2351.624	2351.919	2352.508
2343.962	2352.508	2350.740	2352.214	2350.298	2356.782	2437.237	2500.599	2426.480	2353.687	2349.561	2350.003	2351.182	2348.235	2349.561
2341.751	2351.624	2352.066	2350.593	2350.298	2357.666	2436.500	2497.799	2425.449	2351.477	2350.593	2350.887	2350.887	2351.035	2348.824
2342.046	2352.066	2351.624	2350.445	2349.709	2358.550	2438.121	2499.862	2427.364	2350.593	2348.382	2349.119	2348.677	2347.056	2347.498
2340.278	2350.151	2351.329	2347.793	2348.235	2355.897	2434.584	2496.326	2423.238	2348.382	2347.056	2347.056	2346.467	2346.172	2344.698
2340.278	2349.119	2350.151	2347.940	2346.467	2355.161	2433.700	2496.473	2422.796	2348.677	2344.109	2345.730	2343.667	2344.109	2341.457
2341.015	2350.593	2347.940	2345.141	2347.351	2351.919	2430.459	2491.758	2418.376	2345.877	2345.435	2342.193	2341.162	2345.877	2342.930
2343.078	2351.035	2350.593	2347.056	2348.530	2353.687	2433.258	2491.168	2419.260	2348.677	2345.583	2344.993	2341.604	2344.109	2342.193
2343.667	2349.856	2349.856	2344.698	2350.593	2354.276	2434.584	2490.874	2417.491	2345.877	2346.614	2343.372	2339.099	2346.319	2343.078
2344.256	2347.940	2349.266	2346.614	2349.709	2353.834	2434.290	2491.611	2417.491	2347.940	2345.435	2344.846	2336.741	2344.404	2343.962
2343.962	2347.203	2347.646	2346.909	2350.740	2352.508	2432.374	2490.137	2415.281	2348.972	2346.025	2343.814	2339.541	2346.319	2344.404
2345.288	2348.088	2348.677	2348.824	2351.919	2354.719	2437.679	2496.473	2421.765	2351.624	2347.646	2346.614	2341.457	2348.530	2348.088
2341.604	2345.141	2345.288	2346.319	2349.561	2351.329	2435.469	2496.031	2420.586	2348.824	2345.877	2342.783	2339.688	2347.351	2344.846
2341.604	2342.636	2345.141	2346.467	2347.351	2352.214	2437.974	2498.978	2423.091	2349.119	2343.225	2344.404	2340.720	2346.467	2345.141
2337.625	2341.899	2340.720	2342.193	2347.351	2348.382	2434.584	2500.894	2422.649	2346.025	2342.341	2341.457	2339.836	2343.962	2344.109
2339.983	2343.372	2344.698	2342.341	2346.761	2351.771	2437.974	2506.051	2426.775	2348.382	2344.698	2344.551	2341.751	2344.109	2346.319
2339.099	2344.698	2345.435	2341.604	2350.151	2351.035	2438.416	2510.914	2429.574	2346.614	2346.172	2343.962	2343.814	2344.404	2345.435
2338.804	2344.404	2347.056	2341.162	2348.088	2350.740	2441.363	2515.040	2431.195	2348.235	2347.056	2344.256	2341.604	2342.193	2347.646
2336.005	2342.783	2343.814	2337.036	2347.203	2346.761	2437.826	2514.156	2427.659	2343.372	2344.109	2341.015	2342.341	2340.720	2343.225
2339.541	2344.698	2347.351	2337.773	2347.940	2351.182	2441.952	2515.924	2428.101	2344.256	2347.498	2344.256	2342.488	2339.688	2347.203
2337.478	2343.962	2346.909	2336.447	2347.793	2348.088	2439.300	2516.808	2428.690	2341.899	2343.814	2343.814	2342.636	2338.362	2343.520
2339.394	2343.667	2348.382	2339.541	2348.088	2350.887	2443.131	2522.113	2427.806	2341.457	2344.698	2344.109	2341.162	2340.278	2343.814
2339.246	2346.467	2346.909	2341.457	2351.035	2350.151	2443.868	2521.523	2430.901	2342.341	2343.372	2343.520	2341.751	2341.751	2343.520
2338.510	2343.962	2346.614	2340.425	2346.909	2350.151	2445.931	2521.671	2427.954	2342.488	2341.751	2344.256	2339.541	2341.309	2343.225
2337.183	2343.814	2342.341	2338.952	2346.467	2348.530	2443.573	2514.598	2425.301	2337.920	2337.625	2340.720	2337.478	2341.162	2338.215
2339.541	2343.225	2345.583	2342.193	2347.056	2351.771	2444.457	2513.124	2424.417	2341.309	2339.099	2343.372	2336.594	2340.573	2341.457
2339.099	2344.698	2342.341	2342.930	2347.056	2350.298	2444.752	2513.124	2423.975	2341.457	2337.773	2340.425	2337.625	2341.604	2338.068
2340.720	2343.225	2342.193	2343.225	2347.646	2352.803	2444.605	2512.387	2422.501	2342.193	2341.309	2341.309	2336.299	2342.046	2340.867
2340.867	2340.573	2338.215	2338.804	2343.962	2351.035	2442.247	2507.967	2421.175	2340.720	2336.594	2337.478	2334.678	2339.541	2338.804
2337.183	2335.415	2338.068	2338.952	2339.246	2345.877	2437.826	2508.114	2415.870	2337.478	2336.005	2336.447	2333.500	2337.920	2337.036
2339.246	2335.710	2336.594	2336.447	2342.193	2346.761	2435.174	2503.251	2415.134	2337.036	2336.005	2333.500	2333.794	2336.594	2338.952
2340.278	2336.152	2340.425	2340.720	2342.341	2347.646	2435.616	2507.525	2416.755	2339.983	2339.983	2337.478	2336.741	2337.920	2341.015
2339.541	2337.036	2337.920	2336.889	2341.457	2345.288	2435.027	2506.051	2416.165	2338.362	2338.362	2333.942	2334.973	2339.541	2338.952
2339.394	2336.299	2342.193	2337.773	2341.015	2345.730	2433.995	2503.251	2416.165	2338.510	2339.394	2337.478	2336.889	2338.215	2339.836
2338.804	2338.657	2343.078	2337.036	2340.867	2344.109	2433.258	2503.694	2416.165	2341.899	2341.751	2338.362	2337.331	2340.278	2339.983
2337.478	2341.899	2346.761	2340.278	2342.341	2344.256	2433.848	2503.104	2416.902	2342.046	2342.930	2342.341	2340.720	2339.394	2339.983
2338.362	2342.341	2346.025	2337.331	2342.636	2346.172	2434.879	2503.399	2417.049	2342.046	2343.225	2341.751	2340.425	2338.657	2342.193
2335.710	2342.193	2345.141	2338.657	2340.278	2344.256	2434.584	2505.462	2417.197	2340.573	2340.425	2341.162	2339.394	2337.036	2339.246
2336.005	2340.425	2345.730	2333.942	2341.015	2344.698	2433.700	2503.988	2416.165	2339.541	2337.331	2341.015	2336.594	2334.531	2338.362
2336.005	2340.720	2343.814	2336.594	2339.688	2344.698	2431.637	2505.314	2414.544	2337.920	2337.183	2340.130	2335.710	2333.352	2339.394
2333.942	2336.447	2341.015	2334.236	2338.510	2342.193	2428.543	2500.894	2414.102	2335.415	2332.321	2337.773	2332.026	2332.763	2338.362
2333.647	2334.089	2337.478	2334.384	2338.362	2342.636	2428.248	2499.862	2411.303	2332.173	2329.079	2333.942	2329.668	2329.521	2337.036
2334.089	2330.847	2336.889	2333.205	2337.478	2343.225	2426.038	2495.736	2409.387	2334.236	2330.995	2332.763	2327.311	2332.026	2337.625
2335.857	2334.089	2337.036	2334.384	2341.015	2344.846	2425.301	2497.063	2409.976	2334.531	2332.468	2333.500	2329.079	2333.647	2336.447
2333.942	2332.173	2335.710	2333.352	2340.130	2344.256	2425.301	2493.526	2408.798	2334.678	2332.763	2332.026	2328.490	2333.942	2336.447
2332.615	2334.531	2333.942	2336.005	2339.246	2344.404	2424.417	2497.063	2408.503	2333.942	2334.236	2330.995	2329.226	2334.826	2337.331
2333.647	2332.173	2335.857	2332.615	2339.688	2345.583	2423.828	2494.410	2409.240	2335.563	2334.236	2332.615	2330.258	2333.500	2336.005
2332.615	2333.205	2334.384	2331.879	2342.341	2344.846	2423.091	2496.473	2407.471	2336.889	2336.594	2331.879	2331.289	2335.268	2336.152
2332.468	2333.500	2335.120	2329.668	2340.278	2343.520	2420.438	2495.000	2408.798	2336.447	2335.120	2332.468	2332.173	2334.531	2334.384
2331.142	2336.447	2334.826	2329.521	2342.488	2342.783	2423.386	2500.304	2411.892	2337.036	2335.563	2333.057	2334.089	2334.678	2336.447
2327.900	2332.910	2334.236	2328.047	2337.478	2338.952	2423.975	2499.715	2411.303	2336.447	2334.236	2332.615	2332.026	2331.142	2333.205
2328.932	2334.678	2337.478	2328.784	2338.804	2339.836	2424.270	2504.283	2413.513	2337.625	2337.036	2335.710	2332.321	2334.531	2334.678
2327.900	2332.173	2337.478	2325.837	2337.331	2337.920	2426.185	2503.546	2413.218	2336.594	2334.973	2335.415	2332.026	2333.205	2332.321
2327.163	2334.384	2338.215	2328.342	2336.005	2337.920	2429.132	2510.324	2415.576	2339.394	2337.183	2337.183	2331.584	2335.710	2334.531
2330.552	2336.152	2339.836	2329.668	2333.352	2340.720	2431.343	2515.187	2416.460	2338.362	2336.005	2338.215	2330.847	2333.794	2334.826
2331.142	2337.773	2341.604	2332.026	2335.415	2342.636	2435.174	2518.576	2420.733	2341.604	2339.688	2339.246	2334.089	2336.741	2337.920
2333.205	2338.510	2342.046	2334.089	2333.794	2343.078	2434.290	2519.166	2418.228	2340.278	2338.068	2338.952	2333.205	2335.710	2337.625
2334.973	2338.952	2341.457	2334.384	2336.741	2344.993	2434.437	2518.724	2419.407	2340.130	2336.741	2338.510	2333.057	2337.625	2339.246
2335.563	2338.952	2338.804	2334.973	2334.973	2344.256	2434.142	2517.103	2417.197	2338.362	2333.500	2334.973	2333.205	2336.005	2337.478
2339.541	2339.688	2338.657	2338.068	2338.510	2347.498	2434.732	2516.513	2421.028	2339.836	2336.889	2337.036	2335.563	2339.541	2341.162
2338.952	2339.541	2337.478	2337.625	2339.394	2346.319	2431.785	2514.745	2418.670	2337.478	2335.563	2335.563	2336.152	2336.299	2340.573
2338.510	2338.068	2337.625	2340.278	2340.720	2346.172	2432.522	2509.882	2418.523	2340.720	2337.625	2335.710	2337.773	2337.920	2341.309
2338.510	2336.594	2337.331	2338.362	2340.425	2345.583	2426.627	2507.672	2412.481	2337.625	2334.384	2336.152	2335.563	2336.005	2340.720
2339.688	2335.710	2337.036	2340.278	2340.720	2348.088	2426.185	2504.872	2415.281	2339.394	2336.594	2337.478	2337.773	2338.657	2341.751
2338.657	2335.415	2338.068	2338.362	2338.362	2346.467	2421.028	2499.420	2411.745	2339.541	2337.183	2337.920	2338.068	2337.773	2339.836
2337.773	2336.152	2339.541	2338.657	2341.457	2347.056	2417.491	2495.736	2410.418	2342.193	2339.541	2340.425	2339.246	2336.741	2341.899
2334.826	2334.973	2339.836	2335.268	2337.331	2343.814	2411.008	2489.695	2404.230	2342.783	2338.215	2338.657	2338.657	2334.973	2338.804
2335.120	2333.647	2340.573	2334.678	2339.246	2343.078	2408.355	2482.475	2403.640	2343.078	2337.478	2339.394	2338.215	2334.089	2338.804
2333.205	2334.826	2338.215	2331.879	2336.299	2341.751	2403.787	2481.148	2401.135	2340.573	2337.773	2339.688	2336.005	2334.089	2335.857
2334.531	2335.268	2339.246	2333.057	2337.478	2339.099	2406.145	2477.612	2399.809	2342.193	2336.741	2340.278	2333.942	2332.173	2335.710
2331.731	2333.942	2335.710	2329.374	2333.794	2336.152	2401.577	2472.602	2395.094	2338.510	2333.647	2336.741	2331.584	2329.374	2331.879
2333.205	2335.563	2336.152	2333.205	2336.594	2339.246	2402.609	2471.865	2395.978	2340.720	2334.089	2338.510	2331.731	2331.142	2336.005
2333.352	2334.973	2335.415	2333.057	2334.531	2338.804	2402.756	2472.160	2394.209	2338.362	2335.563	2336.741	2330.258	2330.110	2335.120
2334.384	2336.447	2333.647	2335.563	2338.215	2341.015	2404.524	2473.486	2396.714	2338.952	2335.415	2336.889	2329.963	2330.847	2337.331
2334.089	2335.710	2334.384	2336.299	2336.005	2341.899	2404.377	2473.044	2392.589	2335.857	2337.036	2333.942	2329.226	2332.173	2335.563
2337.331	2335.857	2336.152	2337.036	2338.804	2342.783	2403.935	2471.128	2393.178	2337.036	2335.710	2334.236	2332.026	2333.057	2339.394
2333.942	2332.910	2332.763	2335.563	2335.415	2342.930	2399.219	2466.855	2390.084	2333.794	2335.120	2330.847	2332.321	2333.500	2338.068
2335.857	2336.299	2336.741	2337.773	2339.983	2344.551	2402.903	2469.360	2390.084	2338.510	2338.657	2333.794	2333.647	2335.415	2340.573
2334.678	2332.910	2335.563	2333.352	2338.068	2342.930	2399.809	2468.181	2386.989	2334.236	2337.625	2331.289	2332.910	2333.794	2337.036
2336.005	2332.763	2337.183	2332.763	2336.889	2343.814	2399.809	2469.655	2389.494	2336.005	2336.005	2333.205	2335.120	2335.563	2334.826
2335.120	2330.700	2338.804	2331.437	2334.973	2343.962	2398.041	2469.949	2386.842	2333.794	2335.710	2332.468	2332.763	2335.120	2335.268
2334.973	2332.615	2339.099	2330.110	2334.531	2342.341	2396.125	2469.213	2388.168	2337.625	2334.678	2334.531	2333.647	2335.120	2333.942
2331.437	2331.731	2338.952	2329.374	2332.468	2343.962	2397.157	2470.686	2386.989	2336.889	2335.710	2334.531	2331.731	2333.942	2334.678
2334.384	2334.384	2340.130	2329.374	2333.500	2343.667	2398.335	2472.602	2388.905	2338.804	2336.594	2336.594	2332.615	2336.889	2333.500
2331.731	2331.584	2338.804	2327.163	2330.405	2344.109	2395.388	2473.044	2389.936	2335.710	2335.415	2335.710	2331.289	2333.647	2333.057
2334.384	2335.857	2339.836	2328.784	2331.289	2343.520	2399.956	2475.844	2391.852	2337.920	2337.478	2338.215	2331.731	2337.478	2334.826
2332.321	2336.005	2337.625	2328.047	2331.437	2342.193	2399.809	2476.138	2391.410	2336.889	2335.563	2336.299	2333.352	2336.152	2336.005
2333.205	2337.920	2334.973	2328.490	2331.289	2341.162	2400.840	2474.812	2391.410	2337.036	2335.563	2337.036	2333.057	2335.857	2334.973
2332.026	2336.152	2332.468	2329.816	2332.026	2340.573	2403.493	2476.875	2393.767	2333.057	2333.500	2334.826	2334.089	2333.647	2336.889
2332.321	2336.447	2331.289	2329.079	2334.236	2339.688	2403.640	2479.233	2391.852	2333.500	2331.142	2332.321	2334.236	2332.321	2333.057
2329.079	2337.625	2330.110	2330.258	2334.973	2341.309	2406.292	2480.559	2391.999	2330.995	2330.258	2333.352	2333.057	2331.289	2334.384
2329.521	2333.500	2328.932	2329.963	2334.678	2336.741	2404.966	2477.612	2387.284	2330.700	2327.900	2329.816	2329.963	2331.584	2332.321
2326.427	2331.879	2327.163	2331.584	2334.973	2337.773	2402.167	2475.991	2383.158	2330.847	2327.016	2328.637	2329.226	2328.047	2332.468
2327.605	2330.110	2328.490	2332.910	2334.384	2337.478	2400.988	2469.507	2381.979	2331.437	2329.079	2328.932	2327.311	2329.079	2332.615
2326.279	2327.311	2329.226	2332.173	2333.942	2336.152	2398.483	2468.329	2378.295	2331.142	2328.342	2327.163	2328.047	2328.637	2330.552
2328.342	2330.405	2331.437	2332.173	2334.678	2338.952	2395.683	2466.855	2378.590	2334.973	2330.847	2329.668	2328.195	2331.731	2333.352
2328.932	2328.490	2330.405	2333.205	2332.173	2336.889	2394.799	2463.024	2378.590	2333.500	2331.584	2330.995	2328.047	2332.026	2332.026
2329.521	2327.458	2331.142	2332.615	2333.794	2336.889	2390.378	2459.340	2376.674	2336.299	2333.057	2330.405	2328.932	2331.731	2332.026
2330.552	2330.700	2330.847	2334.089	2332.321	2338.362	2389.641	2456.540	2378.148	2336.447	2333.500	2332.321	2331.731	2333.205	2330.405
2331.289	2329.668	2332.173	2330.700	2334.089	2338.362	2388.905	2455.067	2380.358	2336.447	2333.500	2331.879	2332.615	2333.352	2329.668
2332.763	2331.142	2332.173	2330.700	2332.910	2338.362	2387.136	2458.751	2380.653	2336.594	2332.321	2333.647	2332.321	2333.205	2327.458
2333.942	2333.647	2333.942	2330.405	2334.531	2341.015	2388.315	2460.224	2383.011	2338.804	2333.057	2334.678	2333.647	2334.826	2328.047
2332.173	2334.384	2334.089	2332.763	2333.794	2339.541	2391.410	2465.824	2383.747	2338.362	2332.173	2336.152	2334.236	2335.563	2327.458
2333.647	2337.625	2336.299	2334.089	2335.563	2342.783	2391.410	2468.329	2387.284	2340.573	2334.531	2336.447	2334.826	2337.478	2331.289
2332.763	2337.625	2337.183	2334.826	2333.794	2341.015	2395.978	2475.402	2390.820	2337.920	2332.615	2338.068	2335.857	2335.415	2331.142
2331.437	2338.510	2337.625	2333.942	2337.331	2340.867	2399.956	2485.422	2394.357	2339.099	2336.005	2337.773	2335.415	2338.952	2334.089
2331.584	2339.541	2336.889	2336.447	2334.384	2339.246	2402.903	2491.758	2396.272	2336.594	2333.647	2338.068	2334.973	2337.183	2332.321
2330.700	2341.899	2336.447	2337.625	2338.068	2339.688	2408.798	2497.947	2402.019	2339.541	2335.268	2337.183	2334.236	2339.983	2336.594
2330.995	2339.099	2336.889	2339.246	2338.215	2339.099	2412.039	2499.715	2402.019	2337.625	2335.120	2337.773	2336.741	2337.625	2337.331
2332.763	2336.889	2335.268	2339.541	2339.541	2341.457	2414.397	2503.399	2404.082	2337.331	2336.447	2336.152	2334.236	2336.005	2337.036
2330.700	2334.384	2334.678	2337.331	2339.541	2338.215	2416.313	2505.462	2402.019	2335.710	2334.531	2333.942	2335.563	2334.531	2334.384
2331.437	2333.352	2334.826	2338.804	2340.278	2338.804	2414.986	2505.462	2400.251	2337.920	2336.741	2332.321	2334.236	2335.563	2333.647
2331.584	2333.794	2334.973	2335.563	2339.246	2339.099	2410.566	2497.799	2396.714	2336.152	2333.942	2332.615	2334.236	2330.405	2331.289
2331.289	2332.321	2334.384	2336.005	2339.541	2339.983	2407.913	2494.705	2393.325	2337.036	2335.563	2331.289	2334.089	2331.731	2332.173
2329.963	2329.816	2333.794	2332.615	2335.857	2340.130	2402.756	2486.158	2387.431	2334.089	2334.384	2330.995	2334.384	2328.637	2327.753
2330.405	2332.026	2333.500	2330.995	2338.510	2339.394	2398.483	2481.885	2388.168	2335.120	2335.563	2331.289	2331.879	2330.258	2329.374
2328.932	2331.879	2333.647	2328.342	2334.531	2337.331	2395.978	2471.423	2382.274	2334.236	2333.647	2330.110	2331.731	2329.816	2326.574
2329.668	2333.057	2333.352	2327.605	2336.005	2338.510	2392.441	2468.181	2381.979	2335.268	2333.205	2331.289	2330.552	2329.521	2327.605
2328.932	2334.089	2331.142	2325.690	2332.615	2336.889	2390.231	2463.466	2381.537	2334.384	2332.763	2330.110	2330.405	2328.932	2327.458
2329.079	2333.942	2330.700	2329.816	2334.236	2339.688	2391.999	2464.203	2383.453	2333.942	2332.615	2332.173	2332.026	2331.584	2328.784
2331.437	2334.973	2331.142	2329.226	2333.057	2337.920	2392.294	2460.224	2382.863	2335.415	2334.826	2331.879	2332.468	2331.879	2328.342
2331.437	2337.331	2332.173	2331.731	2335.415	2341.457	2393.178	2462.287	2383.158	2334.384	2334.236	2333.647	2333.057	2332.026	2331.437
2329.963	2335.857	2330.995	2330.258	2330.552	2337.183	2391.704	2459.929	2379.916	2330.995	2333.794	2333.057	2330.110	2327.605	2327.163
2329.226	2337.625	2330.700	2331.879	2334.236	2337.773	2390.378	2462.729	2382.716	2330.847	2333.794	2333.500	2330.995	2329.226	2328.932
2329.079	2338.657	2332.763	2332.910	2331.142	2335.415	2389.199	2459.782	2381.832	2328.047	2334.678	2336.005	2329.521	2327.900	2328.490
2328.784	2339.099	2334.236	2333.794	2333.647	2338.068	2390.231	2460.961	2379.769	2328.932	2334.531	2334.973	2328.342	2331.584	2329.816
2328.637	2338.068	2336.299	2333.205	2332.468	2336.299	2389.052	2461.845	2380.653	2330.700	2334.973	2335.563	2326.279	2329.079	2329.668
2326.869	2338.068	2337.036	2332.763	2335.415	2339.836	2389.936	2463.466	2381.537	2331.584	2333.942	2335.710	2325.542	2329.374	2330.405
2328.490	2338.215	2336.594	2331.289	2335.563	2335.857	2388.610	2461.550	2382.568	2332.763	2335.268	2335.563	2324.806	2329.226	2332.321
2327.016	2338.510	2336.594	2333.794	2337.478	2338.510	2389.347	2463.319	2382.716	2334.826	2334.531	2334.678	2326.869	2332.468	2332.615
2326.132	2336.152	2335.268	2328.932	2334.826	2336.152	2388.905	2459.929	2379.179	2333.794	2333.352	2333.500	2324.953	2329.226	2331.142
2325.837	2333.647	2334.236	2328.195	2334.236	2337.331	2388.463	2462.876	2378.737	2336.005	2333.647	2332.615	2325.395	2331.584	2329.816
2327.311	2333.352	2334.531	2326.427	2332.468	2337.331	2389.199	2461.403	2379.621	2335.710	2333.942	2334.384	2326.574	2327.900	2329.521
2327.753	2334.384	2332.763	2326.279	2330.995	2336.005	2387.284	2460.666	2377.706	2335.563	2334.678	2331.731	2328.047	2328.490	2327.753
2326.574	2334.089	2331.731	2324.364	2327.458	2332.468	2384.484	2460.077	2378.000	2332.910	2333.500	2330.847	2328.490	2327.311	2327.163
2326.721	2333.352	2332.173	2325.837	2330.258	2334.678	2386.105	2461.698	2376.085	2331.289	2334.236	2330.995	2329.816	2328.490	2325.248
2327.311	2333.794	2331.731	2324.216	2327.753	2333.942	2385.221	2461.108	2375.495	2331.731	2332.468	2331.584	2328.932	2328.637	2326.279
2328.932	2336.005	2337.036	2329.668	2329.816	2337.478	2385.810	2462.876	2376.085	2333.057	2333.352	2334.089	2332.321	2332.615	2327.753
2332.173	2337.183	2334.531	2329.963	2331.289	2335.857	2387.431	2462.434	2377.264	2332.763	2332.321	2333.352	2331.437	2332.468	2328.784
2331.142	2337.773	2336.741	2331.879	2333.057	2338.510	2387.284	2464.497	2378.295	2331.584	2331.879	2332.468	2333.500	2332.026	2330.110
2331.437	2335.415	2334.678	2329.816	2331.879	2336.741	2388.463	2465.676	2376.527	2332.763	2331.879	2332.910	2329.816	2332.468	2330.700
2331.731	2336.447	2334.826	2333.794	2334.678	2338.068	2392.294	2470.244	2377.853	2332.910	2331.584	2333.794	2330.700	2332.173	2333.205
2332.468	2334.678	2333.057	2331.879	2329.963	2334.236	2391.999	2474.370	2378.000	2330.847	2329.668	2332.763	2327.311	2330.110	2330.995
2333.057	2337.331	2334.531	2334.089	2333.057	2337.036	2394.357	2477.465	2379.327	2331.289	2331.731	2332.026	2329.079	2330.110	2334.531
2331.879	2332.910	2329.226	2332.173	2331.879	2333.205	2391.262	2474.812	2377.558	2329.963	2330.258	2330.995	2326.279	2325.690	2331.584
2328.342	2333.942	2331.879	2330.847	2333.205	2335.563	2392.294	2475.549	2376.969	2329.963	2330.700	2330.110	2327.311	2323.922	2332.321
2326.132	2329.668	2328.342	2329.816	2331.142	2331.142	2390.231	2474.223	2375.790	2328.932	2328.932	2328.490	2323.185	2322.743	2327.458
2326.574	2331.437	2330.700	2329.374	2333.647	2334.089	2391.999	2474.665	2376.969	2327.605	2328.490	2329.668	2327.458	2323.774	2328.784
2326.869	2329.374	2330.552	2328.047	2331.142	2334.236	2391.262	2470.686	2375.201	2328.784	2328.047	2329.521	2326.574	2325.395	2326.132
2323.627	2329.963	2331.584	2327.753	2332.615	2336.299	2388.905	2466.708	2374.906	2330.847	2328.932	2328.342	2329.079	2325.395	2326.132
2322.595	2327.605	2329.963	2323.922	2329.226	2334.973	2389.936	2464.792	2375.053	2330.405	2327.753	2328.637	2327.900	2324.364	2322.595
2323.479	2330.405	2330.995	2322.448	2327.311	2337.036	2388.610	2467.002	2374.906	2331.437	2329.374	2328.637	2327.900	2325.984	2323.774
2323.479	2328.342	2329.816	2322.153	2325.248	2333.500	2388.168	2462.876	2373.727	2330.847	2328.342	2328.342	2328.784	2326.132	2322.595
2327.458	2332.026	2331.731	2322.890	2326.574	2336.005	2388.610	2463.613	2375.643	2332.468	2332.321	2332.026	2329.668	2328.637	2326.574
2324.953	2330.258	2328.490	2324.511	2325.542	2332.173	2387.136	2463.319	2375.053	2330.700	2328.932	2329.816	2328.932	2325.690	2324.953
2325.690	2332.173	2331.584	2324.364	2327.458	2333.942	2385.368	2465.234	2376.674	2328.784	2329.226	2333.057	2327.753	2324.658	2327.163
2325.984	2331.879	2329.521	2324.216	2326.574	2331.584	2384.189	2461.550	2374.022	2328.932	2327.458	2331.584	2326.869	2325.984	2328.784
2325.837	2332.615	2331.879	2327.605	2329.079	2333.794	2381.684	2459.929	2372.548	2328.342	2328.637	2334.384	2327.016	2325.690	2330.700
2323.774	2329.963	2329.816	2327.753	2330.258	2330.847	2382.274	2456.982	2374.611	2324.806	2326.427	2332.173	2325.248	2324.069	2328.195
2324.364	2333.057	2330.110	2329.963	2330.847	2334.826	2380.211	2460.077	2372.843	2326.427	2326.427	2334.678	2324.658	2324.806	2331.289
2320.827	2329.963	2327.900	2328.195	2331.437	2331.731	2379.327	2456.393	2369.896	2324.364	2323.332	2329.668	2324.953	2322.301	2327.605
2326.427	2333.500	2332.026	2328.784	2333.352	2335.120	2379.769	2454.772	2370.043	2328.195	2328.784	2331.584	2325.690	2328.342	2331.289
2322.153	2329.374	2327.311	2329.079	2330.995	2331.879	2376.232	2444.162	2363.560	2326.869	2326.427	2324.364	2324.953	2325.542	2326.574
2323.037	2328.637	2330.552	2328.637	2332.468	2334.678	2376.822	2443.868	2364.297	2327.458	2327.311	2325.690	2325.690	2324.364	2324.658
2323.479	2327.016	2327.163	2328.490	2330.847	2330.847	2374.906	2440.037	2361.497	2326.721	2324.953	2321.859	2325.395	2323.479	2322.301
2326.869	2329.668	2330.258	2328.047	2334.384	2334.531	2377.116	2443.426	2361.202	2332.026	2328.784	2324.953	2329.521	2327.016	2325.395
2325.248	2326.721	2329.668	2328.490	2331.879	2332.173	2377.264	2442.984	2363.265	2329.668	2328.932	2322.301	2329.521	2325.248	2322.890
2326.279	2329.668	2331.437	2327.605	2331.731	2333.942	2376.085	2444.310	2363.118	2331.584	2330.110	2324.658	2329.374	2326.721	2326.721
2320.974	2325.542	2328.932	2324.953	2326.869	2332.321	2372.106	2440.773	2360.613	2327.458	2325.100	2322.890	2326.132	2320.974	2322.743
2323.922	2328.342	2330.847	2323.332	2326.574	2334.678	2375.938	2449.173	2365.917	2330.258	2325.837	2327.900	2328.195	2324.806	2326.869
2323.037	2328.932	2328.490	2323.774	2324.953	2331.584	2372.990	2448.878	2364.297	2329.079	2326.279	2327.311	2325.690	2324.216	2327.163
2324.364	2330.552	2329.816	2322.153	2324.216	2332.026	2376.380	2453.004	2368.128	2329.374	2326.427	2328.195	2325.837	2327.605	2328.342
2320.385	2327.900	2325.542	2320.090	2319.354	2327.163	2371.664	2451.383	2365.917	2323.627	2324.511	2323.479	2320.385	2324.806	2325.837
2322.006	2328.784	2324.953	2319.796	2322.595	2328.047	2370.927	2452.414	2366.360	2325.248	2323.922	2324.511	2320.974	2327.311	2327.605
2319.648	2326.869	2323.332	2319.943	2320.974	2324.658	2371.370	2453.741	2364.739	2322.006	2323.774	2322.595	2318.764	2328.195	2324.953
2320.974	2329.521	2322.448	2321.269	2323.922	2325.100	2374.464	2455.803	2368.422	2324.216	2323.627	2323.627	2321.859	2327.605	2325.690
2319.354	2327.163	2324.069	2322.153	2326.279	2323.185	2373.433	2452.120	2365.033	2322.890	2323.627	2320.238	2319.501	2327.311	2323.332
2320.680	2328.195	2324.806	2325.395	2327.458	2325.984	2378.590	2453.888	2368.275	2326.574	2323.185	2324.658	2321.269	2327.458	2327.016
2318.764	2324.953	2323.774	2323.479	2328.490	2326.869	2377.116	2454.772	2364.444	2324.806	2323.332	2322.890	2320.238	2325.395	2323.922
2321.859	2325.690	2328.047	2328.342	2331.437	2330.110	2381.095	2451.972	2366.507	2327.900	2322.743	2325.542	2325.100	2325.248	2328.490
2321.269	2323.922	2328.195	2323.922	2329.963	2327.605	2379.032	2446.668	2362.234	2324.953	2322.595	2322.743	2323.627	2322.301	2323.479
2324.069	2324.216	2328.490	2325.100	2332.321	2331.731	2380.211	2444.162	2363.118	2328.342	2322.595	2325.542	2326.721	2321.417	2326.427
2323.185	2321.122	2328.637	2322.743	2330.700	2331.584	2379.327	2443.426	2360.023	2325.395	2323.922	2323.922	2323.479	2322.890	2324.658
2325.542	2324.216	2327.605	2321.859	2329.963	2333.352	2380.211	2446.962	2362.970	2327.163	2325.690	2326.279	2325.395	2323.185	2326.721
2325.395	2323.037	2328.490	2318.175	2329.374	2333.205	2376.969	2444.015	2359.581	2324.658	2325.984	2322.743	2325.837	2323.922	2324.364
2327.753	2325.690	2330.552	2321.417	2329.963	2333.647	2376.822	2442.394	2363.707	2328.490	2328.490	2326.132	2328.490	2324.806	2328.047
2327.753	2327.311	2328.784	2319.648	2326.574	2334.236	2374.759	2445.931	2362.381	2328.784	2329.668	2326.279	2327.163	2325.984	2325.395
2330.405	2330.110	2329.816	2324.511	2329.374	2336.152	2378.737	2449.025	2366.212	2332.173	2333.500	2329.963	2329.226	2329.374	2330.700
2327.311	2329.226	2328.932	2323.185	2324.658	2334.678	2374.317	2448.288	2365.181	2330.847	2329.668	2328.195	2327.458	2328.637	2328.047
2330.700	2331.584	2328.932	2326.574	2328.637	2333.057	2376.674	2449.615	2364.444	2333.352	2331.879	2329.816	2330.700	2328.637	2330.995
2327.016	2330.258	2327.605	2326.869	2326.279	2331.731	2371.517	2443.720	2363.855	2331.289	2328.342	2330.258	2327.458	2325.248	2330.405
2326.574	2330.995	2325.248	2328.490	2326.574	2330.110	2371.517	2447.846	2361.939	2332.468	2329.668	2330.110	2327.753	2327.311	2331.584
2322.595	2329.816	2325.690	2327.163	2325.100	2328.932	2369.012	2443.573	2361.349	2328.047	2327.163	2326.279	2323.627	2325.248	2329.079
2321.564	2328.490	2325.690	2328.195	2328.637	2329.816	2369.749	2442.100	2359.581	2329.521	2328.342	2326.427	2323.185	2327.753	2329.668
2317.143	2325.837	2323.922	2324.806	2325.984	2329.079	2366.654	2436.205	2357.224	2326.279	2323.922	2324.216	2320.680	2324.806	2325.100
2320.827	2327.163	2326.427	2326.721	2330.847	2330.258	2371.075	2436.500	2357.666	2327.458	2328.047	2324.953	2322.153	2328.342	2327.163
2317.291	2324.511	2327.605	2323.479	2327.458	2331.289	2365.475	2427.069	2354.866	2324.658	2325.837	2322.448	2320.238	2325.837	2324.658
2321.711	2327.605	2328.342	2325.248	2331.142	2333.647	2367.980	2425.301	2352.656	2325.100	2330.700	2322.743	2324.364	2327.900	2324.511
2318.175	2322.448	2326.427	2320.385	2327.311	2331.731	2365.475	2417.786	2351.329	2319.354	2326.132	2319.354	2320.238	2322.890	2320.090
2322.890	2325.248	2327.605	2325.837	2330.995	2335.120	2369.012	2421.617	2351.182	2325.542	2329.668	2324.364	2324.511	2327.311	2324.216
2321.859	2324.364	2327.311	2321.711	2328.784	2332.763	2366.065	2416.902	2350.298	2322.743	2326.132	2322.595	2323.774	2323.479	2322.006
2325.984	2326.132	2330.847	2324.216	2330.847	2337.773	2367.244	2418.670	2351.919	2326.279	2329.226	2324.216	2325.984	2326.279	2325.690
2320.090	2320.680	2324.953	2318.469	2322.448	2329.079	2361.349	2409.976	2346.172	2320.827	2323.774	2320.238	2320.385	2317.585	2319.648
2319.943	2321.711	2324.511	2319.648	2322.153	2329.816	2360.465	2413.808	2347.940	2322.448	2324.364	2320.532	2319.059	2319.059	2320.532
2315.228	2318.322	2323.185	2316.259	2319.354	2324.216	2360.171	2413.513	2346.467	2321.417	2319.206	2318.175	2315.964	2317.585	2319.354
2320.974	2322.890	2324.216	2320.680	2321.859	2326.132	2360.171	2415.723	2349.266	2326.427	2324.216	2321.711	2319.648	2320.385	2322.595
2317.143	2320.974	2321.122	2315.817	2317.438	2322.301	2358.697	2413.365	2347.498	2322.153	2319.206	2319.059	2317.880	2318.322	2318.469
2321.122	2323.479	2320.680	2319.354	2320.090	2322.153	2360.465	2418.818	2348.824	2324.364	2322.595	2322.595	2320.680	2320.680	2320.827
2316.112	2322.006	2316.554	2317.880	2316.259	2317.880	2356.782	2416.902	2348.382	2322.006	2318.617	2318.764	2316.554	2316.259	2316.701
2322.890	2326.721	2320.827	2324.216	2325.395	2327.458	2360.613	2425.006	2352.508	2329.521	2325.984	2325.837	2325.542	2324.511	2322.448
2320.827	2328.195	2318.911	2324.658	2324.364	2325.837	2360.613	2422.501	2353.540	2326.279	2323.627	2323.185	2323.332	2322.301	2319.796
2324.216	2329.079	2322.595	2327.753	2328.047	2331.142	2362.381	2429.574	2354.866	2331.879	2328.195	2327.311	2328.195	2327.458	2323.332
2320.532	2328.342	2323.627	2325.395	2327.753	2330.552	2363.855	2426.922	2354.276	2328.047	2324.216	2323.922	2325.100	2325.248	2319.648
2322.743	2327.163	2323.185	2325.690	2329.668	2332.615	2363.707	2429.427	2352.656	2329.668	2328.342	2322.595	2323.774	2326.721	2322.890
2318.469	2323.185	2322.595	2321.711	2326.132	2332.321	2361.497	2421.765	2349.856	2325.984	2325.248	2318.322	2319.501	2322.743	2320.532
2322.743	2324.364	2325.542	2323.922	2329.226	2333.057	2365.328	2425.006	2350.445	2327.163	2328.490	2323.627	2322.153	2325.395	2323.332
2320.385	2322.595	2324.511	2319.354	2325.100	2329.668	2364.002	2419.702	2351.329	2323.479	2324.216	2319.943	2316.554	2320.385	2321.269
2325.395	2323.037	2328.784	2323.479	2328.637	2332.910	2368.422	2422.501	2350.740	2328.637	2327.753	2325.100	2322.006	2325.248	2326.279
2323.627	2322.890	2323.922	2319.206	2324.364	2329.374	2364.886	2415.576	2348.824	2322.153	2325.100	2321.564	2316.849	2319.796	2322.595
2324.511	2323.479	2323.774	2320.680	2324.511	2331.437	2366.212	2420.586	2350.740	2325.984	2327.753	2325.395	2318.617	2322.153	2325.100
2322.743	2322.301	2323.774	2318.027	2323.332	2326.869	2362.086	2416.018	2350.593	2324.364	2325.542	2324.806	2317.880	2318.469	2322.301
2325.395	2325.837	2324.216	2321.859	2323.627	2328.932	2366.949	2420.881	2353.982	2328.784	2329.963	2327.605	2320.238	2321.417	2325.100
2323.922	2326.721	2323.627	2319.796	2322.890	2327.016	2364.297	2419.112	2351.771	2328.490	2328.047	2325.395	2319.943	2322.301	2325.837
2324.364	2330.258	2324.216	2324.511	2323.479	2329.668	2369.159	2425.006	2352.508	2329.668	2331.289	2328.637	2322.890	2325.837	2328.490
2321.564	2328.637	2322.890	2320.090	2322.595	2325.542	2366.360	2425.596	2351.035	2330.110	2328.342	2324.069	2318.764	2323.037	2325.690
2323.332	2330.110	2325.395	2324.806	2325.248	2328.637	2373.580	2431.343	2354.129	2332.910	2332.468	2326.721	2325.395	2325.690	2327.900
2320.827	2328.490	2324.511	2323.922	2324.806	2326.574	2371.517	2428.396	2350.740	2332.321	2328.932	2323.185	2322.153	2325.395	2325.248
2321.859	2330.995	2325.690	2326.721	2324.806	2330.995	2374.759	2434.142	2350.887	2332.173	2332.468	2323.774	2327.458	2325.690	2327.458
2318.617	2328.637	2327.016	2325.248	2324.806	2328.932	2372.106	2432.227	2350.740	2331.437	2328.047	2321.417	2324.953	2327.016	2324.511
2321.564	2326.574	2326.869	2325.690	2325.690	2330.552	2375.790	2438.563	2350.887	2331.879	2329.374	2320.532	2326.132	2325.248	2326.279
2321.417	2325.984	2326.132	2323.774	2326.574	2330.110	2373.138	2437.826	2352.508	2331.142	2327.311	2317.291	2323.627	2324.806	2323.185
2321.859	2325.100	2326.279	2322.595	2325.837	2332.468	2375.201	2442.689	2354.571	2329.816	2330.110	2320.385	2323.479	2324.806	2324.069
2320.680	2323.922	2325.542	2322.743	2324.069	2330.847	2370.338	2440.921	2354.276	2329.226	2325.837	2318.322	2318.469	2322.153	2321.711
2324.216	2324.806	2328.490	2323.922	2327.016	2333.647	2375.348	2445.194	2358.108	2329.079	2329.668	2322.743	2323.332	2323.479	2325.690
2322.448	2321.564	2326.279	2322.890	2326.574	2330.405	2374.611	2442.836	2358.697	2328.342	2325.984	2321.417	2317.880	2323.479	2322.890
2325.837	2325.395	2326.721	2323.774	2329.816	2332.321	2376.822	2446.520	2359.139	2329.963	2330.110	2324.953	2321.711	2323.037	2325.690
2321.564	2324.069	2324.511	2320.385	2326.132	2328.784	2370.338	2437.384	2357.371	2327.753	2328.195	2323.774	2318.322	2322.301	2322.153
2323.627	2324.364	2325.984	2322.595	2326.574	2328.932	2372.696	2433.848	2356.045	2329.963	2330.847	2325.984	2319.648	2323.479	2325.248
2321.859	2324.364	2324.953	2322.595	2327.016	2326.574	2367.833	2425.891	2352.950	2328.195	2328.342	2324.658	2320.680	2323.774	2324.216
2323.185	2324.216	2324.364	2320.385	2326.574	2328.490	2368.570	2422.354	2352.361	2331.584	2328.637	2324.364	2321.417	2325.690	2325.837
2321.417	2324.511	2324.364	2321.122	2326.132	2325.542	2362.528	2416.755	2351.329	2329.226	2326.427	2322.743	2320.238	2323.774	2324.364
2325.542	2327.458	2324.953	2321.859	2325.837	2327.900	2364.149	2413.513	2351.919	2332.173	2327.163	2324.216	2322.890	2324.953	2326.427
2321.564	2324.069	2322.743	2319.943	2323.922	2327.016	2360.023	2410.418	2348.382	2326.574	2322.448	2320.974	2321.564	2323.627	2326.427
2326.132	2326.574	2324.658	2324.511	2326.427	2330.995	2364.297	2414.250	2350.003	2327.900	2326.574	2323.627	2325.542	2326.427	2326.132
2322.006	2326.869	2323.479	2322.006	2324.806	2328.342	2359.876	2411.303	2346.614	2323.627	2322.448	2320.385	2322.890	2325.690	2325.248
2325.100	2327.311	2324.658	2325.837	2326.869	2331.731	2364.444	2413.660	2349.856	2324.511	2326.132	2321.564	2325.690	2326.721	2325.984
2321.859	2326.574	2324.364	2324.216	2327.163	2328.195	2360.465	2413.071	2348.824	2321.122	2326.132	2320.827	2322.743	2325.395	2325.690
2322.743	2325.837	2324.511	2326.574	2325.984	2331.142	2363.265	2413.955	2346.909	2323.922	2328.195	2321.859	2322.006	2326.574	2325.100
2318.617	2325.100	2324.216	2324.806	2326.574	2329.079	2360.465	2411.597	2344.993	2320.532	2327.605	2321.564	2321.859	2323.627	2323.627
2321.564	2325.837	2326.279	2325.542	2326.574	2329.521	2362.381	2411.303	2346.319	2324.069	2330.110	2323.922	2321.417	2326.427	2323.185
2318.027	2323.627	2325.690	2322.595	2325.837	2326.721	2360.318	2405.998	2343.962	2323.922	2327.016	2322.743	2319.354	2323.332	2323.774
2322.153	2324.806	2328.637	2324.364	2329.079	2331.731	2363.118	2412.629	2347.498	2328.932	2331.142	2324.953	2323.332	2324.953	2324.658
2322.006	2325.837	2329.079	2322.301	2327.163	2328.932	2362.676	2409.976	2346.025	2329.668	2329.374	2326.132	2322.006	2325.837	2325.100
2324.069	2325.984	2331.289	2322.743	2330.700	2332.468	2360.907	2407.913	2345.435	2330.405	2330.700	2327.753	2324.511	2326.574	2324.953
2323.185	2324.953	2326.427	2318.911	2326.574	2326.869	2357.224	2403.787	2343.372	2328.784	2328.047	2326.132	2324.364	2324.216	2325.395
2325.542	2325.690	2329.521	2320.680	2328.342	2330.258	2357.518	2405.408	2344.551	2330.995	2329.226	2327.163	2323.774	2327.163	2325.984
2323.037	2324.069	2325.542	2320.532	2324.658	2327.311	2352.950	2401.430	2342.046	2328.784	2328.490	2323.332	2322.448	2323.037	2323.774
2323.185	2326.574	2328.637	2321.711	2324.953	2330.258	2355.455	2402.609	2344.256	2328.195	2327.311	2326.427	2323.332	2326.132	2326.132
2320.385	2323.037	2325.100	2320.974	2323.774	2327.458	2351.624	2396.420	2342.636	2326.869	2325.100	2323.774	2322.448	2323.479	2323.479
2320.532	2325.690	2323.922	2322.595	2323.627	2329.963	2350.151	2400.104	2342.193	2325.690	2324.658	2325.248	2323.037	2323.479	2324.216
2318.764	2322.595	2320.238	2322.743	2321.122	2326.279	2350.740	2399.514	2342.636	2326.279	2321.417	2322.006	2320.974	2323.627	2321.711
2320.532	2328.047	2324.364	2327.016	2327.311	2331.879	2353.834	2403.787	2344.404	2327.458	2325.542	2324.953	2322.890	2328.490	2323.774
2318.911	2325.395	2322.890	2325.984	2325.395	2330.110	2353.245	2402.314	2345.141	2327.311	2322.743	2322.890	2325.395	2327.163	2322.301
2320.385	2327.163	2327.900	2327.163	2329.963	2333.500	2357.371	2405.261	2346.909	2327.605	2324.216	2326.279	2325.690	2330.552	2323.479
2318.764	2323.185	2322.890	2326.869	2329.079	2330.995	2354.276	2404.377	2345.730	2325.690	2323.627	2321.269	2326.132	2325.690	2319.059
2321.269	2324.069	2325.248	2326.721	2329.079	2332.910	2358.255	2409.534	2346.467	2326.132	2325.395	2325.248	2325.690	2327.900	2320.827
2318.469	2319.501	2323.185	2325.984	2327.016	2332.468	2356.634	2402.756	2343.225	2324.953	2323.332	2321.711	2324.511	2324.364	2319.648
2320.532	2323.774	2325.100	2326.279	2327.900	2332.910	2360.023	2409.240	2343.078	2324.216	2326.869	2324.658	2326.869	2327.016	2321.417
2319.354	2319.059	2323.479	2322.743	2325.100	2332.173	2358.844	2404.230	2342.488	2322.006	2323.185	2321.417	2324.953	2321.269	2318.911
2321.417	2322.301	2324.364	2322.595	2327.458	2330.995	2360.171	2402.756	2340.425	2322.448	2326.279	2324.658	2324.364	2321.859	2321.122
2320.385	2321.417	2321.859	2319.648	2327.016	2330.700	2356.339	2396.272	2339.099	2323.037	2323.185	2323.185	2325.395	2318.469	2320.827
2324.364	2326.721	2325.542	2320.974	2329.079	2332.321	2358.402	2398.630	2341.309	2328.195	2327.605	2327.605	2326.132	2324.216	2325.542
2322.301	2325.395	2322.301	2319.943	2326.427	2328.784	2351.919	2392.441	2338.804	2326.427	2322.743	2326.279	2325.248	2320.974	2324.658
2324.069	2327.753	2326.721	2320.238	2326.132	2328.342	2353.245	2395.978	2341.751	2330.405	2325.395	2327.753	2326.427	2324.216	2324.364
2324.364	2326.574	2325.395	2318.764	2325.542	2327.900	2349.414	2389.641	2340.720	2329.816	2322.448	2326.427	2326.574	2321.122	2325.984
2326.427	2331.437	2328.490	2320.090	2325.542	2328.932	2353.540	2394.504	2342.930	2334.678	2325.248	2327.458	2329.079	2324.953	2326.869
2322.301	2327.016	2323.774	2319.796	2325.837	2328.932	2350.445	2395.241	2342.341	2332.910	2320.827	2323.627	2325.248	2324.216	2326.869
2324.364	2330.700	2326.869	2322.743	2324.216	2327.753	2352.214	2399.219	2342.636	2332.468	2324.216	2323.774	2327.458	2325.984	2324.806
2318.911	2325.690	2322.890	2320.238	2320.090	2327.163	2348.235	2395.536	2339.836	2329.226	2319.354	2321.269	2322.448	2322.743	2321.269
2319.501	2329.668	2327.311	2322.595	2322.301	2329.963	2352.508	2399.072	2341.751	2329.668	2322.743	2322.153	2325.837	2325.542	2321.564
2318.175	2326.132	2323.479	2320.238	2323.479	2329.521	2352.803	2402.609	2343.372	2324.953	2320.680	2319.943	2322.153	2323.627	2321.564
2316.406	2325.100	2325.395	2321.122	2322.301	2331.437	2356.192	2404.966	2342.636	2326.427	2322.448	2320.827	2323.774	2325.542	2321.269
2313.165	2318.911	2322.153	2319.354	2321.122	2328.932	2352.214	2404.230	2342.636	2320.680	2319.059	2318.322	2319.943	2320.680	2320.090
2316.701	2322.595	2326.279	2319.354	2319.796	2332.910	2356.045	2405.998	2343.814	2322.006	2322.595	2321.711	2323.037	2323.037	2319.943
2313.901	2318.322	2322.448	2315.817	2319.206	2328.784	2355.897	2408.798	2344.846	2321.711	2319.206	2321.859	2318.322	2319.059	2320.974
2318.764	2323.479	2326.869	2319.059	2324.364	2332.173	2361.055	2412.481	2346.319	2324.216	2323.922	2323.479	2322.890	2320.827	2325.248
2317.438	2319.354	2324.069	2314.638	2322.301	2327.900	2358.992	2410.124	2343.520	2322.301	2321.711	2321.564	2318.027	2318.764	2323.774
2319.206	2322.743	2326.721	2317.291	2324.216	2328.047	2358.844	2406.735	2343.372	2325.984	2324.216	2324.953	2322.006	2319.648	2326.132
2319.059	2322.448	2324.511	2316.554	2323.479	2327.016	2355.897	2404.230	2343.814	2323.332	2324.511	2323.479	2318.911	2317.143	2325.100
2321.564	2326.574	2325.837	2318.617	2325.395	2327.458	2358.402	2403.935	2342.783	2327.753	2325.542	2329.079	2322.448	2321.417	2328.490
2319.796	2324.511	2324.069	2317.143	2324.953	2323.332	2352.361	2400.546	2340.130	2324.658	2323.627	2324.658	2319.206	2317.585	2324.216
2322.448	2326.427	2323.479	2320.385	2324.069	2327.458	2354.571	2396.862	2339.394	2326.132	2323.479	2327.016	2323.185	2320.385	2325.690
2317.438	2325.100	2321.564	2317.438	2323.627	2323.627	2349.119	2393.031	2338.215	2323.774	2322.448	2323.185	2321.564	2319.206	2321.122
2319.796	2324.658	2321.711	2321.417	2324.953	2327.016	2350.887	2392.736	2340.720	2326.279	2323.627	2324.806	2324.364	2320.238	2321.564
2316.554	2324.658	2319.354	2319.354	2322.743	2326.427	2348.530	2390.526	2339.099	2322.595	2322.006	2321.269	2321.711	2319.206	2316.701
2317.585	2324.806	2320.385	2322.595	2323.774	2327.753	2350.740	2391.115	2339.394	2324.658	2321.564	2322.448	2325.542	2320.827	2316.849
2313.017	2320.090	2317.291	2320.385	2320.238	2325.395	2346.761	2387.431	2336.005	2319.059	2319.648	2316.849	2320.680	2317.880	2313.017
2314.196	2322.890	2318.764	2321.269	2321.711	2327.458	2352.214	2389.789	2337.331	2323.627	2321.711	2320.974	2324.806	2321.417	2317.733
2312.870	2322.153	2321.122	2321.859	2323.774	2327.753	2350.151	2389.199	2337.773	2321.417	2323.627	2319.059	2320.827	2320.827	2317.143
2316.701	2322.153	2322.595	2323.037	2323.479	2330.405	2353.982	2391.999	2337.920	2325.542	2323.479	2323.037	2323.479	2321.711	2319.943
2315.375	2324.069	2322.006	2322.153	2323.037	2328.490	2352.656	2388.905	2336.741	2322.448	2322.448	2322.153	2320.532	2322.743	2320.385
2318.617	2323.479	2324.216	2321.122	2324.658	2329.079	2355.897	2391.262	2337.625	2324.364	2323.627	2325.100	2321.859	2322.890	2325.690
2317.143	2323.332	2324.364	2319.648	2323.627	2329.521	2352.803	2388.757	2336.741	2321.269	2323.037	2323.774	2316.701	2323.479	2324.511
2321.859	2326.427	2328.637	2319.501	2327.458	2330.258	2353.834	2390.968	2340.573	2325.248	2326.279	2326.279	2321.417	2325.100	2328.490
2320.827	2324.953	2327.311	2317.733	2325.542	2330.700	2351.919	2388.315	2340.720	2322.743	2325.837	2324.511	2318.469	2323.627	2329.079
2321.859	2325.542	2326.132	2316.701	2325.690	2329.963	2350.593	2389.494	2340.573	2325.542	2323.479	2324.069	2320.974	2322.595	2327.458
2319.943	2322.743	2325.542	2314.786	2323.479	2327.605	2347.498	2387.431	2339.541	2320.238	2321.859	2319.059	2316.996	2319.501	2326.279
2320.827	2323.627	2324.216	2315.080	2325.248	2328.342	2348.824	2391.262	2341.604	2322.301	2321.711	2320.827	2320.680	2318.175	2326.132
2319.206	2323.479	2324.511	2315.964	2322.153	2326.427	2345.435	2389.494	2340.425	2322.448	2320.532	2316.701	2320.238	2318.322	2324.806
2322.448	2326.132	2324.806	2316.849	2324.953	2327.016	2351.771	2395.241	2342.488	2325.542	2321.417	2320.974	2323.627	2317.438	2325.395
2318.764	2323.185	2322.153	2316.996	2321.711	2328.490	2350.298	2395.683	2339.836	2324.806	2319.648	2318.469	2321.711	2316.554	2322.595
2320.090	2325.395	2323.774	2321.711	2325.837	2329.521	2351.919	2401.135	2345.877	2327.753	2321.269	2322.743	2324.511	2318.764	2321.564
2319.943	2323.479	2323.037	2321.417	2324.658	2329.963	2353.687	2401.577	2344.698	2328.195	2322.448	2320.827	2322.890	2321.417	2322.890
2319.796	2324.364	2324.069	2324.806	2328.490	2332.026	2356.782	2405.556	2348.382	2329.226	2324.511	2324.069	2324.806	2325.100	2325.100
2320.974	2324.364	2326.279	2322.743	2325.837	2331.584	2356.487	2405.703	2344.698	2328.490	2325.248	2321.564	2322.743	2324.069	2324.658
2321.122	2324.216	2325.248	2323.627	2327.753	2334.678	2360.171	2412.187	2347.351	2328.195	2325.542	2325.542	2322.890	2324.953	2324.069
2318.469	2322.595	2325.248	2324.216	2325.248	2332.468	2357.960	2411.745	2345.877	2327.311	2324.806	2322.153	2319.059	2323.922	2324.658
2321.122	2326.132	2328.047	2323.774	2328.195	2333.647	2361.644	2416.607	2347.940	2327.311	2327.163	2325.248	2321.122	2326.279	2326.279
2316.996	2320.827	2325.395	2321.417	2322.890	2330.258	2360.171	2412.923	2342.046	2324.069	2323.185	2320.238	2316.849	2321.417	2324.216
2316.554	2323.627	2327.605	2321.122	2324.806	2332.173	2362.528	2415.428	2345.435	2321.859	2324.511	2323.774	2319.354	2320.532	2325.984
2316.701	2323.185	2323.479	2318.175	2320.532	2328.342	2361.792	2412.187	2341.751	2321.269	2319.501	2322.153	2316.701	2316.996	2321.859
2315.375	2322.448	2324.953	2319.796	2322.890	2328.637	2362.528	2414.102	2345.583	2323.479	2323.774	2322.890	2318.764	2317.880	2321.564
2314.344	2320.385	2323.479	2317.438	2321.859	2324.806	2360.613	2410.713	2343.078	2322.595	2320.238	2320.827	2316.849	2315.228	2322.006
2316.554	2321.859	2326.132	2318.322	2325.100	2327.016	2363.855	2411.597	2345.583	2323.332	2324.511	2323.774	2320.532	2319.206	2322.006
2314.786	2320.385	2321.859	2317.585	2323.922	2323.774	2359.729	2407.619	2343.962	2322.890	2321.417	2321.269	2318.027	2315.670	2321.269
2318.469	2324.364	2325.837	2318.322	2325.100	2327.311	2362.528	2409.092	2344.109	2324.216	2325.100	2322.301	2320.532	2318.027	2320.532
2317.438	2321.859	2321.859	2318.027	2323.185	2322.595	2357.224	2408.208	2343.520	2324.216	2321.122	2318.322	2319.206	2315.522	2316.701
2321.122	2325.690	2328.195	2322.301	2326.721	2327.458	2359.876	2413.513	2345.583	2328.195	2326.721	2322.301	2324.511	2320.090	2319.796
2318.764	2324.806	2325.542	2321.417	2324.806	2326.279	2356.929	2411.597	2345.435	2325.690	2322.595	2320.680	2322.743	2318.322	2319.943
2322.890	2328.047	2329.226	2325.395	2326.427	2330.552	2357.518	2410.418	2345.288	2328.047	2327.311	2322.153	2328.342	2322.448	2321.122
2318.175	2324.069	2324.953	2321.269	2321.564	2327.458	2350.593	2405.114	2341.604	2323.774	2321.564	2317.880	2322.743	2316.849	2319.796
2320.090	2325.395	2328.490	2324.658	2321.859	2330.258	2354.129	2407.913	2341.751	2328.047	2323.774	2320.974	2325.837	2320.090	2320.532
2318.764	2322.301	2326.574	2322.890	2320.385	2327.163	2351.329	2404.377	2340.425	2324.511	2322.006	2321.859	2322.890	2319.501	2321.564
2319.501	2324.216	2331.289	2325.248	2321.564	2330.552	2354.424	2403.198	2338.952	2328.195	2326.721	2325.395	2322.890	2323.627	2325.984
2316.259	2319.206	2325.100	2318.911	2317.880	2326.427	2349.414	2395.241	2337.183	2322.006	2322.743	2320.974	2318.322	2320.090	2323.185
2318.027	2320.827	2326.869	2320.974	2320.090	2328.637	2352.214	2396.420	2335.268	2324.806	2324.216	2323.185	2317.585	2321.711	2323.922
2315.522	2319.943	2324.806	2316.996	2319.354	2327.753	2352.066	2393.473	2335.415	2323.627	2323.332	2322.448	2313.312	2320.385	2322.448
2320.385	2324.069	2328.195	2322.006	2322.301	2329.963	2355.013	2395.830	2338.362	2326.869	2324.216	2325.690	2318.175	2322.448	2322.743
2319.059	2322.448	2327.163	2318.322	2322.153	2326.427	2352.508	2389.936	2338.362	2323.332	2324.806	2324.364	2315.817	2321.564	2321.711
2319.501	2325.395	2325.690	2321.711	2324.953	2327.605	2353.982	2393.473	2341.162	2326.721	2323.627	2323.922	2317.880	2321.417	2320.827
2318.469	2322.595	2324.658	2316.849	2323.627	2323.774	2350.887	2390.673	2339.394	2320.974	2321.711	2319.943	2315.228	2320.532	2318.322
2320.827	2326.721	2327.458	2321.711	2328.342	2328.784	2356.192	2395.388	2342.488	2326.427	2322.890	2322.890	2318.469	2322.301	2319.059
2320.974	2325.542	2328.490	2318.617	2324.806	2326.427	2351.919	2393.031	2343.520	2324.216	2320.532	2320.238	2319.206	2320.827	2318.322
2321.417	2327.900	2328.342	2322.301	2327.016	2328.195	2354.424	2394.652	2343.225	2325.837	2318.469	2320.090	2320.827	2319.943	2318.175
2319.354	2324.069	2327.016	2318.469	2324.953	2324.953	2350.887	2392.441	2341.015	2324.806	2318.469	2319.943	2319.648	2318.322	2317.880
2319.648	2327.311	2327.753	2322.301	2325.690	2328.195	2352.950	2394.799	2341.309	2326.427	2317.880	2319.354	2320.385	2318.617	2318.322
2321.711	2324.069	2327.605	2319.796	2322.006	2327.016	2350.887	2393.473	2342.341	2325.395	2318.764	2318.617	2321.122	2319.059	2319.648
2323.037	2330.110	2329.963	2325.395	2325.690	2333.057	2356.192	2396.862	2344.846	2328.342	2320.385	2323.922	2324.511	2320.827	2321.711
2319.648	2325.542	2327.900	2322.448	2320.680	2328.342	2351.771	2396.420	2342.046	2324.069	2319.648	2320.974	2321.564	2319.206	2321.269
2319.206	2326.869	2326.132	2323.774	2323.774	2329.816	2355.603	2396.567	2339.688	2323.774	2320.532	2322.301	2320.238	2319.796	2322.006
2315.964	2322.153	2324.953	2322.006	2321.564	2326.721	2352.361	2395.978	2338.657	2320.090	2321.859	2321.859	2318.764	2319.059	2321.417
2318.469	2326.132	2326.574	2323.479	2324.511	2330.552	2356.339	2396.567	2341.162	2324.069	2325.248	2323.185	2319.648	2321.859	2323.922
2318.027	2322.595	2326.132	2319.796	2322.448	2329.521	2355.603	2393.325	2340.867	2321.269	2325.395	2323.479	2317.733	2320.532	2321.417
2318.027	2326.132	2328.637	2320.090	2327.016	2330.995	2357.518	2395.536	2338.952	2322.153	2326.721	2325.690	2318.469	2322.301	2325.248
2316.112	2320.090	2323.922	2314.638	2324.069	2327.605	2354.276	2391.115	2336.447	2320.680	2323.332	2322.153	2316.849	2317.880	2319.648
2318.027	2322.743	2328.047	2318.469	2326.721	2331.731	2355.897	2390.084	2338.510	2324.216	2324.216	2325.395	2317.143	2319.943	2322.890
2317.880	2322.890	2326.869	2316.996	2326.132	2329.963	2353.687	2390.820	2340.278	2324.658	2324.069	2326.427	2318.175	2322.890	2321.417
2319.796	2325.248	2330.110	2319.059	2325.395	2332.468	2356.929	2393.031	2342.046	2326.132	2322.448	2327.753	2318.175	2321.711	2322.153
2317.438	2322.153	2326.279	2315.080	2321.564	2328.047	2354.129	2394.652	2341.015	2322.890	2322.595	2323.037	2317.585	2320.974	2319.648
2318.617	2323.479	2326.132	2317.438	2325.542	2330.110	2354.719	2397.599	2343.372	2325.837	2322.006	2323.627	2319.796	2319.943	2321.711
2317.733	2321.122	2323.774	2315.964	2321.711	2327.311	2351.919	2395.830	2341.015	2326.279	2319.943	2321.417	2319.796	2319.206	2319.648
2319.648	2325.248	2324.216	2318.617	2322.301	2326.132	2351.035	2398.483	2341.899	2327.605	2321.564	2321.711	2320.680	2320.680	2323.185
2317.733	2323.332	2322.595	2316.554	2320.090	2321.859	2350.887	2395.830	2337.920	2326.721	2321.564	2318.322	2319.501	2317.880	2320.090
2322.890	2325.984	2325.542	2320.827	2319.943	2325.395	2352.656	2395.978	2338.215	2327.016	2324.216	2319.206	2320.827	2316.554	2323.774
2321.711	2323.627	2322.890	2318.469	2319.501	2323.479	2349.709	2393.178	2337.625	2326.869	2325.984	2318.764	2321.711	2320.090	2323.479
2325.690	2327.458	2326.574	2321.564	2323.037	2327.753	2352.950	2389.641	2337.183	2327.458	2324.806	2323.479	2322.006	2321.564	2324.953
2322.448	2325.395	2326.427	2320.532	2319.943	2324.658	2350.887	2387.431	2334.826	2323.037	2324.216	2321.417	2318.911	2321.859	2323.922
2322.595	2327.016	2328.784	2324.069	2323.037	2326.869	2352.656	2385.221	2337.773	2325.395	2325.984	2323.479	2317.733	2321.564	2323.627
2321.859	2324.953	2329.374	2324.216	2322.448	2328.342	2353.982	2384.042	2338.068	2324.511	2326.574	2323.922	2317.438	2322.448	2322.448
2323.037	2326.721	2329.816	2325.395	2324.806	2330.552	2354.129	2385.810	2341.162	2324.364	2328.195	2326.279	2320.385	2325.542	2325.542
2318.911	2321.711	2327.458	2320.680	2324.511	2328.637	2353.392	2383.158	2339.394	2322.153	2325.984	2324.658	2318.027	2323.774	2321.417
2322.301	2325.100	2329.816	2324.953	2327.605	2330.405	2353.540	2384.484	2341.309	2323.185	2327.605	2325.395	2318.175	2324.069	2322.301
2318.175	2321.711	2327.163	2322.301	2325.690	2327.163	2350.298	2385.221	2340.425	2321.859	2323.922	2321.122	2317.143	2320.827	2319.648
2322.153	2324.658	2326.427	2326.132	2327.605	2330.847	2352.214	2384.779	2341.457	2325.100	2324.364	2324.364	2321.122	2323.627	2319.059
2320.385	2323.332	2324.364	2321.269	2328.784	2327.900	2349.709	2383.305	2339.541	2321.417	2322.448	2320.532	2320.238	2321.269	2315.817
2323.922	2325.248	2326.132	2325.395	2329.668	2332.468	2352.803	2386.105	2343.667	2324.216	2323.627	2323.774	2323.037	2325.248	2319.354
2323.037	2326.427	2324.216	2321.859	2329.668	2328.637	2348.677	2383.305	2340.867	2322.743	2323.037	2321.564	2320.090	2322.006	2316.259
2324.364	2326.132	2323.922	2323.922	2329.226	2332.026	2350.151	2383.453	2341.899	2326.427	2323.332	2321.859	2322.890	2324.069	2319.796
2323.922	2325.984	2323.185	2319.354	2328.932	2327.900	2346.467	2376.822	2337.036	2325.248	2320.532	2317.880	2320.238	2321.417	2317.143
2323.922	2325.542	2322.890	2322.006	2328.784	2328.047	2348.972	2374.759	2336.447	2325.690	2322.595	2319.059	2322.006	2323.037	2319.206
2323.627	2325.248	2321.417	2317.585	2326.721	2324.216	2344.846	2374.759	2334.089	2323.774	2321.564	2316.554	2318.617	2321.417	2319.648
2325.248	2327.163	2323.332	2321.859	2325.248	2328.637	2349.266	2376.969	2335.120	2328.342	2324.658	2320.974	2323.627	2325.984	2324.069
2324.953	2324.511	2322.301	2318.175	2325.395	2324.953	2345.583	2373.727	2330.552	2324.658	2323.627	2317.291	2319.943	2320.532	2322.595
2328.195	2327.605	2325.984	2324.216	2327.753	2331.142	2351.919	2376.527	2335.563	2331.437	2325.984	2322.448	2324.069	2326.279	2327.163
2325.248	2327.458	2325.100	2322.743	2326.574	2326.721	2347.793	2372.843	2332.910	2326.427	2324.511	2321.711	2320.090	2323.185	2325.395
2323.332	2326.869	2324.216	2325.100	2325.837	2329.521	2351.035	2375.053	2335.710	2327.753	2327.016	2326.132	2323.185	2325.984	2327.016
2322.743	2329.226	2325.248	2323.037	2327.163	2331.289	2349.414	2376.232	2336.299	2326.279	2327.458	2326.279	2321.417	2325.837	2326.574
2321.711	2328.342	2327.311	2325.542	2328.784	2333.205	2352.508	2376.085	2338.215	2326.574	2328.637	2328.195	2324.069	2328.047	2325.542
2320.532	2326.869	2325.984	2321.269	2326.869	2330.258	2348.530	2374.759	2338.657	2322.301	2326.279	2324.511	2319.648	2324.069	2324.511
2319.648	2330.700	2328.195	2324.216	2327.753	2332.615	2352.508	2376.527	2341.604	2326.574	2327.163	2327.016	2323.627	2328.342	2324.806
2315.228	2324.806	2322.153	2316.259	2324.364	2327.163	2348.088	2373.433	2336.594	2319.648	2322.890	2320.532	2319.354	2321.122	2321.122
2318.027	2329.374	2324.953	2320.238	2325.690	2328.342	2351.919	2380.063	2341.015	2325.100	2324.953	2322.006	2323.922	2326.574	2321.564
2316.259	2323.774	2323.922	2314.638	2323.185	2325.542	2351.477	2379.621	2336.889	2321.859	2319.648	2315.964	2319.796	2321.269	2317.143
2318.764	2324.216	2322.448	2317.143	2321.564	2324.658	2350.151	2382.568	2336.447	2324.364	2321.417	2316.996	2321.122	2323.037	2316.701
2317.733	2320.680	2322.301	2314.196	2317.291	2321.122	2348.530	2382.568	2332.615	2324.216	2317.733	2312.575	2318.175	2317.143	2316.112
2320.680	2321.417	2321.711	2318.175	2320.238	2323.332	2348.824	2381.979	2331.289	2325.984	2321.564	2315.080	2322.448	2318.911	2317.585
2317.733	2318.322	2318.911	2314.196	2317.438	2319.354	2343.520	2380.358	2330.110	2323.037	2319.354	2314.344	2317.585	2315.080	2318.469
2321.564	2317.733	2320.385	2317.880	2318.175	2323.479	2344.109	2380.063	2330.405	2323.774	2319.943	2317.143	2320.238	2318.617	2319.206
2318.175	2315.817	2318.322	2314.638	2318.322	2322.595	2341.162	2377.411	2328.342	2321.711	2319.648	2315.375	2315.964	2314.344	2319.648
2324.216	2321.711	2320.827	2319.648	2321.711	2325.248	2343.667	2380.211	2333.794	2325.542	2325.542	2321.269	2320.385	2319.354	2325.837
2321.859	2320.385	2322.153	2320.532	2323.185	2326.427	2345.141	2379.621	2334.678	2323.922	2323.922	2321.711	2320.385	2318.617	2327.163
2322.743	2324.658	2323.332	2323.627	2328.342	2330.995	2347.498	2380.800	2338.804	2327.753	2328.342	2326.132	2321.711	2324.658	2331.142
2318.617	2323.479	2322.743	2323.037	2325.248	2328.932	2347.940	2380.506	2338.362	2323.332	2323.774	2324.511	2317.438	2324.216	2327.016
2318.764	2324.658	2324.069	2321.859	2327.458	2330.110	2350.887	2379.916	2337.183	2326.132	2325.837	2324.806	2319.943	2325.984	2327.753
2315.375	2324.216	2322.890	2321.122	2324.658	2326.132	2349.414	2379.179	2336.447	2323.332	2324.511	2322.448	2317.291	2324.069	2323.185
2317.438	2324.069	2325.248	2320.974	2325.984	2327.900	2351.329	2378.737	2337.773	2325.395	2325.690	2325.837	2320.385	2324.806	2323.627
2314.049	2324.216	2323.037	2319.354	2324.806	2329.374	2349.266	2378.148	2336.889	2322.448	2322.743	2322.595	2319.796	2325.100	2320.680
2314.933	2325.395	2323.774	2317.143	2326.279	2329.521	2349.414	2378.295	2336.447	2322.595	2324.216	2323.922	2320.238	2323.037	2320.827
2313.607	2322.743	2320.974	2313.017	2320.680	2325.100	2347.056	2377.264	2332.910	2317.438	2319.648	2319.059	2319.354	2320.385	2316.554
2316.406	2324.511	2323.627	2314.196	2325.100	2328.342	2348.972	2378.590	2337.183	2321.711	2323.185	2319.943	2320.680	2320.974	2320.680
2315.817	2322.595	2319.206	2314.344	2319.943	2325.837	2347.646	2378.148	2333.352	2317.585	2319.354	2316.112	2319.354	2320.238	2316.259
2319.206	2324.511	2323.479	2316.259	2324.511	2329.816	2347.793	2380.948	2337.331	2320.827	2323.185	2318.469	2321.564	2321.564	2320.385
2318.175	2323.332	2319.206	2316.112	2322.301	2326.132	2347.498	2376.969	2333.352	2318.617	2319.796	2314.786	2320.827	2321.122	2319.501
2320.974	2322.448	2322.743	2318.617	2323.185	2327.163	2346.909	2378.148	2336.152	2322.301	2321.859	2319.059	2321.269	2319.796	2322.448
2318.469	2318.469	2318.027	2317.291	2318.764	2323.627	2344.846	2372.696	2332.173	2321.564	2316.701	2314.344	2315.522	2317.438	2319.059
2318.764	2318.617	2321.269	2320.238	2322.595	2326.574	2345.141	2369.896	2333.942	2323.479	2320.090	2316.996	2316.112	2317.880	2321.417
2318.027	2316.701	2317.733	2317.438	2317.880	2324.364	2344.404	2370.043	2330.258	2321.859	2316.554	2315.964	2314.196	2316.554	2318.027
2318.175	2318.617	2322.006	2320.974	2322.301	2327.311	2344.698	2370.191	2334.678	2322.595	2319.648	2320.090	2314.786	2316.849	2321.564
2314.933	2319.206	2319.206	2319.206	2318.322	2324.069	2345.288	2369.159	2331.142	2321.417	2316.849	2320.385	2315.670	2316.996	2320.680
2317.585	2321.711	2325.837	2323.037	2322.595	2329.079	2348.382	2375.495	2336.152	2323.922	2321.711	2324.364	2317.438	2319.943	2323.185
2313.165	2322.301	2321.711	2319.796	2321.711	2326.721	2349.856	2375.201	2333.794	2321.711	2321.711	2323.922	2317.143	2320.827	2319.648
2317.438	2326.721	2327.458	2325.690	2326.279	2331.437	2353.834	2381.095	2339.836	2324.216	2326.869	2326.869	2323.037	2326.427	2326.279
2316.996	2327.753	2324.953	2320.532	2323.627	2329.079	2352.508	2383.011	2339.099	2321.711	2323.332	2325.984	2320.680	2324.806	2323.185
2317.438	2329.374	2327.163	2324.216	2326.427	2327.605	2352.803	2384.042	2339.983	2321.859	2327.163	2326.132	2322.006	2328.342	2326.132
2317.143	2326.279	2325.248	2320.090	2323.774	2327.753	2351.919	2383.158	2338.510	2321.859	2323.774	2322.595	2321.859	2324.953	2322.743
2320.532	2326.427	2327.163	2322.595	2329.079	2328.932	2354.719	2385.516	2339.688	2324.216	2327.311	2323.037	2321.711	2328.195	2324.806
2318.175	2324.953	2323.627	2317.438	2324.806	2328.047	2350.887	2383.895	2338.510	2320.827	2322.006	2318.175	2319.354	2323.185	2320.827
2320.090	2322.743	2323.774	2318.322	2325.542	2326.132	2350.445	2385.516	2336.152	2321.269	2321.859	2315.817	2318.911	2321.122	2322.743
2317.585	2320.238	2320.532	2313.459	2320.385	2323.922	2346.909	2383.158	2332.321	2319.354	2317.585	2314.049	2316.406	2318.027	2318.469
2320.238	2320.680	2321.417	2319.796	2322.301	2325.690	2350.003	2384.631	2334.089	2323.332	2320.680	2316.406	2321.122	2318.911	2322.006
2319.501	2320.090	2320.385	2316.112	2319.354	2324.953	2347.940	2385.516	2330.995	2322.595	2317.143	2316.701	2319.796	2316.996	2318.617
2319.943	2321.859	2320.680	2319.943	2322.301	2323.922	2347.940	2385.958	2332.026	2325.100	2320.532	2319.059	2319.501	2319.796	2321.711
2319.354	2321.269	2318.469	2318.764	2317.585	2324.364	2345.141	2386.694	2332.026	2322.153	2317.438	2318.617	2318.027	2316.996	2319.943
2319.796	2321.859	2319.501	2323.185	2320.532	2324.364	2345.435	2384.631	2331.731	2325.248	2320.827	2322.743	2319.648	2319.796	2323.332
2318.617	2322.595	2320.090	2324.216	2319.354	2325.837	2344.404	2383.895	2333.205	2323.332	2320.385	2323.479	2319.501	2320.827	2322.595
2319.354	2323.185	2323.185	2326.574	2323.922	2326.721	2346.909	2383.011	2336.005	2325.984	2323.479	2325.395	2320.090	2322.006	2322.595
2314.933	2321.859	2320.827	2323.037	2322.743	2325.837	2344.404	2379.474	2334.089	2321.417	2321.564	2324.216	2318.911	2321.122	2323.185
2314.638	2322.743	2320.532	2325.248	2324.953	2327.458	2344.698	2377.558	2336.889	2323.037	2322.006	2322.006	2318.617	2320.680	2322.153
2313.459	2321.122	2320.385	2319.354	2323.185	2326.427	2344.404	2375.643	2335.120	2318.911	2320.385	2319.796	2319.059	2319.354	2322.006
2313.901	2322.153	2321.859	2321.859	2325.248	2327.753	2346.614	2373.138	2336.889	2322.153	2322.153	2319.354	2320.532	2320.827	2322.301
2312.723	2318.764	2319.354	2316.849	2322.743	2325.542	2344.551	2370.485	2333.647	2318.764	2321.269	2313.607	2318.617	2317.585	2318.764
2314.491	2321.859	2319.206	2316.701	2321.564	2323.627	2344.109	2366.802	2331.289	2320.974	2319.501	2315.228	2318.027	2317.438	2317.143
2314.933	2320.238	2317.291	2315.670	2322.890	2324.069	2340.867	2367.096	2333.205	2319.796	2321.417	2313.459	2319.648	2318.617	2317.880
2319.206	2323.922	2322.743	2317.585	2323.037	2325.100	2342.193	2367.980	2333.057	2323.627	2322.153	2314.049	2319.354	2319.501	2317.143
2319.501	2321.859	2321.564	2316.554	2323.332	2323.332	2339.688	2364.297	2330.700	2322.743	2323.774	2316.406	2320.974	2319.501	2319.354
2323.185	2323.479	2325.837	2323.627	2323.332	2327.605	2340.573	2364.591	2331.584	2326.427	2324.658	2320.238	2322.890	2321.564	2318.764
2320.238	2319.943	2322.006	2321.122	2322.153	2323.774	2335.120	2358.844	2327.016	2323.922	2322.448	2319.796	2320.680	2318.764	2317.733
2321.859	2320.532	2323.037	2325.248	2322.006	2324.953	2336.889	2357.960	2330.258	2325.837	2321.711	2323.627	2322.743	2322.006	2319.354
2322.006	2316.996	2320.385	2323.627	2320.680	2324.069	2332.763	2353.982	2328.784	2325.542	2321.122	2320.827	2323.479	2320.238	2320.090
2320.532	2319.206	2320.238	2324.953	2319.943	2323.332	2333.057	2349.856	2324.953	2324.806	2319.796	2322.743	2322.006	2319.354	2320.238
2319.059	2315.670	2316.849	2323.627	2319.648	2321.859	2330.110	2344.404	2324.511	2323.037	2319.796	2320.680	2322.301	2319.796	2318.764
2319.648	2318.911	2320.532	2326.279	2319.943	2326.574	2333.352	2344.109	2326.279	2323.185	2320.385	2322.301	2321.417	2322.153	2320.680
2319.648	2319.354	2316.406	2324.511	2320.385	2322.890	2331.142	2339.541	2324.806	2323.479	2320.974	2320.238	2321.711	2320.680	2318.911
2320.827	2323.922	2320.238	2326.574	2321.417	2325.837	2333.794	2341.899	2327.605	2324.658	2323.037	2321.122	2322.301	2322.890	2323.332
2318.322	2323.922	2318.764	2322.448	2321.564	2323.922	2330.995	2338.362	2323.774	2323.185	2321.711	2320.974	2319.501	2321.564	2319.943
2318.764	2325.837	2320.827	2324.364	2324.806	2327.311	2334.973	2338.657	2325.542	2321.859	2324.364	2320.385	2319.059	2323.774	2322.448
2319.501	2324.069	2319.943	2320.974	2323.037	2325.837	2333.794	2336.594	2324.364	2319.796	2321.269	2317.143	2318.764	2322.153	2319.354
2319.943	2324.806	2321.269	2322.595	2325.984	2328.195	2335.857	2337.036	2326.132	2321.269	2325.837	2318.175	2319.059	2324.069	2322.448
2316.849	2320.090	2317.733	2316.406	2320.974	2324.069	2331.289	2332.468	2323.037	2318.469	2319.059	2313.312	2316.849	2318.175	2316.701
2316.996	2319.206	2319.648	2316.849	2324.216	2327.016	2330.552	2334.236	2325.100	2317.733	2322.890	2314.933	2315.964	2321.269	2318.027
2317.143	2316.701	2317.438	2313.312	2319.943	2323.037	2329.963	2330.700	2323.185	2316.259	2319.501	2313.312	2316.259	2317.733	2314.196
2320.238	2316.849	2320.090	2317.585	2321.122	2325.248	2329.521	2333.205	2323.922	2317.585	2321.711	2312.723	2319.354	2322.153	2319.354
2317.438	2316.996	2319.501	2315.375	2317.143	2321.269	2324.953	2331.437	2323.037	2317.880	2317.733	2313.165	2317.733	2318.322	2316.259
2317.438	2317.585	2320.385	2317.733	2317.585	2321.417	2325.100	2332.910	2322.743	2320.532	2318.764	2315.817	2320.680	2319.943	2319.796
2317.291	2314.049	2317.438	2315.670	2314.049	2318.764	2320.385	2332.173	2319.059	2317.880	2313.312	2313.459	2318.322	2315.670	2316.112
2319.943	2317.438	2319.648	2320.385	2319.943	2320.238	2325.100	2335.710	2321.269	2324.216	2320.680	2318.764	2320.974	2319.796	2321.859
2318.469	2315.964	2316.112	2318.175	2315.522	2317.143	2322.890	2331.584	2316.406	2319.354	2314.933	2316.112	2317.585	2315.817	2319.943
2316.996	2316.701	2316.259	2318.911	2318.764	2320.238	2321.859	2334.236	2316.406	2321.269	2315.080	2318.322	2316.259	2318.175	2320.385
2314.196	2316.259	2312.723	2315.228	2316.701	2317.880	2320.974	2329.226	2314.786	2316.996	2313.165	2316.701	2312.133	2312.723	2316.406
2314.933	2315.375	2313.459	2319.354	2319.796	2320.974	2323.627	2332.026	2315.228	2316.701	2316.554	2317.733	2312.133	2315.670	2316.701
2315.522	2316.112	2314.638	2316.259	2319.206	2321.564	2323.479	2329.079	2315.670	2314.638	2318.027	2317.438	2309.776	2315.522	2314.344
2319.354	2322.153	2318.322	2321.564	2323.037	2324.806	2328.932	2330.995	2319.501	2317.438	2321.859	2320.680	2312.870	2320.532	2318.911
2316.849	2319.943	2315.522	2316.701	2318.617	2323.185	2324.658	2326.574	2316.554	2312.870	2316.996	2316.554	2310.954	2318.469	2313.901
2318.469	2323.922	2319.796	2320.827	2322.448	2325.248	2329.816	2329.079	2321.122	2318.322	2322.006	2317.438	2315.080	2321.417	2319.501
2319.206	2323.037	2320.385	2319.501	2322.006	2324.364	2329.816	2326.427	2321.122	2316.259	2320.680	2315.670	2315.375	2319.943	2316.849
2321.417	2324.953	2322.890	2320.974	2321.417	2325.542	2330.258	2329.668	2322.595	2318.617	2322.301	2314.933	2318.322	2321.122	2317.880
2319.354	2320.385	2321.417	2315.670	2321.122	2322.890	2330.700	2324.806	2321.269	2318.469	2318.175	2312.723	2318.175	2319.943	2316.406
2319.796	2322.153	2320.827	2319.059	2320.532	2323.627	2328.637	2327.016	2321.269	2320.385	2317.143	2312.575	2318.617	2317.733	2318.322
2311.544	2315.080	2315.670	2312.281	2318.764	2316.996	2325.100	2322.890	2319.354	2316.259	2311.396	2310.954	2314.786	2312.133	2313.017
2317.143	2318.617	2317.143	2317.585	2320.090	2319.943	2325.984	2326.574	2320.680	2318.027	2314.196	2313.754	2318.322	2313.017	2316.849
2312.575	2313.607	2315.228	2313.459	2316.701	2316.849	2322.153	2324.953	2319.796	2315.964	2309.481	2312.428	2314.491	2308.891	2311.839
2318.617	2318.617	2317.143	2318.322	2318.469	2319.059	2324.069	2327.016	2321.269	2319.354	2315.964	2316.996	2318.175	2314.491	2316.996
2341.457	2335.268	2313.607	2331.142	2315.670	2334.236	2322.890	2337.331	2315.670	2329.079	2322.890	2322.890	2331.142	2315.670	2325.984
2297.103	2301.229	2320.827	2311.544	2312.575	2313.607	2319.796	2318.764	2328.047	2317.733	2311.544	2309.481	2303.292	2301.229	2310.512
2355.897	2350.740	2331.142	2342.488	2333.205	2335.268	2338.362	2346.614	2331.142	2337.331	2344.551	2344.551	2336.299	2347.646	2339.394
