2344.551	2330.110	2343.520	2343.520	2345.583	2356.929	2404.377	2432.227	2386.842	2323.922	2324.953	2323.922	2341.457	2344.551	2340.425
2348.677	2348.677	2342.488	2355.897	2342.488	2345.583	2383.747	2413.660	2393.031	2355.897	2360.023	2357.960	2345.583	2344.551	2341.457
2346.614	2342.488	2350.740	2367.244	2368.275	2367.244	2405.408	2432.227	2419.849	2348.677	2344.551	2349.709	2365.181	2356.929	2361.055
2346.761	2342.930	2348.235	2353.982	2353.687	2356.045	2397.304	2427.217	2394.504	2346.761	2346.025	2346.909	2346.909	2351.624	2346.614
2344.404	2343.814	2345.730	2355.013	2354.571	2354.866	2396.272	2425.891	2392.736	2350.298	2348.382	2349.266	2344.846	2351.771	2346.614
2343.372	2343.962	2348.972	2354.424	2354.719	2357.813	2399.367	2429.427	2392.441	2350.298	2347.498	2348.824	2345.435	2353.540	2348.972
2342.783	2345.141	2348.235	2354.424	2352.214	2356.929	2399.662	2430.459	2389.641	2350.887	2347.056	2348.530	2341.162	2351.771	2345.288
2341.162	2346.025	2348.530	2352.214	2349.709	2356.339	2401.872	2433.258	2392.441	2350.740	2346.025	2348.235	2340.720	2351.919	2344.993
2343.078	2349.266	2348.235	2353.540	2351.771	2358.844	2407.177	2438.416	2393.620	2353.834	2349.561	2351.035	2343.520	2352.066	2346.467
2344.698	2350.151	2350.003	2351.182	2350.151	2357.371	2409.240	2439.742	2396.862	2355.161	2350.445	2349.709	2344.846	2352.066	2346.614
2344.846	2350.298	2348.235	2353.098	2349.856	2359.581	2410.418	2442.394	2399.367	2355.897	2349.561	2349.856	2345.141	2351.624	2345.730
2347.646	2353.098	2351.771	2354.276	2350.887	2360.171	2416.607	2450.351	2406.735	2358.108	2350.003	2351.477	2349.709	2351.624	2347.056
2349.266	2354.571	2351.182	2355.603	2354.276	2361.644	2417.491	2452.562	2411.303	2360.613	2351.771	2350.740	2351.182	2352.803	2346.467
2350.003	2354.571	2351.771	2353.392	2353.834	2358.992	2419.554	2456.688	2412.923	2358.550	2350.887	2349.561	2353.098	2351.624	2348.088
2353.392	2358.108	2354.866	2356.487	2357.960	2361.792	2420.733	2461.108	2417.197	2360.907	2353.687	2351.329	2354.719	2352.508	2350.151
2353.245	2355.455	2356.634	2358.255	2359.287	2360.318	2420.586	2464.792	2420.291	2360.465	2351.919	2350.445	2355.603	2354.719	2352.066
2352.656	2356.782	2358.844	2360.613	2362.381	2361.792	2423.828	2470.539	2424.417	2360.171	2354.276	2353.245	2356.782	2355.161	2352.508
2354.276	2353.687	2355.603	2360.171	2362.381	2359.581	2424.417	2473.781	2424.712	2357.076	2351.477	2353.392	2354.719	2355.308	2353.098
2352.803	2350.887	2356.045	2360.318	2362.528	2360.465	2425.006	2475.696	2425.006	2355.161	2351.035	2353.982	2353.245	2357.224	2354.276
2354.571	2350.445	2352.950	2358.844	2362.234	2357.813	2427.954	2479.233	2422.649	2351.919	2348.382	2354.866	2350.445	2356.045	2354.276
2352.803	2349.856	2352.066	2357.666	2362.234	2360.465	2430.311	2482.917	2426.038	2355.308	2350.593	2356.192	2349.856	2359.287	2355.308
2350.593	2347.498	2351.035	2355.603	2360.171	2358.255	2431.195	2484.243	2422.943	2352.950	2347.351	2353.982	2345.730	2355.603	2351.477
2347.646	2348.088	2346.172	2351.624	2355.161	2357.518	2433.553	2486.600	2421.765	2350.445	2346.761	2351.182	2342.046	2353.245	2351.329
2348.677	2346.761	2344.846	2348.824	2356.192	2358.402	2433.995	2488.074	2420.291	2351.477	2345.141	2349.709	2341.899	2352.656	2350.298
2347.646	2348.677	2346.761	2351.329	2356.339	2358.992	2438.268	2492.200	2422.943	2354.276	2348.530	2351.329	2344.256	2353.098	2353.392
2351.035	2351.919	2346.909	2351.329	2356.782	2360.023	2438.268	2493.821	2423.680	2356.192	2350.887	2351.329	2344.698	2354.424	2351.477
2349.414	2352.656	2349.266	2352.214	2354.866	2361.202	2441.510	2499.568	2428.838	2359.287	2352.361	2350.445	2347.498	2353.834	2352.508
2351.182	2352.950	2350.151	2353.982	2356.045	2360.465	2441.215	2500.304	2427.659	2357.371	2352.066	2352.656	2348.235	2352.214	2350.445
2349.561	2350.887	2347.940	2353.098	2355.455	2358.697	2439.889	2498.094	2428.838	2358.550	2351.477	2349.856	2350.003	2351.035	2351.035
2351.477	2351.182	2349.561	2354.129	2356.782	2358.550	2439.300	2494.116	2429.280	2357.666	2350.593	2352.508	2351.477	2350.740	2350.003
2351.182	2350.740	2348.677	2354.866	2353.392	2356.634	2436.500	2495.000	2428.985	2357.960	2352.361	2349.856	2351.624	2348.677	2350.003
2348.824	2347.793	2348.972	2351.919	2352.214	2353.687	2433.995	2491.021	2425.301	2355.161	2348.824	2347.351	2348.235	2346.319	2345.288
2345.141	2347.793	2348.530	2350.593	2351.919	2353.098	2431.343	2490.284	2424.417	2353.982	2348.235	2343.962	2347.940	2342.636	2346.172
2346.319	2345.288	2347.351	2349.414	2352.803	2350.151	2427.364	2485.422	2420.291	2350.593	2345.583	2343.078	2344.404	2341.899	2344.846
2345.583	2348.530	2348.530	2350.445	2354.424	2353.245	2428.838	2484.095	2420.881	2352.508	2346.761	2341.309	2345.435	2343.962	2348.088
2347.498	2346.761	2350.151	2351.624	2354.129	2351.919	2428.985	2483.801	2418.965	2351.477	2346.319	2343.814	2343.225	2344.698	2348.235
2343.962	2346.467	2347.351	2351.771	2354.719	2351.035	2429.280	2484.095	2420.733	2353.245	2345.435	2341.751	2344.256	2344.109	2346.025
2344.404	2344.698	2347.498	2350.298	2353.245	2351.477	2430.164	2483.211	2419.112	2349.856	2344.698	2343.225	2340.867	2345.435	2348.382
2344.256	2347.498	2347.056	2353.834	2354.571	2353.245	2431.785	2489.105	2422.649	2352.066	2347.203	2344.698	2342.783	2348.382	2348.824
2343.078	2343.814	2343.225	2349.856	2350.740	2350.003	2431.195	2488.074	2419.849	2350.740	2343.962	2345.730	2339.688	2347.351	2347.498
2341.604	2344.404	2343.667	2350.887	2349.266	2350.593	2433.258	2491.611	2422.207	2352.508	2345.583	2346.319	2341.457	2347.351	2344.993
2341.309	2338.952	2340.278	2346.467	2344.256	2346.319	2430.459	2491.463	2420.291	2350.593	2343.372	2344.993	2338.510	2344.109	2341.899
2339.541	2341.604	2340.130	2344.256	2343.667	2348.088	2432.522	2495.147	2423.238	2351.035	2344.404	2346.025	2340.867	2347.203	2340.867
2343.520	2341.899	2343.520	2345.288	2343.962	2349.709	2433.553	2499.715	2422.649	2351.477	2347.203	2348.677	2340.425	2346.467	2341.457
2342.341	2343.225	2342.783	2346.025	2346.467	2350.151	2436.647	2502.367	2426.185	2351.329	2345.730	2346.761	2342.193	2346.319	2338.952
2341.899	2341.751	2341.015	2341.457	2344.109	2348.677	2435.027	2500.746	2424.270	2347.940	2344.846	2345.141	2341.604	2341.604	2338.362
2344.109	2342.341	2344.109	2345.877	2345.583	2350.151	2438.416	2503.841	2428.396	2347.056	2346.614	2343.962	2343.814	2343.372	2338.068
2341.751	2343.078	2342.046	2343.372	2344.846	2347.646	2437.974	2505.167	2427.806	2342.783	2344.256	2341.457	2341.899	2340.278	2337.920
2344.551	2342.341	2344.551	2345.877	2348.530	2348.088	2438.563	2507.672	2430.311	2341.457	2345.730	2342.193	2342.341	2340.425	2338.510
2344.256	2344.698	2345.435	2348.530	2351.771	2348.824	2439.742	2511.356	2432.669	2341.899	2346.025	2342.341	2344.698	2340.278	2342.341
2343.225	2342.046	2344.109	2346.614	2351.771	2347.940	2438.563	2509.440	2429.574	2340.425	2345.583	2338.657	2340.425	2341.899	2341.309
2338.804	2340.720	2341.899	2344.256	2347.351	2343.814	2433.995	2506.641	2427.511	2339.246	2341.015	2338.068	2336.447	2338.068	2339.099
2339.983	2340.425	2344.109	2344.993	2351.329	2346.614	2437.826	2507.230	2426.627	2340.867	2343.225	2338.510	2338.215	2340.130	2341.015
2337.773	2339.394	2341.899	2342.930	2349.561	2345.288	2435.911	2509.882	2425.743	2341.015	2341.015	2339.688	2334.678	2339.394	2340.278
2337.478	2337.920	2344.698	2343.667	2352.214	2350.151	2436.647	2508.114	2425.154	2343.814	2343.814	2341.162	2337.478	2342.193	2342.783
2332.763	2337.625	2339.246	2339.541	2346.025	2347.203	2434.879	2506.051	2419.554	2342.783	2339.099	2338.215	2334.089	2340.867	2338.068
2332.173	2334.384	2339.099	2336.889	2343.667	2344.846	2433.258	2503.546	2415.723	2341.457	2338.068	2336.152	2331.142	2337.920	2337.478
2329.079	2335.120	2336.447	2336.741	2339.688	2344.109	2431.637	2501.925	2415.723	2341.751	2336.594	2335.268	2332.321	2334.826	2335.268
2333.942	2336.594	2339.983	2337.920	2342.341	2348.088	2434.879	2503.841	2416.165	2343.372	2340.130	2337.773	2336.447	2341.309	2338.952
2332.910	2336.005	2337.625	2337.920	2338.657	2345.141	2429.132	2500.894	2416.902	2343.667	2337.036	2335.563	2333.647	2339.099	2334.531
2335.563	2338.657	2338.952	2337.625	2342.341	2346.909	2430.606	2497.063	2416.460	2343.962	2340.130	2335.563	2337.920	2341.457	2335.710
2338.068	2340.425	2337.183	2337.920	2340.573	2345.730	2429.869	2497.063	2415.870	2345.288	2339.983	2339.099	2336.299	2340.720	2334.236
2340.867	2343.962	2340.867	2340.278	2344.404	2348.677	2431.932	2499.715	2419.996	2345.435	2342.930	2338.804	2340.278	2342.636	2336.889
2340.425	2342.046	2338.657	2340.720	2344.109	2349.709	2430.459	2500.452	2421.175	2345.288	2342.193	2340.573	2339.836	2341.309	2334.826
2341.751	2342.193	2340.130	2339.541	2346.614	2348.972	2430.016	2503.546	2422.059	2343.520	2341.751	2338.804	2339.983	2342.488	2337.331
2338.068	2339.394	2337.331	2340.720	2346.467	2345.435	2431.343	2504.136	2421.028	2342.046	2341.457	2336.152	2338.510	2338.804	2333.942
2337.773	2342.636	2339.099	2338.804	2346.909	2346.025	2430.753	2506.641	2420.438	2341.457	2341.015	2336.152	2338.362	2341.309	2336.594
2333.794	2338.362	2337.331	2337.920	2342.636	2342.341	2427.806	2501.189	2418.965	2340.130	2340.130	2332.615	2333.500	2336.299	2334.236
2332.615	2336.005	2336.152	2338.215	2341.162	2341.162	2423.680	2500.599	2416.902	2336.741	2336.152	2328.195	2333.942	2335.857	2333.942
2329.816	2332.615	2336.299	2338.657	2340.720	2339.099	2420.291	2495.147	2416.165	2337.625	2337.331	2330.552	2329.963	2335.120	2335.268
2331.584	2335.710	2336.889	2340.425	2339.836	2341.309	2420.438	2493.526	2413.071	2339.099	2337.036	2330.258	2331.289	2338.657	2337.036
2330.847	2334.678	2335.268	2338.804	2336.299	2338.510	2417.491	2489.253	2410.860	2338.952	2337.183	2330.847	2329.226	2338.657	2335.120
2332.763	2335.120	2336.152	2337.625	2337.036	2339.246	2414.986	2487.927	2408.945	2339.688	2334.678	2332.321	2326.574	2337.773	2338.362
2330.847	2331.584	2334.089	2339.983	2334.384	2337.625	2416.313	2487.779	2407.177	2338.362	2333.942	2333.205	2327.311	2335.120	2335.563
2331.879	2333.352	2336.447	2337.331	2336.299	2339.099	2415.281	2489.990	2404.966	2337.036	2331.437	2336.447	2329.521	2338.804	2337.478
2330.405	2333.500	2334.236	2337.331	2335.857	2337.331	2415.576	2488.074	2405.998	2339.394	2332.468	2335.415	2327.458	2336.741	2334.089
2331.731	2335.857	2336.299	2335.710	2336.299	2338.657	2418.965	2494.410	2406.735	2338.215	2331.289	2335.268	2331.437	2338.510	2333.352
2330.700	2333.942	2332.615	2335.415	2336.005	2335.415	2419.996	2497.505	2409.387	2337.625	2331.142	2333.352	2329.963	2334.531	2329.816
2330.995	2334.973	2335.268	2336.005	2339.246	2338.657	2422.649	2500.894	2411.450	2336.741	2330.847	2333.500	2330.847	2336.299	2330.552
2329.374	2332.763	2333.352	2336.152	2337.625	2339.394	2422.354	2502.367	2413.365	2335.710	2333.205	2335.120	2332.910	2335.563	2328.195
2334.384	2336.299	2334.973	2334.973	2340.130	2341.604	2423.091	2505.020	2417.197	2336.005	2335.857	2333.057	2333.647	2337.920	2331.731
2333.500	2335.563	2333.942	2339.099	2341.015	2343.225	2426.480	2509.882	2420.438	2337.036	2337.920	2335.268	2334.236	2336.594	2330.552
2336.889	2337.773	2338.068	2338.068	2343.225	2346.467	2426.922	2512.829	2422.059	2336.741	2340.720	2335.857	2336.152	2339.099	2334.826
2335.563	2336.005	2335.857	2340.720	2344.846	2349.119	2426.627	2510.767	2419.554	2338.068	2341.309	2336.005	2336.447	2337.773	2335.857
2336.152	2337.625	2338.068	2339.836	2345.435	2348.382	2425.154	2511.651	2419.702	2337.036	2341.604	2334.531	2336.741	2339.688	2337.331
2334.678	2335.710	2336.594	2340.867	2344.404	2347.498	2425.301	2509.588	2416.902	2338.510	2344.256	2334.678	2335.415	2338.362	2337.625
2336.594	2339.394	2339.836	2343.225	2345.435	2348.972	2425.449	2511.503	2419.849	2342.341	2343.078	2334.089	2337.625	2341.162	2338.952
2334.089	2336.152	2341.015	2344.256	2344.846	2346.909	2422.649	2505.462	2415.723	2344.256	2344.698	2336.741	2335.415	2341.457	2339.099
2337.036	2337.920	2340.867	2343.962	2342.636	2347.351	2419.407	2500.599	2414.397	2345.288	2342.636	2334.531	2333.942	2341.457	2340.278
2333.794	2335.563	2341.457	2343.520	2340.278	2343.078	2419.260	2496.178	2409.976	2342.930	2341.309	2335.268	2333.794	2342.783	2338.804
2336.741	2337.773	2341.162	2343.225	2338.657	2342.193	2417.933	2493.673	2412.334	2345.288	2340.720	2336.005	2332.910	2342.488	2341.751
2336.152	2337.036	2342.046	2342.783	2336.889	2341.751	2415.723	2488.516	2409.092	2342.193	2339.099	2337.625	2332.615	2343.372	2338.952
2338.510	2339.836	2341.015	2341.604	2337.478	2341.457	2414.544	2487.190	2408.355	2340.720	2336.594	2338.068	2334.678	2341.015	2341.015
2338.510	2339.836	2340.130	2338.215	2337.183	2340.130	2411.892	2480.412	2403.051	2337.625	2337.036	2336.447	2333.057	2341.309	2338.510
2338.510	2339.983	2337.036	2336.889	2337.773	2341.309	2411.597	2479.970	2403.051	2334.236	2334.384	2335.857	2334.531	2339.394	2337.183
2336.447	2340.278	2336.005	2336.005	2338.510	2339.983	2409.387	2478.349	2400.104	2334.826	2335.415	2334.973	2335.563	2338.804	2334.826
2336.594	2338.068	2332.173	2337.183	2339.541	2341.309	2410.124	2478.054	2401.430	2334.384	2334.973	2333.205	2334.531	2336.005	2333.794
2334.973	2336.447	2331.289	2334.826	2339.394	2338.804	2404.672	2474.370	2397.304	2330.552	2334.236	2332.468	2334.236	2334.826	2330.552
2335.857	2336.889	2332.026	2336.741	2341.899	2342.046	2406.292	2471.718	2397.451	2335.268	2338.215	2332.615	2335.857	2336.594	2333.942
2333.942	2334.384	2333.942	2337.920	2342.193	2342.783	2403.493	2470.981	2397.599	2336.741	2338.362	2334.678	2336.447	2338.510	2331.731
2334.973	2333.205	2333.352	2340.425	2342.193	2344.109	2400.988	2469.949	2397.157	2337.036	2340.278	2334.531	2337.331	2337.478	2332.468
2333.057	2334.531	2335.120	2340.867	2340.720	2344.256	2400.398	2468.034	2397.599	2338.362	2340.278	2335.857	2336.152	2339.099	2332.763
2336.741	2334.089	2336.889	2343.078	2342.636	2347.056	2399.072	2467.444	2396.714	2338.362	2340.425	2335.857	2338.068	2340.130	2335.120
2334.678	2333.057	2337.036	2341.015	2339.099	2343.520	2395.536	2463.466	2395.683	2338.362	2340.573	2335.120	2334.678	2340.278	2334.678
2335.857	2334.973	2339.394	2341.751	2338.362	2346.025	2398.335	2465.234	2394.209	2341.751	2341.015	2336.152	2335.415	2343.667	2335.710
2334.089	2332.910	2336.005	2339.836	2335.268	2342.341	2395.241	2463.171	2394.357	2338.510	2339.983	2335.710	2332.321	2339.394	2333.205
2335.710	2334.089	2338.068	2339.099	2334.384	2341.604	2397.599	2465.676	2394.357	2338.657	2338.068	2334.678	2331.731	2339.983	2334.531
2333.500	2333.205	2334.531	2337.331	2335.268	2340.573	2399.956	2465.381	2393.915	2336.447	2337.183	2334.531	2329.963	2338.068	2335.120
2333.794	2332.615	2336.152	2335.563	2335.120	2339.394	2399.809	2467.150	2391.557	2336.889	2334.826	2333.500	2330.405	2336.152	2336.005
2332.026	2332.321	2333.500	2332.321	2333.057	2337.920	2400.693	2466.118	2390.968	2335.563	2334.678	2334.236	2328.637	2335.120	2332.910
2333.942	2335.415	2336.447	2333.352	2336.447	2341.899	2401.135	2469.655	2390.526	2334.384	2334.236	2337.183	2332.026	2333.942	2333.647
2332.321	2333.794	2332.321	2334.384	2337.183	2339.688	2401.725	2470.686	2392.883	2334.236	2334.236	2336.741	2331.879	2330.700	2331.142
2335.120	2334.236	2335.415	2334.973	2339.688	2342.783	2403.493	2474.517	2392.294	2334.236	2333.647	2337.036	2334.826	2331.289	2332.026
2334.678	2336.447	2331.142	2335.415	2340.130	2343.078	2402.609	2473.633	2391.999	2333.500	2335.563	2337.183	2335.415	2330.552	2332.468
2333.205	2335.415	2333.352	2336.152	2339.688	2343.520	2400.988	2475.696	2392.294	2334.236	2334.973	2335.857	2336.447	2331.584	2331.289
2334.973	2335.268	2330.847	2336.741	2340.130	2344.109	2403.198	2476.138	2393.915	2333.942	2336.594	2335.268	2337.036	2332.910	2330.110
2332.615	2333.500	2333.352	2338.362	2340.278	2342.930	2402.756	2479.970	2395.388	2333.942	2336.299	2333.057	2337.036	2332.615	2331.584
2333.647	2330.552	2330.700	2338.510	2340.573	2342.783	2404.672	2480.559	2395.830	2336.447	2334.973	2332.321	2335.415	2334.531	2331.289
2331.289	2329.668	2331.289	2337.625	2339.836	2342.046	2399.809	2478.496	2393.031	2332.910	2334.973	2328.784	2334.678	2333.647	2332.026
2330.110	2329.668	2330.700	2337.478	2337.183	2341.604	2398.925	2475.254	2393.767	2333.942	2333.794	2329.521	2332.173	2335.120	2332.615
2329.374	2327.753	2332.026	2336.005	2338.804	2342.636	2395.241	2471.276	2390.378	2333.794	2331.437	2329.521	2333.352	2334.531	2330.847
2330.110	2329.374	2331.437	2333.794	2335.268	2339.688	2393.178	2466.413	2389.641	2333.794	2327.605	2330.552	2330.995	2334.531	2329.668
2331.142	2329.668	2333.647	2335.563	2336.889	2343.225	2391.115	2467.592	2387.579	2336.152	2330.552	2332.173	2335.268	2335.120	2331.289
2332.468	2329.668	2333.942	2332.763	2335.268	2339.688	2390.378	2460.813	2386.842	2335.857	2328.637	2333.647	2333.942	2334.384	2330.995
2330.995	2332.173	2332.173	2331.731	2332.763	2340.278	2386.842	2457.866	2384.042	2336.889	2330.110	2333.942	2334.384	2332.763	2332.615
2333.057	2332.615	2334.089	2331.437	2332.468	2339.099	2388.021	2452.562	2382.863	2336.594	2329.374	2335.563	2333.057	2333.794	2332.615
2332.026	2332.321	2331.584	2330.110	2333.794	2336.447	2386.989	2453.446	2380.948	2339.099	2329.521	2335.120	2334.826	2331.289	2333.942
2333.057	2331.437	2329.963	2331.142	2332.173	2334.973	2389.347	2453.888	2384.042	2337.625	2330.847	2333.794	2333.352	2330.405	2331.731
2334.678	2331.879	2331.289	2332.321	2334.531	2336.741	2391.557	2457.424	2382.863	2340.720	2334.236	2335.857	2335.563	2329.521	2335.415
2333.500	2333.500	2330.700	2333.057	2335.563	2335.563	2393.473	2460.077	2387.136	2339.246	2332.910	2334.531	2334.236	2330.995	2333.942
2336.741	2333.647	2331.142	2336.299	2337.773	2340.130	2395.536	2467.444	2388.021	2342.930	2336.299	2336.889	2336.741	2332.173	2336.005
2334.826	2335.415	2333.647	2337.331	2339.688	2339.688	2397.304	2472.012	2391.557	2340.573	2335.710	2335.268	2338.362	2334.089	2333.205
2338.657	2334.826	2334.384	2338.952	2341.751	2341.457	2401.282	2484.390	2397.451	2343.520	2337.478	2338.804	2341.015	2334.826	2332.615
2335.710	2336.741	2334.973	2339.983	2341.751	2342.783	2404.082	2490.432	2399.956	2340.867	2336.741	2336.594	2340.425	2336.594	2328.490
2338.068	2337.331	2338.657	2343.372	2343.225	2345.288	2405.998	2500.157	2404.524	2345.141	2338.068	2339.394	2341.899	2339.836	2331.584
2337.920	2340.278	2339.246	2344.551	2342.488	2346.172	2409.387	2504.136	2405.261	2343.372	2339.541	2337.920	2341.751	2340.720	2329.816
2338.068	2338.068	2339.836	2344.698	2343.225	2345.288	2408.650	2505.904	2405.703	2344.109	2337.773	2339.099	2340.867	2340.720	2331.437
2334.678	2338.510	2338.068	2342.636	2340.867	2342.488	2408.945	2507.230	2404.819	2341.457	2337.036	2337.036	2337.331	2341.457	2329.374
2337.625	2337.920	2337.183	2341.751	2342.341	2344.404	2408.945	2507.377	2402.314	2342.930	2334.826	2338.215	2336.594	2340.720	2330.552
2332.615	2338.068	2335.710	2338.657	2339.246	2341.604	2405.556	2500.010	2399.514	2341.899	2334.973	2333.794	2333.205	2338.510	2330.847
2335.857	2336.889	2334.826	2337.331	2339.983	2343.520	2403.493	2495.147	2394.946	2342.046	2333.942	2335.857	2332.763	2336.594	2333.205
2332.763	2336.005	2334.089	2332.910	2336.299	2339.688	2400.251	2483.948	2388.757	2340.720	2332.910	2333.794	2329.816	2333.500	2331.584
2333.205	2334.236	2331.731	2331.731	2337.036	2341.309	2396.567	2481.296	2387.579	2339.246	2329.963	2336.005	2329.374	2332.321	2332.763
2331.584	2333.500	2332.026	2328.784	2333.500	2338.362	2393.620	2473.044	2382.863	2339.394	2329.374	2335.120	2326.869	2328.784	2331.731
2330.552	2333.942	2329.816	2330.405	2334.678	2339.099	2392.589	2469.213	2382.421	2336.741	2328.932	2334.678	2330.110	2326.427	2330.258
2330.258	2332.173	2331.879	2330.847	2331.879	2336.447	2391.557	2465.824	2382.716	2337.478	2330.405	2331.731	2329.079	2325.100	2330.258
2328.932	2335.120	2331.289	2333.500	2333.205	2339.541	2393.178	2466.708	2381.832	2336.299	2329.374	2335.710	2331.584	2327.311	2329.521
2329.816	2333.057	2332.321	2333.352	2332.615	2337.625	2390.968	2463.761	2381.832	2336.594	2331.584	2333.647	2332.026	2328.637	2328.932
2329.521	2336.889	2330.847	2335.857	2336.594	2341.015	2392.441	2465.971	2383.011	2336.299	2332.763	2336.299	2336.005	2330.405	2330.110
2326.721	2332.321	2329.816	2334.678	2334.384	2337.920	2389.052	2460.371	2380.948	2335.268	2331.731	2329.816	2334.531	2329.226	2325.248
2326.279	2336.299	2329.668	2337.183	2336.741	2341.457	2388.757	2462.287	2382.863	2335.268	2334.531	2332.468	2335.710	2332.763	2325.395
2326.574	2334.973	2332.468	2335.710	2337.625	2340.867	2385.368	2458.308	2381.684	2337.920	2335.415	2330.847	2333.500	2333.942	2327.016
2326.869	2335.563	2331.879	2336.152	2340.130	2341.604	2383.453	2457.572	2382.274	2336.889	2335.563	2333.647	2336.594	2335.857	2327.605
2329.816	2332.615	2332.173	2335.857	2343.078	2342.046	2381.095	2455.656	2379.179	2337.625	2335.120	2332.026	2334.089	2334.089	2328.342
2328.490	2335.415	2333.942	2337.036	2341.899	2341.457	2381.684	2457.277	2383.600	2337.036	2333.057	2334.531	2335.268	2337.478	2329.816
2329.226	2332.910	2334.678	2334.678	2342.046	2340.130	2379.474	2457.719	2381.390	2337.183	2332.321	2332.173	2331.584	2335.710	2329.963
2331.142	2336.299	2336.741	2337.478	2342.488	2340.278	2381.684	2457.719	2384.779	2339.394	2332.173	2335.415	2334.678	2339.099	2333.647
2331.142	2331.879	2333.647	2332.910	2340.278	2335.563	2379.916	2456.982	2380.211	2337.183	2329.374	2331.731	2331.289	2333.942	2331.879
2331.437	2333.794	2332.468	2334.826	2338.952	2335.120	2381.979	2458.161	2379.769	2338.510	2327.753	2334.236	2332.615	2333.942	2331.437
2330.110	2333.794	2333.794	2333.205	2339.246	2332.910	2383.600	2458.751	2378.000	2335.268	2327.605	2334.384	2330.258	2331.879	2329.816
2328.932	2333.942	2332.321	2332.615	2336.005	2331.584	2385.663	2459.929	2379.621	2337.625	2327.605	2332.026	2332.026	2331.731	2328.490
2328.637	2332.615	2332.910	2332.468	2336.005	2332.615	2384.631	2459.045	2376.232	2335.268	2328.195	2330.700	2329.816	2328.490	2325.542
2327.458	2333.205	2331.289	2334.678	2335.268	2333.500	2386.400	2458.751	2379.032	2337.331	2328.342	2330.995	2331.142	2329.668	2324.069
2326.427	2330.405	2330.110	2333.205	2336.889	2332.173	2386.400	2459.929	2375.790	2334.678	2329.374	2330.847	2328.637	2327.163	2322.448
2326.427	2335.120	2330.995	2337.625	2338.215	2335.563	2388.905	2458.456	2379.474	2335.415	2330.847	2330.405	2332.321	2331.142	2323.037
2327.753	2332.468	2329.374	2337.036	2338.804	2337.036	2386.842	2459.193	2379.474	2332.173	2331.289	2330.995	2331.879	2330.552	2323.332
2327.311	2334.236	2328.637	2339.246	2338.804	2339.394	2386.842	2459.340	2381.537	2334.678	2332.173	2330.700	2331.879	2333.057	2326.132
2325.984	2331.142	2328.490	2338.068	2338.215	2338.362	2384.337	2459.045	2380.948	2331.289	2331.437	2332.173	2329.816	2333.352	2326.279
2325.984	2334.531	2327.016	2339.836	2340.425	2338.215	2386.400	2463.908	2383.011	2334.973	2334.531	2333.057	2329.374	2333.942	2328.784
2326.721	2329.963	2326.869	2337.920	2337.331	2337.920	2387.726	2466.560	2381.979	2331.437	2330.552	2330.700	2330.110	2332.763	2328.490
2328.047	2332.468	2329.521	2337.478	2337.036	2339.541	2387.726	2472.454	2383.158	2334.826	2333.352	2332.468	2329.668	2333.942	2331.142
2327.163	2328.195	2328.342	2334.678	2337.183	2339.688	2385.663	2469.360	2381.095	2333.942	2329.816	2332.763	2328.784	2333.352	2330.552
2326.721	2330.405	2329.963	2334.089	2335.710	2339.099	2387.873	2474.812	2382.126	2335.120	2328.784	2331.879	2327.900	2333.647	2331.289
2326.279	2325.248	2326.574	2329.668	2330.847	2337.331	2386.105	2473.633	2379.916	2333.500	2327.163	2329.226	2327.016	2330.700	2327.900
2328.784	2328.637	2329.963	2330.258	2331.289	2337.920	2388.463	2477.465	2379.769	2335.120	2327.458	2329.226	2327.753	2330.258	2330.700
2328.784	2325.542	2329.668	2327.753	2328.047	2335.857	2387.873	2472.454	2379.179	2332.321	2325.984	2329.079	2328.195	2329.816	2328.490
2328.784	2328.490	2332.026	2328.637	2330.700	2333.647	2385.810	2470.097	2376.822	2335.415	2329.079	2330.258	2326.869	2328.784	2330.552
2327.163	2328.195	2329.226	2329.079	2329.668	2334.089	2385.221	2465.529	2376.969	2331.879	2327.605	2329.521	2327.458	2329.816	2327.605
2329.374	2327.163	2330.700	2329.079	2327.900	2332.173	2385.810	2467.886	2375.790	2333.794	2329.816	2328.195	2324.953	2328.047	2330.258
2326.427	2326.132	2328.637	2328.342	2329.374	2331.289	2384.484	2459.782	2374.022	2330.700	2329.816	2327.753	2325.100	2325.837	2327.900
2329.374	2329.079	2331.289	2332.321	2332.910	2332.615	2386.252	2460.519	2374.464	2332.763	2331.731	2328.047	2326.721	2328.637	2330.258
2325.395	2325.690	2326.427	2332.763	2331.289	2330.995	2384.631	2456.982	2373.727	2328.784	2329.816	2326.721	2326.427	2328.490	2324.658
2327.605	2326.279	2329.668	2334.089	2332.763	2333.500	2385.073	2458.603	2372.990	2329.226	2329.816	2324.953	2327.900	2328.490	2326.721
2325.248	2324.806	2325.984	2333.500	2332.026	2334.384	2381.832	2454.919	2372.696	2325.984	2329.668	2325.837	2327.311	2329.816	2324.364
2326.427	2324.511	2326.427	2332.468	2333.500	2334.826	2379.327	2450.793	2372.106	2329.079	2329.668	2324.364	2328.047	2328.490	2326.279
2322.743	2323.037	2323.479	2332.026	2333.500	2334.089	2377.116	2449.909	2371.370	2326.132	2328.047	2324.658	2326.279	2329.226	2323.037
2324.806	2322.743	2324.658	2331.584	2333.942	2332.615	2375.643	2450.351	2371.075	2328.784	2327.753	2324.511	2327.311	2330.995	2324.511
2322.448	2322.006	2323.332	2330.552	2332.321	2333.352	2375.790	2451.530	2368.422	2327.016	2325.690	2325.837	2324.364	2329.226	2323.774
2327.605	2326.869	2328.784	2330.258	2337.036	2335.120	2374.464	2447.552	2371.664	2331.879	2328.637	2327.605	2325.248	2331.584	2329.963
2323.774	2322.595	2322.153	2329.079	2333.794	2331.437	2368.717	2441.657	2365.328	2330.110	2324.511	2326.869	2323.627	2329.226	2328.047
2326.427	2324.069	2324.953	2329.226	2335.710	2330.700	2369.159	2437.826	2366.802	2331.437	2326.132	2327.311	2323.479	2328.637	2329.668
2325.248	2324.069	2323.922	2328.932	2331.879	2327.605	2368.422	2434.879	2363.265	2329.963	2323.627	2327.163	2321.417	2326.574	2327.458
2329.079	2328.047	2328.490	2331.879	2334.826	2330.552	2371.664	2435.174	2367.096	2335.710	2329.374	2329.963	2325.542	2326.869	2332.173
2329.079	2328.195	2328.047	2332.615	2331.584	2331.879	2372.696	2436.500	2365.623	2332.910	2329.226	2329.079	2323.627	2328.784	2329.816
2330.110	2329.079	2328.195	2332.763	2334.384	2330.110	2370.485	2432.374	2365.623	2335.120	2329.374	2328.047	2325.395	2327.605	2331.879
2324.364	2324.806	2324.364	2332.173	2329.226	2329.079	2369.749	2431.932	2360.171	2330.258	2326.869	2327.016	2324.069	2324.216	2326.279
2326.574	2327.605	2328.342	2333.205	2332.615	2332.615	2373.875	2436.795	2365.033	2332.321	2331.142	2327.163	2324.806	2326.721	2328.490
2323.627	2324.806	2324.953	2332.321	2329.521	2332.173	2373.138	2438.563	2362.086	2328.490	2327.458	2326.132	2323.332	2326.132	2325.100
2325.100	2325.248	2328.195	2333.794	2333.500	2334.973	2375.938	2443.868	2364.444	2327.900	2329.521	2325.100	2325.100	2328.342	2325.837
2319.648	2319.943	2322.595	2329.816	2328.047	2330.700	2371.959	2442.836	2360.171	2322.448	2323.774	2322.743	2322.006	2326.279	2319.648
2319.796	2320.238	2325.248	2330.258	2330.552	2332.321	2374.022	2443.868	2362.970	2325.395	2325.690	2322.743	2323.627	2324.658	2322.890
2316.701	2317.143	2322.743	2329.521	2327.311	2331.584	2372.401	2447.552	2363.707	2322.153	2325.542	2322.890	2321.711	2324.658	2320.238
2320.385	2318.764	2323.922	2327.900	2329.816	2332.910	2375.495	2451.972	2365.623	2325.100	2327.458	2322.743	2320.827	2326.721	2323.185
2319.943	2319.206	2321.122	2327.458	2329.521	2330.258	2373.875	2447.552	2363.855	2324.953	2325.542	2323.774	2322.743	2326.427	2322.890
2323.185	2321.711	2323.627	2327.311	2330.847	2332.173	2379.032	2454.035	2365.770	2327.900	2328.490	2323.922	2323.037	2329.521	2326.721
2321.269	2320.532	2320.827	2326.574	2328.784	2328.932	2377.264	2452.856	2364.591	2328.637	2326.427	2325.690	2324.511	2328.195	2327.016
2327.016	2325.984	2326.132	2328.195	2334.531	2332.468	2379.179	2455.067	2366.802	2330.700	2328.784	2327.311	2325.395	2329.963	2330.258
2325.542	2325.395	2323.185	2325.837	2331.584	2328.784	2373.580	2449.173	2361.644	2328.784	2325.690	2326.132	2325.837	2330.405	2329.374
2328.784	2328.195	2325.542	2326.574	2334.973	2332.763	2374.906	2446.225	2363.560	2331.142	2326.574	2327.900	2325.837	2330.847	2331.584
2327.900	2327.311	2325.395	2328.784	2332.026	2329.816	2371.959	2441.657	2361.055	2331.437	2325.100	2327.753	2326.279	2330.995	2329.079
2329.816	2326.427	2327.016	2329.226	2334.384	2331.879	2374.317	2444.752	2363.412	2330.995	2325.542	2327.605	2323.332	2328.932	2327.900
2327.163	2327.311	2327.753	2330.110	2332.321	2330.552	2370.043	2438.268	2361.497	2331.731	2324.658	2327.605	2325.248	2328.342	2325.395
2331.437	2327.458	2329.226	2332.321	2334.384	2334.973	2371.075	2438.710	2364.591	2330.700	2326.574	2327.753	2323.479	2327.900	2327.311
2327.605	2326.869	2325.690	2332.763	2330.700	2332.468	2371.959	2437.679	2362.676	2329.816	2325.100	2328.637	2324.364	2326.132	2324.806
2331.289	2327.753	2329.963	2336.005	2335.415	2336.889	2376.232	2441.657	2366.212	2330.847	2328.932	2329.668	2324.806	2327.163	2328.047
2327.605	2325.984	2326.869	2333.647	2331.437	2332.321	2374.906	2439.595	2363.412	2330.995	2328.637	2328.342	2324.806	2326.132	2323.774
2329.374	2325.542	2327.016	2332.468	2333.794	2335.563	2375.348	2442.689	2366.065	2328.047	2329.226	2326.721	2326.574	2325.542	2325.837
2326.574	2324.658	2324.953	2331.584	2330.847	2333.794	2371.075	2439.005	2361.792	2325.100	2329.079	2325.837	2326.721	2325.542	2324.511
2327.163	2322.890	2325.542	2329.521	2331.289	2334.236	2374.022	2440.037	2362.970	2323.185	2327.900	2324.511	2327.311	2324.953	2325.248
2324.216	2323.185	2323.479	2328.932	2330.405	2331.289	2370.927	2436.942	2360.613	2323.922	2329.079	2324.806	2326.279	2325.248	2322.448
2328.195	2323.332	2326.574	2328.195	2332.763	2334.973	2371.222	2435.911	2361.939	2324.806	2329.374	2323.774	2326.721	2327.900	2324.511
2325.248	2322.448	2322.448	2326.279	2330.847	2330.995	2366.212	2430.606	2360.171	2325.248	2329.079	2324.216	2324.364	2325.542	2320.680
2329.079	2324.806	2327.753	2328.047	2333.942	2333.794	2370.191	2433.700	2362.528	2325.837	2329.079	2327.311	2325.837	2328.342	2324.658
2327.900	2325.690	2327.311	2328.490	2332.468	2330.552	2366.065	2423.386	2359.287	2326.279	2329.668	2327.458	2325.837	2325.690	2324.216
2329.668	2328.342	2330.552	2330.110	2334.236	2333.352	2367.538	2421.912	2360.318	2330.552	2330.552	2330.110	2325.395	2329.521	2326.574
2328.195	2326.427	2326.132	2328.932	2331.142	2328.637	2362.086	2416.018	2355.013	2328.490	2328.784	2327.605	2324.216	2324.511	2323.479
2331.584	2329.079	2330.405	2329.374	2334.089	2331.437	2366.507	2418.670	2356.929	2331.437	2329.963	2329.226	2325.984	2326.869	2327.458
2328.047	2326.574	2327.900	2328.490	2329.816	2328.342	2362.086	2413.660	2352.214	2329.226	2328.932	2326.132	2323.774	2323.627	2324.364
2329.521	2326.721	2330.110	2330.995	2333.647	2332.321	2364.591	2415.723	2355.750	2330.700	2327.900	2329.374	2325.542	2323.479	2327.311
2321.417	2319.648	2321.417	2325.837	2325.542	2324.806	2356.045	2404.230	2346.761	2326.132	2322.743	2319.796	2319.648	2317.880	2319.206
2320.238	2318.911	2323.479	2325.395	2325.984	2325.837	2358.255	2409.976	2347.498	2324.806	2321.564	2321.859	2318.469	2320.238	2320.090
2315.522	2314.933	2318.469	2320.680	2322.153	2322.743	2356.339	2408.503	2344.551	2321.859	2319.501	2317.585	2317.880	2316.259	2316.112
2317.143	2318.175	2323.479	2326.427	2325.100	2327.753	2358.550	2411.745	2348.530	2323.185	2322.301	2322.153	2318.175	2321.122	2320.385
2312.428	2313.901	2318.617	2322.448	2321.417	2325.690	2355.308	2408.503	2345.141	2318.617	2318.764	2319.059	2317.143	2318.617	2316.406
2314.786	2315.522	2321.417	2326.721	2324.216	2326.869	2357.076	2412.629	2350.003	2321.417	2322.448	2321.122	2319.943	2321.122	2319.354
2313.017	2314.638	2318.175	2321.711	2318.617	2324.658	2354.571	2413.660	2345.877	2317.880	2319.648	2316.996	2318.764	2320.827	2316.259
2320.532	2321.711	2325.542	2329.521	2326.427	2331.437	2359.876	2418.670	2353.392	2322.890	2327.016	2326.574	2326.279	2327.163	2323.922
2319.943	2322.006	2322.448	2327.016	2325.542	2330.700	2357.960	2419.260	2353.245	2323.922	2324.216	2323.922	2325.395	2326.427	2322.153
2325.100	2327.311	2328.047	2330.258	2330.995	2332.615	2362.823	2421.470	2358.697	2327.311	2329.226	2329.374	2329.963	2329.226	2327.311
2325.248	2325.984	2324.216	2326.869	2330.258	2332.321	2360.171	2421.470	2358.108	2327.163	2327.016	2327.163	2327.753	2327.458	2325.395
2326.574	2328.490	2326.574	2329.374	2331.142	2330.847	2360.760	2419.996	2359.139	2329.374	2328.490	2329.668	2328.932	2330.700	2326.721
2324.658	2327.016	2323.479	2325.100	2329.521	2330.700	2358.992	2414.102	2356.929	2325.837	2324.364	2328.784	2325.837	2326.721	2325.100
2325.690	2329.963	2327.311	2329.521	2334.089	2332.026	2362.970	2414.839	2359.581	2328.490	2327.753	2330.552	2329.963	2330.405	2326.279
2325.248	2326.721	2324.069	2325.395	2328.047	2328.342	2360.465	2415.134	2355.750	2325.690	2323.627	2324.658	2325.542	2325.395	2321.711
2327.016	2328.637	2325.837	2330.847	2331.731	2332.173	2363.412	2414.397	2357.518	2329.668	2327.753	2329.374	2327.605	2327.458	2325.690
2326.427	2322.448	2324.216	2329.226	2325.984	2330.700	2359.729	2411.597	2352.508	2327.458	2323.479	2323.332	2321.564	2323.037	2320.238
2325.395	2322.890	2324.364	2330.847	2325.542	2329.668	2362.823	2413.660	2352.656	2329.374	2326.132	2323.774	2322.743	2322.890	2323.037
2325.100	2319.501	2323.037	2329.079	2323.922	2329.226	2361.055	2414.397	2352.508	2325.984	2324.216	2319.206	2320.974	2318.764	2319.206
2324.658	2319.501	2322.595	2330.995	2324.069	2329.668	2364.149	2418.965	2352.361	2329.963	2326.869	2318.764	2323.185	2322.743	2320.238
2324.069	2318.175	2322.890	2329.668	2322.006	2329.079	2362.970	2417.344	2350.445	2327.311	2326.132	2320.090	2319.501	2319.648	2318.617
2323.774	2319.648	2324.216	2330.700	2326.721	2332.910	2364.886	2420.881	2354.571	2330.847	2329.226	2323.922	2322.006	2322.890	2322.890
2322.448	2318.764	2322.301	2328.784	2322.743	2330.995	2366.212	2421.175	2352.803	2325.984	2329.668	2320.238	2320.680	2321.122	2319.059
2322.448	2323.774	2323.332	2329.668	2326.869	2333.647	2366.949	2426.185	2356.929	2328.784	2329.963	2325.395	2324.806	2326.279	2324.511
2322.448	2321.269	2323.479	2327.311	2326.574	2331.289	2365.328	2427.069	2356.487	2324.069	2329.079	2322.153	2323.479	2325.395	2321.711
2323.185	2325.100	2324.953	2327.163	2328.047	2333.352	2366.654	2427.954	2357.224	2325.984	2329.226	2325.690	2324.658	2327.753	2325.100
2324.953	2325.690	2327.163	2325.984	2328.784	2330.995	2364.149	2429.869	2357.224	2324.658	2326.574	2326.427	2324.953	2327.458	2324.953
2325.395	2326.279	2325.248	2324.216	2328.784	2330.847	2365.475	2431.195	2358.844	2326.279	2325.395	2326.132	2325.690	2329.374	2327.016
2324.806	2325.984	2325.690	2323.185	2327.900	2327.900	2366.065	2435.321	2358.108	2323.479	2321.859	2325.837	2326.132	2327.016	2326.721
2326.721	2326.279	2326.869	2323.479	2330.552	2327.458	2365.328	2437.532	2360.318	2326.427	2320.385	2325.837	2329.079	2330.405	2328.047
2325.100	2324.806	2325.248	2323.627	2328.047	2324.953	2366.212	2439.005	2359.139	2324.364	2321.417	2323.774	2324.806	2325.984	2323.922
2328.932	2329.374	2328.047	2325.837	2329.374	2330.258	2369.601	2441.952	2361.644	2328.932	2323.037	2327.900	2329.079	2331.142	2325.542
2324.806	2327.163	2326.132	2325.248	2329.963	2328.195	2369.749	2443.868	2362.823	2328.047	2322.006	2324.953	2325.395	2326.574	2321.859
2328.195	2326.869	2325.984	2327.458	2330.258	2330.258	2373.433	2444.752	2362.676	2328.342	2325.690	2326.427	2326.132	2329.374	2324.511
2324.511	2325.248	2325.542	2328.047	2329.668	2328.195	2370.191	2441.510	2361.349	2326.574	2324.364	2324.069	2322.743	2324.511	2320.090
2327.458	2325.837	2325.248	2330.405	2329.374	2331.142	2370.780	2434.584	2359.581	2327.753	2327.753	2323.479	2322.743	2326.574	2322.153
2323.037	2325.690	2326.279	2329.963	2327.900	2331.142	2368.422	2428.985	2355.308	2326.574	2327.163	2322.890	2318.911	2322.743	2319.501
2323.627	2324.069	2325.100	2331.731	2327.753	2332.173	2366.360	2423.680	2352.803	2325.984	2326.869	2323.922	2322.595	2326.427	2320.238
2318.911	2323.479	2324.511	2328.784	2326.279	2329.079	2365.475	2417.786	2349.709	2324.216	2325.690	2321.564	2320.385	2322.006	2318.322
2321.122	2323.774	2324.216	2331.142	2326.574	2331.142	2363.707	2414.986	2347.793	2325.100	2326.279	2326.574	2323.185	2325.690	2322.595
2316.259	2322.890	2321.859	2327.016	2326.132	2328.637	2361.939	2412.187	2347.351	2323.627	2323.774	2324.806	2321.564	2321.859	2318.911
2321.122	2324.953	2322.890	2329.374	2326.869	2330.110	2362.234	2414.692	2348.530	2325.248	2325.395	2326.279	2324.953	2325.542	2322.890
2317.733	2324.953	2322.448	2326.279	2326.279	2328.342	2360.171	2410.860	2347.646	2325.248	2323.037	2326.279	2324.511	2325.690	2319.059
2321.711	2325.542	2322.743	2328.784	2328.932	2328.342	2362.381	2416.607	2350.887	2326.132	2322.890	2329.226	2327.311	2329.226	2323.332
2319.206	2324.511	2322.448	2325.248	2328.784	2328.637	2359.287	2414.839	2350.298	2324.364	2320.090	2326.279	2325.395	2325.690	2323.037
2323.037	2324.511	2322.448	2329.079	2332.468	2329.521	2357.960	2416.165	2351.329	2326.279	2320.827	2328.784	2326.132	2327.605	2325.837
2323.185	2324.216	2323.627	2327.605	2330.552	2327.605	2358.992	2414.102	2348.824	2325.690	2322.301	2326.132	2324.069	2324.658	2323.479
2325.395	2326.279	2326.132	2331.437	2332.026	2330.552	2358.255	2410.713	2349.266	2326.132	2322.890	2328.195	2324.364	2325.837	2324.511
2322.448	2323.479	2324.511	2328.784	2328.932	2330.110	2357.813	2407.177	2346.467	2325.984	2322.890	2326.721	2323.037	2322.890	2323.332
2326.279	2323.479	2325.837	2331.437	2331.879	2332.173	2359.876	2411.008	2349.119	2326.869	2325.837	2329.521	2322.595	2323.627	2325.395
2324.216	2325.984	2326.132	2329.668	2332.173	2333.352	2358.108	2406.587	2348.235	2327.016	2327.753	2328.342	2322.743	2320.532	2322.301
2328.047	2327.311	2327.163	2332.026	2331.584	2333.352	2361.202	2405.556	2347.056	2329.226	2330.995	2329.226	2322.890	2321.859	2322.153
2322.743	2326.132	2326.279	2329.226	2329.374	2332.615	2357.960	2400.693	2344.846	2327.753	2329.079	2326.721	2322.301	2320.090	2320.532
2323.479	2325.690	2325.248	2330.847	2329.521	2334.973	2359.139	2401.577	2345.877	2330.552	2328.490	2327.016	2324.953	2323.774	2321.122
2319.059	2324.069	2325.100	2329.816	2324.511	2331.289	2356.487	2400.546	2341.899	2328.195	2329.374	2323.037	2323.332	2321.564	2320.680
2318.764	2324.364	2325.248	2328.932	2328.342	2331.289	2356.929	2401.135	2344.404	2328.047	2328.342	2325.100	2324.953	2324.216	2320.974
2315.228	2322.890	2326.869	2329.816	2326.132	2331.142	2355.161	2398.777	2341.457	2328.195	2327.458	2321.711	2325.542	2323.627	2319.501
2317.585	2319.796	2325.100	2328.195	2324.953	2328.637	2354.571	2399.809	2341.751	2327.163	2325.984	2321.269	2325.395	2325.542	2321.859
2314.196	2320.238	2325.100	2324.953	2326.132	2326.721	2354.424	2401.577	2342.046	2327.605	2322.890	2321.269	2324.953	2324.953	2323.479
2319.354	2322.595	2326.132	2327.605	2329.521	2328.047	2355.455	2403.493	2345.583	2328.784	2324.364	2324.511	2327.605	2327.753	2325.100
2318.322	2323.037	2325.690	2326.279	2328.784	2324.806	2355.308	2402.167	2344.256	2327.163	2323.332	2323.332	2326.721	2327.753	2324.806
2322.153	2324.806	2326.132	2328.047	2333.205	2327.900	2356.192	2403.493	2347.793	2328.490	2323.627	2327.311	2330.847	2328.490	2325.690
2321.711	2324.511	2325.690	2327.900	2329.521	2325.542	2357.076	2405.703	2343.372	2325.542	2323.922	2324.364	2328.490	2328.195	2323.774
2322.743	2328.047	2324.511	2327.458	2332.321	2325.100	2356.192	2408.208	2346.172	2324.806	2324.069	2327.753	2331.142	2327.605	2325.690
2318.911	2327.016	2322.890	2326.427	2330.258	2325.984	2354.866	2405.703	2343.225	2324.216	2322.743	2325.984	2325.690	2325.100	2323.185
2321.269	2328.637	2324.364	2329.226	2331.879	2328.047	2356.339	2405.850	2346.172	2324.364	2325.837	2328.047	2328.047	2325.542	2322.153
2317.880	2326.427	2323.332	2327.900	2327.900	2326.132	2356.782	2403.051	2343.520	2322.890	2325.100	2326.279	2323.037	2320.827	2319.648
2320.090	2325.984	2325.542	2329.521	2330.995	2329.521	2355.308	2402.314	2343.962	2323.922	2327.605	2326.279	2322.301	2320.974	2319.943
2316.701	2323.774	2323.479	2326.279	2328.195	2328.047	2353.982	2399.219	2340.425	2323.922	2324.953	2325.690	2318.764	2321.122	2318.911
2322.595	2325.984	2328.342	2331.437	2332.910	2333.500	2355.161	2397.157	2346.614	2329.816	2327.311	2327.163	2320.680	2322.448	2320.827
2319.206	2322.006	2324.658	2329.226	2328.784	2331.437	2354.424	2392.589	2341.162	2327.458	2325.248	2324.364	2317.585	2322.006	2317.438
2323.479	2322.301	2328.342	2331.437	2332.321	2332.173	2356.487	2392.589	2344.993	2330.405	2328.784	2325.100	2323.037	2324.069	2318.027
2320.238	2319.943	2325.248	2328.637	2329.816	2332.321	2353.098	2390.673	2340.573	2328.932	2325.984	2322.301	2320.238	2324.069	2318.322
2322.301	2321.417	2328.490	2332.026	2333.205	2332.321	2353.392	2394.946	2342.341	2331.584	2329.521	2322.890	2323.627	2329.374	2319.501
2320.238	2321.859	2325.837	2327.458	2329.816	2331.584	2353.982	2395.536	2339.983	2332.763	2325.542	2321.859	2324.069	2327.163	2318.322
2323.627	2322.890	2328.490	2330.405	2332.468	2330.405	2353.834	2396.567	2341.457	2331.731	2328.932	2322.595	2326.279	2329.079	2318.764
2317.585	2320.238	2320.974	2324.658	2327.753	2326.427	2351.329	2393.767	2335.857	2329.668	2324.806	2320.385	2323.774	2325.690	2317.585
2321.417	2323.627	2323.774	2327.900	2331.289	2327.753	2351.771	2397.451	2340.867	2329.816	2325.690	2322.890	2325.837	2326.869	2321.269
2319.796	2323.774	2321.417	2324.511	2328.490	2326.721	2353.098	2397.893	2338.657	2326.427	2322.448	2323.185	2323.627	2325.837	2320.974
2322.153	2324.806	2323.332	2325.542	2329.816	2325.100	2354.276	2400.251	2342.046	2325.542	2322.743	2325.395	2325.837	2325.100	2321.269
2320.680	2322.153	2318.175	2320.827	2326.427	2326.132	2351.771	2397.451	2339.688	2321.269	2318.617	2324.216	2323.185	2322.890	2318.911
2321.417	2323.332	2320.680	2326.132	2328.784	2325.100	2353.245	2399.219	2343.814	2318.911	2322.595	2327.311	2323.037	2322.890	2320.974
2320.238	2322.006	2317.733	2322.448	2327.163	2325.100	2353.098	2399.219	2343.667	2318.175	2318.911	2324.216	2321.122	2322.448	2318.175
2322.743	2324.364	2323.479	2326.721	2332.026	2329.079	2355.897	2403.051	2346.909	2319.796	2322.743	2326.427	2323.774	2325.395	2322.595
2320.238	2320.680	2321.122	2322.448	2327.605	2327.753	2355.161	2400.693	2343.667	2318.764	2322.006	2324.953	2318.764	2322.595	2317.733
2319.354	2320.827	2323.479	2326.721	2328.490	2330.258	2354.571	2402.019	2344.993	2321.269	2324.216	2324.511	2320.680	2323.627	2322.006
2319.206	2319.501	2321.711	2326.869	2325.837	2329.963	2353.982	2400.251	2342.930	2322.153	2324.511	2323.627	2317.585	2324.069	2319.059
2319.501	2320.385	2324.364	2328.195	2328.932	2331.731	2357.076	2401.577	2347.351	2326.574	2326.427	2323.627	2321.417	2324.806	2321.417
2317.291	2317.438	2320.827	2324.364	2324.364	2328.932	2352.656	2397.009	2341.751	2324.806	2322.743	2318.617	2319.796	2323.774	2319.059
2317.438	2319.796	2320.974	2325.984	2325.248	2332.468	2354.866	2396.420	2345.141	2327.311	2324.364	2318.469	2319.354	2323.774	2321.859
2316.701	2318.175	2317.733	2322.301	2320.238	2327.163	2351.035	2392.146	2339.983	2323.627	2323.037	2317.438	2317.880	2322.743	2317.733
2318.764	2320.385	2319.206	2324.511	2322.890	2329.521	2353.245	2393.767	2343.225	2324.806	2324.069	2318.175	2322.301	2325.542	2320.827
2319.354	2319.354	2319.206	2320.532	2322.595	2325.395	2352.214	2388.905	2339.246	2323.037	2323.922	2317.880	2319.354	2323.332	2315.522
2319.796	2322.006	2320.827	2321.122	2325.837	2325.100	2351.919	2388.905	2340.573	2322.595	2323.332	2318.322	2322.301	2323.479	2319.648
2319.206	2319.943	2316.996	2317.143	2321.269	2320.680	2349.266	2383.895	2333.057	2317.438	2320.680	2316.996	2317.585	2320.090	2316.996
2322.153	2323.774	2320.238	2318.911	2325.690	2324.658	2350.593	2388.168	2336.594	2321.564	2321.417	2321.417	2321.122	2322.595	2319.943
2322.301	2324.069	2319.943	2319.059	2325.837	2322.153	2352.066	2386.694	2333.942	2319.501	2321.711	2322.448	2322.301	2321.417	2319.501
2324.216	2325.690	2322.301	2323.185	2329.079	2326.574	2353.098	2388.315	2339.394	2323.185	2322.153	2324.216	2325.690	2320.827	2323.774
2323.922	2326.574	2322.153	2321.859	2328.932	2324.069	2351.477	2384.042	2336.594	2322.595	2320.385	2323.479	2323.479	2321.564	2321.417
2323.479	2326.721	2322.006	2324.806	2328.195	2326.427	2350.740	2387.579	2338.215	2324.364	2319.943	2323.922	2324.216	2323.037	2325.100
2321.711	2327.458	2321.122	2324.511	2325.542	2326.427	2348.824	2385.663	2337.183	2324.216	2321.269	2325.542	2321.269	2324.658	2320.827
2322.595	2328.490	2325.690	2329.521	2330.405	2329.963	2350.593	2389.199	2342.930	2328.490	2323.479	2327.016	2324.216	2327.163	2325.837
2318.617	2326.279	2324.953	2328.342	2327.016	2328.784	2351.771	2385.958	2342.783	2325.690	2324.069	2326.574	2320.680	2325.100	2322.890
2318.764	2322.890	2326.427	2328.047	2326.427	2328.637	2349.414	2388.757	2343.078	2327.458	2323.774	2325.248	2319.796	2325.984	2322.890
2314.344	2319.796	2323.185	2322.890	2322.448	2327.016	2347.793	2387.873	2338.952	2324.953	2321.711	2320.827	2314.491	2325.690	2318.322
2314.933	2319.206	2324.511	2324.364	2322.153	2326.279	2349.561	2390.968	2341.604	2326.279	2323.037	2320.090	2315.228	2325.100	2321.269
2314.786	2320.090	2322.006	2322.153	2323.037	2326.869	2349.119	2390.526	2341.457	2325.542	2321.711	2318.764	2316.259	2324.216	2318.764
2317.585	2318.027	2323.185	2324.511	2325.837	2327.016	2353.687	2394.062	2343.372	2328.932	2322.301	2319.206	2319.648	2324.953	2323.185
2316.406	2317.143	2319.501	2320.680	2321.711	2326.574	2352.361	2396.567	2339.541	2324.806	2321.859	2319.648	2317.733	2325.542	2319.501
2321.417	2320.090	2322.301	2322.890	2326.869	2327.753	2353.834	2399.072	2344.551	2329.226	2323.332	2321.417	2322.448	2329.374	2324.806
2321.269	2322.301	2320.680	2322.595	2326.574	2329.668	2352.066	2400.546	2344.109	2325.690	2325.395	2322.890	2323.627	2329.374	2325.395
2324.806	2325.984	2324.658	2326.869	2329.521	2330.258	2356.487	2399.809	2348.382	2327.311	2326.279	2327.605	2326.279	2331.731	2328.195
2322.743	2324.658	2322.890	2325.837	2329.668	2330.847	2352.361	2401.577	2345.877	2324.216	2325.837	2326.721	2326.574	2329.668	2325.690
2324.511	2324.511	2324.069	2328.342	2330.405	2331.437	2355.603	2404.082	2348.382	2326.132	2325.542	2329.226	2326.574	2330.258	2328.490
2322.890	2323.774	2323.922	2325.984	2329.668	2332.468	2353.098	2404.230	2347.940	2322.595	2323.479	2327.311	2325.837	2327.900	2324.953
2326.132	2324.511	2327.458	2329.079	2331.879	2332.026	2356.782	2404.230	2351.477	2325.837	2324.511	2328.784	2326.279	2327.311	2329.079
2321.122	2320.827	2322.448	2327.016	2326.279	2329.079	2352.508	2404.230	2345.730	2320.385	2322.153	2325.690	2322.743	2322.006	2322.595
2322.890	2319.648	2324.658	2328.047	2327.900	2327.900	2355.013	2406.292	2347.203	2325.542	2320.385	2326.279	2321.269	2321.859	2323.774
2317.880	2319.059	2320.385	2325.395	2325.837	2326.427	2353.245	2408.355	2343.962	2323.037	2319.943	2323.627	2319.354	2318.322	2319.206
2319.059	2319.354	2322.153	2325.395	2324.806	2328.637	2357.518	2410.124	2346.614	2324.953	2321.564	2325.984	2318.764	2320.680	2320.090
2314.638	2317.438	2320.090	2326.279	2320.827	2326.132	2354.424	2409.976	2344.846	2321.711	2320.974	2322.448	2317.585	2319.648	2315.522
2317.143	2318.911	2322.006	2326.132	2323.037	2329.226	2357.076	2411.450	2346.172	2323.922	2323.774	2323.774	2319.354	2321.711	2318.764
2313.607	2318.764	2320.680	2326.132	2321.269	2326.869	2354.129	2409.534	2342.930	2323.185	2321.711	2319.501	2319.354	2321.859	2315.670
2316.406	2320.532	2321.269	2325.984	2325.100	2329.668	2356.782	2409.682	2346.614	2325.690	2324.511	2318.911	2319.943	2325.542	2319.206
2313.165	2319.648	2320.974	2325.984	2322.153	2326.279	2355.897	2406.882	2343.078	2321.122	2322.301	2317.291	2319.943	2324.069	2315.670
2320.090	2322.153	2323.479	2328.637	2325.395	2332.026	2357.666	2412.334	2348.088	2325.984	2325.542	2320.827	2324.953	2328.490	2321.122
2317.585	2321.417	2322.890	2327.163	2326.869	2329.374	2356.929	2407.471	2344.109	2324.658	2326.721	2318.617	2325.395	2326.132	2322.006
2322.595	2325.395	2323.627	2327.605	2331.289	2333.205	2356.339	2406.587	2347.646	2329.079	2328.195	2323.185	2328.342	2331.437	2326.427
2319.059	2323.332	2319.354	2327.163	2327.311	2326.574	2352.803	2400.546	2343.225	2324.511	2327.458	2320.385	2324.216	2326.132	2324.069
2322.301	2325.542	2318.911	2326.721	2329.963	2329.226	2352.361	2403.493	2345.435	2328.047	2327.458	2322.890	2328.047	2328.932	2326.869
2321.859	2324.364	2319.796	2327.605	2328.490	2328.637	2350.445	2399.956	2343.078	2324.511	2324.953	2323.627	2325.690	2326.427	2324.069
2325.100	2326.721	2320.974	2328.195	2331.142	2333.205	2349.709	2399.367	2345.583	2326.427	2327.016	2326.132	2329.374	2329.668	2328.932
2319.059	2322.301	2319.206	2326.574	2327.605	2326.427	2344.256	2389.936	2338.657	2320.680	2321.859	2322.595	2322.153	2322.595	2322.890
2321.564	2323.185	2318.469	2329.226	2328.342	2328.490	2344.551	2391.852	2341.899	2322.890	2319.354	2323.774	2322.301	2322.301	2324.511
2318.764	2319.943	2318.911	2327.605	2327.458	2326.427	2344.698	2390.673	2338.804	2319.501	2318.617	2321.859	2319.796	2317.733	2320.974
2319.501	2320.532	2322.595	2330.258	2328.195	2330.995	2346.467	2394.062	2342.636	2323.774	2319.206	2324.806	2320.974	2322.890	2324.953
2315.375	2319.796	2321.711	2328.342	2325.984	2330.258	2345.288	2388.905	2341.457	2320.532	2318.322	2321.711	2317.585	2319.648	2320.974
2318.027	2319.648	2322.743	2328.784	2324.953	2330.995	2347.498	2392.294	2342.488	2323.332	2320.532	2323.479	2321.122	2321.417	2324.511
2312.870	2318.175	2319.059	2325.100	2321.564	2327.458	2345.730	2390.231	2339.983	2321.564	2317.438	2318.764	2316.259	2317.585	2320.238
2317.733	2320.532	2322.301	2325.984	2323.479	2328.784	2349.856	2396.125	2344.404	2325.837	2322.595	2320.827	2321.564	2324.216	2326.132
2316.406	2319.206	2320.680	2323.332	2320.827	2327.311	2347.940	2394.799	2340.720	2325.248	2321.711	2319.648	2321.417	2325.248	2323.185
2319.354	2320.974	2323.627	2322.743	2320.680	2325.984	2350.151	2394.504	2342.193	2326.427	2323.922	2320.090	2324.216	2326.427	2325.837
2318.322	2321.269	2319.943	2320.827	2321.269	2322.890	2350.003	2389.789	2337.920	2327.163	2320.974	2317.880	2324.658	2324.069	2323.627
2321.859	2321.417	2322.301	2322.743	2322.006	2322.890	2350.003	2393.767	2338.657	2326.132	2322.595	2322.743	2325.248	2327.311	2325.100
2319.501	2321.859	2319.648	2321.564	2322.595	2320.974	2350.151	2392.146	2336.299	2325.395	2321.122	2320.680	2323.922	2324.216	2324.364
2325.248	2324.364	2324.216	2325.837	2328.195	2326.279	2353.245	2398.483	2341.015	2328.932	2324.069	2325.984	2328.490	2329.079	2326.721
2321.122	2322.006	2321.122	2324.069	2326.721	2325.542	2348.972	2393.031	2338.068	2325.248	2318.911	2323.774	2324.658	2323.627	2323.627
2321.564	2323.037	2322.595	2327.163	2328.784	2326.721	2349.561	2393.031	2340.573	2324.069	2320.090	2325.100	2322.890	2324.953	2324.658
2318.175	2321.417	2320.090	2327.605	2326.132	2326.721	2347.056	2391.852	2337.920	2323.332	2316.259	2324.216	2321.564	2321.269	2322.448
2320.238	2323.627	2323.627	2329.521	2327.458	2329.668	2348.530	2395.388	2342.636	2322.153	2320.827	2325.837	2321.564	2324.069	2322.006
2317.585	2322.301	2320.974	2327.753	2325.100	2330.552	2349.856	2392.589	2341.751	2322.301	2318.322	2323.332	2322.743	2320.532	2321.711
2320.238	2324.511	2325.395	2331.731	2329.226	2333.500	2349.856	2394.209	2344.256	2324.069	2319.648	2325.100	2321.859	2323.479	2321.564
2315.228	2321.417	2321.564	2325.837	2321.859	2328.784	2346.909	2387.284	2340.130	2321.564	2317.733	2320.238	2318.469	2318.469	2319.206
2319.501	2321.859	2324.069	2329.963	2325.542	2329.816	2351.182	2390.378	2339.688	2323.332	2321.859	2325.100	2318.469	2321.859	2321.269
2317.880	2322.448	2324.953	2326.574	2322.743	2328.490	2352.066	2390.673	2341.015	2324.953	2320.680	2322.595	2318.322	2321.417	2321.859
2318.764	2322.301	2325.984	2326.574	2324.806	2328.047	2354.571	2393.031	2340.278	2324.511	2323.185	2325.984	2318.764	2324.216	2322.448
2316.701	2318.322	2322.153	2322.890	2322.301	2326.279	2352.950	2394.357	2339.983	2324.216	2320.238	2322.153	2319.059	2322.006	2320.974
2318.911	2321.564	2324.364	2322.743	2324.806	2323.922	2353.834	2395.388	2339.099	2326.279	2323.774	2324.953	2318.322	2323.037	2321.417
2316.849	2318.764	2320.532	2319.501	2321.122	2324.953	2353.834	2393.473	2337.478	2325.690	2323.479	2323.037	2320.532	2324.511	2322.448
2318.469	2320.827	2322.448	2323.627	2325.837	2325.395	2356.339	2395.536	2338.068	2327.900	2324.953	2324.953	2322.153	2323.922	2323.332
2316.112	2320.680	2319.943	2320.827	2322.890	2325.395	2352.656	2391.262	2338.362	2325.248	2321.711	2321.859	2323.479	2323.185	2321.122
2320.238	2323.332	2322.006	2324.364	2327.311	2328.047	2353.245	2394.209	2338.215	2327.163	2324.364	2326.132	2327.311	2323.332	2321.564
2322.006	2324.364	2319.943	2324.953	2326.869	2329.521	2350.298	2389.052	2339.836	2326.132	2323.185	2322.743	2326.869	2323.037	2321.417
2324.511	2327.458	2323.774	2329.374	2330.405	2330.995	2350.298	2389.052	2338.952	2325.837	2324.658	2325.984	2328.047	2322.595	2323.185
2322.890	2323.774	2321.711	2329.816	2329.374	2332.026	2347.056	2385.221	2339.836	2325.690	2320.385	2323.185	2326.279	2320.090	2320.238
2322.301	2325.542	2324.216	2330.995	2330.700	2329.816	2344.993	2386.842	2340.278	2325.100	2320.238	2325.395	2326.574	2319.796	2318.027
2322.890	2324.364	2321.269	2330.405	2329.668	2331.437	2344.846	2385.073	2342.046	2323.922	2318.911	2325.984	2326.132	2321.122	2318.617
2321.859	2326.574	2323.479	2330.700	2333.205	2332.026	2348.235	2388.315	2343.225	2327.016	2322.448	2324.953	2325.837	2320.974	2317.880
2320.238	2323.774	2321.564	2329.816	2328.932	2330.552	2346.172	2383.158	2340.720	2324.364	2319.648	2323.627	2323.332	2320.090	2316.849
2319.501	2325.542	2324.511	2328.342	2331.731	2331.879	2348.088	2387.136	2344.698	2327.163	2321.122	2323.627	2323.185	2321.711	2318.911
2319.943	2323.185	2322.743	2325.837	2326.574	2332.615	2346.909	2383.600	2341.604	2325.837	2318.469	2323.332	2319.648	2322.153	2317.880
2320.532	2324.216	2323.479	2326.427	2328.637	2332.026	2350.593	2385.073	2344.404	2325.837	2321.859	2322.595	2323.332	2324.511	2320.385
2318.911	2322.448	2323.774	2323.332	2325.395	2331.584	2350.740	2381.979	2340.720	2324.658	2320.238	2319.943	2320.385	2322.595	2320.238
2320.680	2323.774	2326.279	2324.511	2328.784	2331.731	2353.245	2384.631	2345.288	2327.311	2325.395	2323.037	2322.743	2325.984	2323.185
2321.711	2322.448	2325.542	2322.301	2325.542	2329.963	2348.972	2381.537	2342.046	2325.984	2322.448	2321.269	2322.153	2324.806	2324.364
2322.448	2322.595	2323.922	2323.037	2329.079	2329.374	2350.151	2381.242	2343.078	2327.900	2323.037	2323.037	2323.332	2324.806	2326.427
2322.153	2320.532	2320.238	2323.332	2325.100	2324.806	2346.909	2376.822	2337.478	2325.984	2323.332	2322.448	2321.564	2321.859	2323.332
2320.385	2322.595	2319.354	2323.185	2328.490	2323.185	2349.266	2376.969	2339.688	2329.816	2323.479	2321.564	2324.806	2320.385	2323.922
2320.532	2321.269	2317.291	2321.711	2326.574	2323.185	2344.404	2375.938	2336.005	2326.427	2323.774	2322.448	2320.532	2320.827	2322.890
2324.216	2323.774	2319.206	2326.132	2330.847	2324.806	2348.677	2376.380	2340.425	2332.026	2325.984	2326.574	2324.364	2322.006	2324.658
2322.301	2322.448	2318.911	2324.806	2328.047	2323.922	2343.962	2374.464	2334.678	2328.047	2323.922	2323.332	2322.006	2318.469	2319.943
2326.574	2326.574	2321.859	2330.552	2331.437	2329.226	2347.940	2377.411	2341.162	2333.794	2327.458	2329.079	2327.311	2323.185	2321.859
2323.627	2325.542	2321.122	2329.079	2328.047	2328.047	2344.404	2373.875	2338.804	2329.079	2325.100	2324.658	2324.364	2320.974	2316.849
2325.837	2326.427	2323.479	2329.521	2330.405	2331.437	2346.761	2372.843	2341.309	2329.226	2324.658	2326.869	2326.427	2322.448	2317.880
2323.922	2325.984	2325.100	2329.079	2327.753	2330.995	2344.846	2370.780	2341.457	2326.132	2326.427	2327.458	2324.364	2324.216	2316.996
2326.869	2327.605	2328.490	2329.374	2328.637	2332.468	2348.235	2370.633	2342.341	2328.342	2325.542	2329.226	2328.637	2323.479	2317.585
2322.301	2324.364	2325.395	2325.395	2324.216	2330.847	2344.109	2369.601	2340.867	2323.332	2324.216	2324.806	2323.479	2322.153	2315.817
2327.311	2325.542	2328.047	2326.721	2326.279	2334.531	2348.235	2371.664	2342.046	2328.342	2325.248	2328.784	2327.605	2325.100	2319.059
2319.648	2318.027	2322.301	2320.385	2320.238	2326.427	2344.404	2369.454	2337.625	2320.974	2321.417	2321.711	2320.532	2320.532	2315.375
2323.185	2319.796	2328.932	2320.974	2323.627	2331.142	2348.677	2376.085	2339.983	2325.395	2325.984	2326.721	2325.837	2326.132	2320.385
2316.701	2314.933	2323.037	2318.764	2319.354	2326.132	2347.203	2376.085	2335.857	2322.743	2322.890	2321.711	2320.827	2323.037	2318.322
2318.175	2315.964	2325.690	2320.680	2321.859	2326.721	2348.677	2379.327	2336.299	2324.364	2323.185	2324.069	2321.564	2324.953	2319.943
2313.754	2312.428	2321.417	2319.206	2319.796	2323.037	2348.235	2377.558	2334.236	2323.332	2319.796	2319.943	2316.259	2321.269	2318.617
2318.322	2316.259	2322.301	2321.564	2324.069	2322.301	2349.856	2379.621	2336.447	2325.100	2324.511	2322.153	2320.827	2323.627	2319.648
2313.901	2315.670	2318.469	2320.238	2322.595	2318.175	2344.846	2376.527	2335.563	2321.859	2319.059	2317.880	2315.817	2320.532	2319.501
2316.849	2318.764	2318.175	2322.448	2325.395	2321.564	2346.172	2376.674	2335.563	2322.890	2322.743	2320.680	2317.880	2322.006	2319.943
2314.344	2318.469	2313.754	2322.595	2325.837	2318.175	2344.109	2375.495	2334.973	2320.680	2319.354	2317.438	2314.786	2317.143	2319.501
2320.385	2324.069	2320.238	2327.016	2329.668	2325.542	2344.993	2376.969	2339.688	2324.364	2325.248	2322.890	2321.122	2321.122	2321.564
2322.153	2323.185	2317.880	2324.953	2329.374	2325.248	2346.319	2378.000	2340.130	2324.658	2323.774	2320.680	2321.269	2319.059	2322.153
2325.248	2327.900	2322.153	2331.437	2330.995	2329.816	2346.761	2380.358	2344.404	2326.132	2327.605	2324.953	2324.364	2322.743	2323.332
2320.974	2325.100	2320.974	2327.753	2327.458	2330.258	2344.109	2377.558	2340.130	2326.574	2323.332	2323.627	2322.890	2320.680	2322.006
2323.922	2326.279	2322.743	2330.258	2325.542	2332.026	2346.172	2376.380	2342.193	2324.806	2327.163	2324.953	2322.743	2322.448	2321.122
2320.827	2323.922	2322.890	2326.869	2322.301	2330.258	2344.109	2372.843	2338.804	2323.332	2322.743	2323.922	2322.890	2319.796	2320.238
2324.216	2324.658	2323.922	2328.342	2321.122	2330.405	2344.846	2371.959	2341.604	2325.542	2325.690	2324.658	2322.448	2322.153	2318.764
2322.006	2322.153	2322.743	2325.395	2321.122	2326.869	2346.025	2373.285	2338.068	2324.511	2323.922	2323.332	2321.122	2321.859	2319.501
2320.974	2324.806	2322.890	2326.427	2321.859	2330.110	2344.109	2371.370	2338.510	2323.332	2324.806	2323.922	2319.796	2322.743	2318.617
2316.849	2319.354	2321.859	2322.153	2319.943	2325.248	2342.783	2369.896	2334.236	2322.448	2323.037	2320.090	2319.648	2321.564	2317.585
2319.943	2323.185	2322.743	2326.869	2322.743	2328.784	2345.288	2372.401	2337.036	2321.711	2324.953	2322.448	2320.090	2321.269	2320.532
2316.112	2319.059	2320.238	2322.448	2323.185	2324.658	2344.256	2371.664	2334.089	2320.827	2323.037	2319.354	2320.827	2320.385	2319.796
2320.090	2323.332	2321.564	2327.163	2327.163	2330.258	2347.940	2375.938	2338.362	2323.185	2324.511	2320.680	2321.711	2321.417	2321.122
2316.554	2320.090	2320.385	2324.806	2325.690	2327.753	2346.909	2372.990	2334.531	2320.974	2320.974	2320.532	2320.532	2322.301	2321.269
2319.354	2322.743	2320.974	2327.311	2326.279	2329.816	2347.646	2374.464	2337.625	2323.185	2320.827	2320.827	2321.417	2322.153	2321.122
2316.259	2317.143	2320.680	2325.837	2321.417	2324.658	2343.225	2371.075	2333.942	2319.796	2316.849	2318.322	2320.680	2319.943	2319.796
2319.501	2320.680	2318.175	2327.458	2322.595	2328.637	2344.404	2371.075	2337.036	2320.238	2318.617	2320.974	2319.943	2318.911	2318.764
2317.733	2316.849	2315.670	2325.837	2320.385	2323.479	2340.720	2368.128	2335.268	2320.090	2315.080	2317.733	2319.059	2316.406	2315.522
2319.354	2320.385	2317.143	2327.163	2321.122	2327.458	2342.193	2372.696	2338.362	2321.269	2316.554	2321.269	2319.943	2317.585	2314.638
2319.206	2318.764	2316.701	2325.395	2316.996	2323.185	2339.099	2368.422	2335.563	2321.564	2316.701	2321.122	2320.090	2318.617	2313.901
2322.448	2322.890	2318.469	2327.163	2320.827	2329.226	2340.867	2374.022	2338.804	2323.627	2321.269	2323.037	2324.069	2320.680	2315.522
2321.859	2321.269	2316.849	2323.627	2318.764	2328.342	2339.836	2370.633	2336.594	2320.238	2319.943	2323.479	2323.627	2320.827	2316.112
2324.953	2324.511	2318.322	2327.458	2324.511	2331.879	2346.025	2374.464	2340.278	2326.132	2324.806	2327.458	2327.753	2324.216	2318.469
2322.448	2325.837	2318.469	2324.216	2323.185	2328.932	2343.814	2374.611	2336.299	2323.185	2322.743	2324.806	2323.922	2324.658	2317.880
2322.301	2324.658	2320.974	2323.922	2324.216	2332.468	2346.909	2376.232	2337.331	2323.479	2325.984	2327.163	2324.216	2328.047	2318.911
2321.417	2323.922	2319.796	2324.069	2322.890	2328.490	2345.141	2372.696	2333.057	2323.332	2324.216	2325.837	2320.827	2325.542	2319.206
2321.269	2323.332	2322.743	2326.869	2327.311	2332.173	2349.119	2378.737	2336.889	2324.216	2326.721	2329.521	2321.122	2328.195	2322.890
2320.532	2322.743	2320.974	2325.248	2324.953	2327.163	2347.498	2375.643	2334.826	2323.185	2325.542	2324.511	2319.206	2324.069	2321.269
2317.733	2320.974	2320.680	2326.574	2327.605	2325.984	2348.088	2377.853	2334.973	2324.806	2324.806	2325.984	2316.849	2322.595	2320.974
2315.080	2318.469	2317.143	2323.774	2324.806	2322.301	2344.846	2376.674	2333.352	2321.122	2324.511	2321.417	2314.638	2321.417	2319.354
2317.585	2318.764	2319.796	2327.605	2328.195	2324.953	2349.119	2380.063	2337.920	2325.100	2325.984	2326.132	2319.648	2321.417	2324.806
2318.322	2319.796	2318.175	2326.869	2328.047	2322.595	2346.319	2379.916	2338.068	2323.332	2325.984	2322.595	2317.733	2322.153	2321.564
2318.617	2319.796	2317.585	2327.605	2330.258	2326.869	2350.887	2381.242	2340.425	2324.658	2325.690	2322.743	2320.532	2322.743	2323.627
2318.911	2319.796	2316.554	2325.248	2326.721	2323.774	2346.909	2379.327	2339.688	2323.922	2323.185	2318.175	2319.648	2320.238	2319.059
2318.469	2320.532	2317.143	2328.342	2328.047	2326.574	2351.035	2379.916	2341.604	2325.690	2322.301	2321.417	2320.827	2321.564	2318.617
2319.354	2322.448	2318.911	2326.132	2324.806	2327.605	2348.235	2379.327	2341.604	2323.922	2322.301	2318.911	2321.417	2321.417	2317.880
2322.301	2324.069	2319.796	2327.605	2324.658	2330.405	2348.824	2378.737	2341.457	2327.311	2320.827	2321.859	2322.743	2320.385	2317.585
2320.827	2320.385	2317.143	2322.153	2321.859	2328.490	2342.783	2376.380	2336.741	2322.301	2318.911	2317.880	2319.206	2319.796	2312.723
2320.680	2322.595	2318.911	2321.269	2320.532	2328.637	2342.783	2374.759	2335.710	2324.069	2318.617	2320.090	2321.711	2319.354	2316.259
2318.469	2318.764	2319.501	2319.059	2319.354	2326.279	2339.099	2373.727	2332.173	2321.122	2318.617	2318.469	2320.238	2318.027	2313.607
2318.764	2320.974	2320.090	2319.943	2322.595	2328.342	2342.046	2371.517	2333.794	2322.890	2321.564	2321.711	2322.153	2320.238	2317.880
2318.322	2315.375	2317.733	2315.375	2319.354	2324.216	2335.415	2367.833	2328.784	2318.617	2321.417	2318.764	2316.554	2319.501	2316.112
2316.849	2315.375	2317.438	2318.911	2321.417	2323.627	2336.299	2364.297	2328.490	2319.796	2322.890	2319.648	2318.322	2321.417	2316.554
2318.911	2314.049	2319.501	2318.617	2323.774	2322.743	2336.005	2362.676	2329.816	2317.880	2324.953	2319.796	2316.259	2323.037	2317.880
2319.501	2316.554	2322.153	2323.332	2325.837	2323.774	2339.099	2361.202	2332.763	2322.743	2327.163	2324.069	2319.059	2326.132	2319.943
2319.943	2314.933	2322.301	2325.100	2326.869	2322.890	2339.394	2359.581	2332.026	2320.827	2325.100	2323.037	2317.291	2326.279	2319.501
2321.122	2320.532	2324.511	2328.932	2328.342	2323.774	2339.836	2357.224	2335.120	2324.658	2328.784	2326.721	2318.175	2327.753	2320.974
2318.911	2317.143	2321.122	2327.605	2327.163	2320.974	2336.447	2353.834	2330.847	2322.448	2323.774	2321.269	2315.228	2324.806	2319.943
2319.354	2320.680	2322.301	2330.552	2329.668	2325.248	2337.183	2351.624	2333.647	2324.953	2324.953	2322.448	2319.354	2324.069	2320.238
2319.501	2318.911	2319.648	2328.490	2325.690	2323.037	2335.415	2349.266	2333.057	2322.595	2319.943	2319.501	2316.406	2320.385	2317.880
2317.291	2321.711	2318.469	2331.437	2327.163	2323.627	2333.942	2347.793	2331.437	2323.332	2319.501	2317.585	2318.764	2320.090	2316.849
2316.406	2319.796	2314.786	2326.721	2322.448	2323.479	2330.110	2342.193	2330.552	2320.385	2315.670	2313.607	2316.996	2316.701	2313.312
2318.911	2320.974	2315.080	2330.110	2326.132	2326.427	2329.963	2343.667	2330.995	2320.974	2318.027	2317.291	2319.354	2317.291	2317.733
2319.206	2317.585	2314.491	2326.427	2323.922	2326.721	2329.226	2341.899	2330.258	2322.153	2315.964	2315.670	2320.090	2317.143	2316.406
2322.006	2322.153	2318.027	2326.427	2325.100	2329.963	2329.079	2343.667	2330.110	2321.859	2319.796	2319.501	2323.037	2318.027	2317.438
2319.796	2318.027	2316.554	2323.774	2320.532	2326.869	2330.552	2340.573	2328.195	2319.059	2316.406	2318.911	2321.859	2316.406	2317.585
2322.448	2319.796	2318.322	2324.216	2323.185	2328.342	2329.963	2339.394	2327.311	2320.827	2321.269	2320.827	2323.332	2319.501	2318.764
2321.269	2315.670	2317.143	2319.354	2319.796	2328.784	2327.016	2335.857	2325.837	2317.733	2319.059	2320.680	2319.648	2318.617	2318.175
2323.922	2316.259	2321.269	2323.774	2325.395	2329.079	2329.668	2337.625	2325.395	2322.301	2323.037	2322.301	2321.564	2321.417	2322.448
2320.385	2313.607	2317.880	2318.175	2320.090	2326.427	2326.721	2329.668	2322.890	2319.354	2319.354	2318.027	2316.554	2317.880	2316.701
2319.796	2314.786	2318.027	2321.417	2322.006	2325.690	2326.574	2331.584	2323.185	2318.911	2319.206	2320.238	2318.027	2320.532	2318.322
2318.911	2310.365	2314.786	2320.385	2320.090	2322.595	2326.574	2327.163	2322.448	2318.911	2319.059	2317.733	2314.491	2320.680	2315.522
2319.796	2315.080	2319.206	2323.037	2324.216	2324.216	2325.100	2329.521	2323.627	2323.037	2319.354	2320.974	2317.733	2325.542	2318.617
2315.670	2313.017	2315.670	2322.595	2324.364	2323.922	2324.216	2328.195	2322.448	2321.711	2318.764	2318.175	2315.080	2321.859	2317.880
2319.354	2316.554	2319.501	2324.953	2326.132	2323.922	2328.047	2329.963	2324.216	2324.658	2318.175	2321.122	2316.406	2324.806	2318.617
2315.080	2314.786	2315.080	2322.301	2321.269	2322.595	2325.542	2327.016	2322.448	2319.943	2316.996	2318.175	2312.575	2320.680	2314.049
2318.617	2319.059	2319.943	2326.279	2327.605	2325.395	2328.637	2331.879	2326.132	2325.395	2319.059	2324.069	2317.438	2325.395	2318.617
2318.175	2318.322	2315.670	2324.806	2322.743	2323.627	2325.837	2325.837	2324.511	2322.006	2316.259	2318.322	2313.459	2320.385	2314.491
2318.469	2320.385	2316.554	2324.953	2325.984	2324.511	2325.837	2326.721	2326.132	2323.332	2316.996	2318.911	2314.933	2319.206	2316.849
2316.701	2318.027	2311.691	2323.627	2321.711	2323.479	2324.216	2324.069	2321.564	2320.974	2316.849	2314.638	2311.249	2314.638	2311.986
2318.911	2320.680	2315.670	2322.153	2323.774	2325.690	2324.806	2325.984	2322.890	2321.711	2316.849	2318.322	2313.459	2316.996	2314.491
2315.964	2318.617	2313.017	2322.595	2321.269	2324.511	2322.153	2325.395	2319.943	2319.796	2319.206	2316.554	2313.754	2313.312	2312.870
2320.827	2323.037	2317.880	2324.806	2326.132	2327.311	2325.690	2329.963	2321.564	2323.332	2322.006	2321.122	2318.469	2319.059	2317.438
2316.554	2316.554	2313.165	2321.859	2320.532	2322.153	2321.122	2326.279	2319.648	2318.027	2321.122	2316.701	2315.522	2315.080	2313.017
2319.501	2320.385	2318.911	2322.301	2326.574	2325.100	2325.837	2328.932	2320.238	2323.332	2326.279	2322.153	2320.238	2319.354	2318.322
2317.733	2317.291	2318.617	2321.417	2322.448	2322.595	2324.069	2326.427	2319.943	2320.680	2323.627	2322.743	2322.006	2319.943	2316.112
2317.733	2319.354	2320.532	2321.122	2325.837	2321.564	2323.922	2327.900	2323.037	2320.827	2325.100	2324.069	2320.680	2322.006	2318.469
2317.438	2314.786	2318.469	2320.680	2322.890	2317.733	2322.448	2323.774	2321.122	2318.764	2321.269	2320.238	2320.238	2319.648	2315.080
2315.375	2315.670	2318.469	2320.238	2324.806	2317.880	2323.774	2326.721	2323.185	2319.648	2322.301	2319.206	2318.764	2321.564	2316.701
2309.481	2311.249	2315.228	2316.406	2320.827	2313.901	2319.059	2319.501	2320.532	2314.786	2314.491	2314.491	2314.933	2317.143	2312.870
2311.986	2317.143	2315.817	2319.059	2324.069	2318.469	2323.922	2323.479	2321.859	2319.206	2317.585	2315.080	2316.849	2317.733	2315.375
2307.565	2312.575	2312.575	2318.175	2320.827	2316.259	2319.501	2320.827	2320.680	2315.080	2312.428	2310.070	2313.607	2317.438	2312.870
2313.017	2317.585	2314.786	2323.479	2323.037	2321.564	2324.216	2326.279	2323.037	2319.059	2315.964	2314.196	2314.786	2319.206	2316.406
2322.890	2334.236	2308.449	2334.236	2338.362	2335.268	2334.236	2339.394	2332.173	2333.205	2335.268	2318.764	2319.796	2314.638	2323.922
2300.198	2308.449	2311.544	2319.796	2316.701	2315.670	2317.733	2314.638	2317.733	2318.764	2304.323	2301.229	2316.701	2325.984	2314.638
2348.677	2339.394	2325.984	2345.583	2327.016	2346.614	2347.646	2347.646	2343.520	2339.394	2338.362	2343.520	2336.299	2329.079	2337.331
